-0.03236933430088123,-0.01854007064011493,0.008548764463893738,0.02617995526236092,0.0210879844753928,0.008833455685067545,0.006901529673882249,0.018259925635731786,0.03748817091351799,0.058508853232562115,0.07399899638253299,0.08713015543413234,0.10231585940316487,0.12049766902245311,0.139414122575403,0.15102286857683142,0.1559489925488973,0.16273163379961522,0.16753067800260532,0.16777880671398965,0.16221049693336556,0.15466588285272942,0.14922855897133355,0.13515104481922155,0.09138668375348927,0.013404346106762556,-0.08148473048850847,-0.16228332910729037,-0.2063706839627489,-0.22177518025983778,-0.22399518856923262,-0.21164144171601884,-0.17031173112989664,-0.12556071983958647,-0.10224973698316805,-0.09397477780543158,-0.09859536413907942,-0.1228467338280689,-0.1734325334168494,-0.24558964595874272,-0.3139857928100535,-0.352210160549833,-0.3495948575529235,-0.30885697096056075,-0.23746282386634895,-0.14958898601165005,-0.060041358733214485,0.014225116268895293,0.06305337077035322,0.08330685536774016,0.07847443417491423,0.05254904605270031,0.016286225240323502,-0.02550139770854032,-0.06835360221105324,-0.10836948133369675,-0.13509321403599192,-0.1360777331810279,-0.11753988395505871,-0.08704382104338343,-0.04870667899853387,-0.004796257304141107,0.042388910022357645,0.08710135034240536,0.12157580752030146,0.13854033117852024,0.1281808169087096,0.09443242947616193,0.05151680139556817,0.012358260860704611,-0.017158364322419625,-0.0365265322683178,-0.045378796393047365,-0.032738029800783656,0.0011194003788841203,0.03484397330893685,0.04467504618208145,0.035602818037801555,0.02051484772430113,0.010621223968925833,0.014111104023152684,0.03551826998904843,0.06762444049067919,0.10302344916432941,0.13640349406633068,0.16928279389399456,0.20158096551590443,0.2302592854115745,0.24724164799248322,0.24886640041281982,0.23756685592356697,0.22346338125203388,0.21259654281720403,0.20779155774417882,0.20902743775092258,0.2057379411109888,0.1964050218670255,0.18825941174572616,0.17836067782531578,0.16499429716760677,0.14777201460693498,0.1238867629713069,0.09016031534689033,0.05167559277973013,0.012452321044537184,-0.049096182597988515,-0.1543191358445395,-0.29502804793801735,-0.40360694352911713,-0.3824715442784999,-0.250008534034791,-0.11896499612622558,-0.030996592247885486,0.021514476167656272,0.04532753179303556,0.044981901082375056,0.023811504280662872,-0.01208660827473596,-0.05025253545554903,-0.0749048900468431,-0.0763667959873504,-0.05058594852636397,-0.0033460248132521275,0.040549485814821214,0.0751979247745933,0.09994032283797907,0.10826941114357366,0.09674214179884451,0.06071809072609399,-0.002260733515039528,-0.0753127113630232,-0.1327665246073605,-0.15284507508565862,-0.14230540338809952,-0.1255771330476016,-0.12515741473090775,-0.1483577982329654,-0.20460062648598262,-0.30228095272421035,-0.42548694970735706,-0.5090689589522588,-0.5178486763980042,-0.47767794163192434,-0.41313203705804785,-0.336082337839075,-0.2527969755732648,-0.1643805650644545,-0.06031392198199503,0.0707600748988567,0.2308022411567289,0.39223415877865253,0.5089642876642593,0.5354587885964147,0.46273964693983205,0.3299332894549106,0.19605416033798095,0.09304503109927507,0.029172832528929965,0.014031652959399704,0.049457348460194034,0.1145938969161766,0.18043369044409308,0.23050607320115435,0.2621850178836837,0.26581215983320583,0.22982740087541303,0.15926541494166246,0.07850545455747372,0.00781407766711485,-0.04335852093379019,-0.06968607831958153,-0.07047987844444786,-0.05379133297596064,-0.031063007670372664,-0.01560027724044456,-0.006745285728711601,0.0017172918945981032,0.018753213009497845,0.05460208383485713,0.10805139350805809,0.16097093536858958,0.20147040061638202,0.22558360841675987,0.22982147768004446,0.20107202375080882,0.13638187530247847,0.05384825166235016,-0.038824101639480156,-0.12273802362036366,-0.152860116044389,-0.12002301389911911,-0.06827243435881397,-0.029009392877564537,-0.004223919033059455,0.010705909022782956,0.021281837266488746,0.03061266755252838,0.04095998102812697,0.0553642801497248,0.07693471325231417,0.10504237184217267,0.12781730602747893,0.13164104502300475,0.12157365289614083,0.1056489551380538,0.08718647754476863,0.06106340615947212,0.014627645112126669,-0.060630150687505366,-0.14366923413382002,-0.14789777423197126,-0.05690017368075641,0.042954256859198375,0.10371932651424204,0.12273614306219034,0.10638756911368631,0.06153500132528298,-0.00658591038480614,-0.10727172345812934,-0.25383057612521753,-0.3767537294619653,-0.3865735029004289,-0.3498284501085954,-0.3115777438043181,-0.28179078287849835,-0.2674377914970387,-0.2763476155325318,-0.30241108055567917,-0.3085832619645804,-0.25436871047671805,-0.16934563552826454,-0.09813866569537805,-0.058161235442661795,-0.0460284359657201,-0.05014231455337028,-0.06052420617518746,-0.06928057514057144,-0.07257291080054876,-0.06836654397260615,-0.059487339070164895,-0.0475873687549147,-0.03177997284892536,-0.009043172522981376,0.022369397214363405,0.06375278261459941,0.11658202661476104,0.18400921764237058,0.2804895878999319,0.40351085165771905,0.4889559090825429,0.4973230233105917,0.45966796093608425,0.408401754430905,0.3606880974277274,0.31769519893215653,0.2798510241760948,0.25050072850646865,0.23152242107687157,0.2202315790010979,0.21098119421045383,0.20535815356175532,0.2134805782993992,0.24373501120830426,0.2717249538913904,0.24030744115777802,0.1893953666161564,0.16767876045282518,0.17106277557229468,0.20361072179026998,0.2526978563927498,0.2899210479710131,0.30702784692514806,0.305891276239752,0.2823673506609695,0.2135333917804467,0.06693800230470452,-0.14906447510189433,-0.32054446080692833,-0.36399984231365684,-0.29446524450685496,-0.16958280625486644,-0.044223615058181974,0.04629121034814272,0.09544094870417942,0.11067935909679406,0.10439905550630925,0.07701070857129293,0.0208397992181378,-0.07951973400464768,-0.21019664389920195,-0.31735518341341207,-0.3597510483021429,-0.3452411499008545,-0.3042415857991741,-0.2599440405127979,-0.22676269210549663,-0.2121394193936122,-0.21286742920277993,-0.22280436391044056,-0.23527866905312395,-0.2320877309119592,-0.1544170791644952,-0.021805178330621882,0.059523925395334014,0.1003085429640766,0.11978255777085339,0.11833733634622878,0.08862992702834534,0.033054378313707576,-0.020296278325939505,-0.05384190714916107,-0.07629941490330422,-0.09749023246919769,-0.12585829925208689,-0.1727394334098715,-0.298122848208371,-0.5061591298549957,-0.05020234106132847,0.03867660745400894,0.08588545681165592,0.12436921655785894,0.16456453544665417,0.2115294986587592,0.2659835803323731,0.32034517066722484,0.35927134867755317,0.35774996731697023,0.2624393153271108,0.10853116688398853,0.007314542490401221,-0.03577175621922973,-0.0384227262299705,-0.010223819875509198,0.03439630169838842,0.07756803081330592,0.1035268335978944,0.1085973959658809,0.09379331487928426,0.06040210168483541,0.01391657711488285,-0.029855346482284786,-0.0453009661222928,0.02246331327995179,0.12976974466926272,0.170578056062487,0.1716253988344882,0.15369285372449845,0.12195526963519251,0.07976807454148875,0.031692722260720785,-0.016747453830478282,-0.07221138425155826,-0.1463552302455482,-0.25608017294422447,-0.3675764844992879,-0.3440291471449145,-0.2413383419314969,-0.14047051913554962,-0.06028537006140273,-0.012412149536017391,-0.012066857512105861,-0.05570894626263167,-0.10422355778280679,-0.10556211188070966,-0.07787620512351313,-0.04842639866645452,-0.02055575311981956,0.008880048962079804,0.03034194851964815,0.02072633149451289,-0.018840141804445945,-0.06755785576271439,-0.12050168205644421,-0.1848174699565966,-0.2645231383659034,-0.348128621405302,-0.4155425574848535,-0.44799216926286756,-0.4200555606815543,-0.3234358513818273,-0.19368638597785673,-0.09024595566390939,-0.049165728858680494,-0.052004492330421946,-0.06099660128016526,-0.05182155346214939,-0.008233642581086938,0.10055698284303835,0.29662059373453414,0.48280764428927136,0.5683635050731333,0.6260426340748175,0.6634069685972934,0.6042046892766078,0.4879425386271978,0.4114101991981242,0.3934525457889308,0.42898674162969486,0.5027049217257942,0.5210183938018909,0.45321024047530833,0.38473301366772084,0.3413014867262881,0.3181190741031766,0.30793752487047305,0.30227812686622063,0.2969073347389889,0.29207242082672186,0.2865756711919381,0.2851011634450499,0.28510381483779235,0.2867510531578563,0.29482179227106386,0.309535177885145,0.3159992597032634,0.30715110305704235,0.28298006490431077,0.2486224965520836,0.2002161255071674,0.12976787419038838,0.0392243125120959,-0.05108145614433744,-0.12439580608544658,-0.16616665146281356,-0.1552315653880162,-0.10759519570843404,-0.06778866037315524,-0.049908020910960714,-0.05264202127363074,-0.07248852346152967,-0.10231230125447223,-0.14150233578893812,-0.19253813256920593,-0.25808847087085807,-0.33775687884336303,-0.41573434011183386,-0.4575655091923097,-0.43290688946547173,-0.3637453419966533,-0.2945280908381241,-0.24192040296728048,-0.20933960712989347,-0.20028183604364191,-0.20957611295132011,-0.22040121443909677,-0.21118759966652806,-0.17252746005347025,-0.11471906863788123,-0.06497362452320943,-0.04246148163341501,-0.04713005672196479,-0.0679025300876729,-0.09257600633712065,-0.11436846566382966,-0.13391583721064867,-0.15394195996975824,-0.17357006283969545,-0.18328533492420415,-0.15239313079662287,-0.07902774419827843,-0.017262845821591995,0.0051531654241811185,-0.007081375844201313,-0.03666311112100767,-0.06907405060699158,-0.09570199843007682,-0.11079531151356671,-0.11166766706474969,-0.09443674221016812,-0.05495453226884767,0.012176382036718695,0.1147556553244843,0.2447951423302299,0.36963545007139875,0.4843870657128907,0.5560637203236986,0.48969267268459576,0.3684749146369642,0.28992402539908757,0.25550198834308463,0.25355359152584456,0.28118951620932797,0.3335391294746889,0.3997807654484285,0.46178921781671534,0.50057830244979,0.50570437669486,0.4762155870341561,0.4278226780324732,0.3894932538545527,0.3823109530305534,0.3980691719191687,0.41685962314097885,0.42552270688401295,0.4136637736547961,0.3740818002502271,0.31561858637379026,0.26669683001115435,0.24039883183092997,0.22580270567045396,0.2054173093340094,0.17032384838362266,0.1294031390589522,0.09156576998831666,0.05157839161599951,-0.007345929039000009,-0.09489982102397862,-0.19188101561671905,-0.2777491444305747,-0.3379730860847575,-0.3764795264078313,-0.40352955789943123,-0.43156696747131307,-0.46866954577614195,-0.5124184584883316,-0.5431078816775433,-0.5443758464310331,-0.522479305590525,-0.5006060165583827,-0.4898379438837627,-0.47825561756938656,-0.45018804208309926,-0.3953165091929457,-0.3229645415802299,-0.25079513820087895,-0.1906606755746607,-0.140984602411753,-0.10016818203779075,-0.07311458026743993,-0.06509580934830117,-0.0630818991248908,-0.053231881937847385,-0.04442679781601151,-0.04538689704562684,-0.05521733396101367,-0.06968724403345845,-0.08560891034969069,-0.09926282567296874,-0.10474653962942908,-0.09968392434072959,-0.08199450527201282,-0.05061433960321955,-0.01565291071367433,0.018016759975723842,0.0486412157380345,0.07572563009164116,0.10234514655657745,0.12641624046468133,0.14948268406153248,0.17031219634696942,0.19585904540238705,0.2319442560279238,0.2857943788712231,0.3608389217289325,0.44140751978412707,0.5102115757374217,0.5527502203239343,0.5564127130099569,0.5183179203390376,0.47181579682563457,0.4321787794978009,0.39722211488649506,0.3558524812703943,0.30832881844289867,0.26365519373742063,0.2236069227756099,0.1900041136884646,0.16377236488590363,0.142236537265498,0.12459224524936754,0.11498699073697613,0.11480452178878463,0.12441009573673323,0.1416637307552899,0.1647462150568379,0.19278956566023633,0.2238900949576863,0.2583774813527178,0.28831299085133594,0.298973882157323,0.2650482508509715,0.19012405033856045,0.12678740443195685,0.09152367863293175,0.0732296132838757,0.05822254372492096,0.04414354920752066,0.03217478028236541,0.019668289299680012,-0.0006562289389378162,-0.04352699548148994,-0.10937647258702796,-0.17425071524548916,-0.21928703754320994,-0.24651173500535198,-0.2635083340174229,-0.2748687383625938,-0.28528600153766476,-0.30700009991828703,-0.34607568931135085,-0.37487325083144313,-0.40486823814759587,-0.46382180162515446,-0.5158811430080745,-0.5177938080075959,-0.4773875132019572,-0.42650684574882536,-0.38010051498587716,-0.3298769125405012,-0.26895814060587964,-0.20983434429836206,-0.1681991403896058,-0.149029702158816,-0.14606390182149398,-0.14751915947344268,-0.14692683179209276,-0.14787511994376415,-0.150155906683152,-0.15320954254777838,-0.15268641139831163,-0.14095544503916219,-0.11411894795648735,-0.07021419135465401,-0.020967071615479765,0.018276569667761797,0.04548357583028655,0.07480810160031949,0.11789551345009798,0.16884271685117372,0.20221564871544034,0.2107288267920447,0.21907576579928767,0.25273228647917667,0.31803296524017083,0.3607392373121791,0.3148402122164895,0.2543510427356222,0.2124261059504183,0.1889795409427813,0.18949170774623572,0.2198957696787099,0.28454358548201747,0.3886846908594715,0.5369049579829055,0.6548801736918924,0.5569316089513849,0.37840348164802334,0.2584753260138778,0.1882895852376452,0.1401123938627368,0.093770055306744,0.03939157801967149,-0.010933495396404853,-0.04764303079006597,-0.053484912205102035,0.049008824789436876,0.17863407888757712,0.2203938047454983,0.24770724239487546,0.2732335238491025,0.293381494907164,0.2888793944079366,0.2138032885789049,0.03415236226203128,-0.1328616806447109,-0.19739984716491185,-0.1861611309908447,-0.1376562547526138,-0.07814853718310859,-0.025493183811901365,0.01047816614931251,0.024087042289459498,0.013229155751320136,-0.016233654120353144,-0.051716358380405884,-0.08144980072643053,-0.09548029445790723,-0.08796364929080855,-0.06469842471985159,-0.036035489217666646,-0.012645504838675645,0.002434910044203805,0.008491294015016202,0.004686907535011541,-0.014299956326869936,-0.05407835929607001,-0.12617454748083265,-0.22264947167627508,-0.31204720897877947,-0.3716932507687696,-0.404836056003019,-0.42158208043350553,-0.4240270105802032,-0.4060643195085865,-0.3558555766443744,-0.2833396810360414,-0.22232762171285356,-0.19593855901808654,-0.20629890554147737,-0.24204277416255118,-0.2736794767120805,-0.2720031217826385,-0.23024899272116894,-0.16327094376441303,-0.08829578222197378,-0.018543114789558852,0.030196944145876665,0.05905723288875999,0.0746675696173648,0.08497900967757596,0.09239308376477541,0.0941049415744858,0.09165555439471938,0.0907305216740014,0.10813280160600275,0.13616768772922655,0.153525366960302,0.153031388409661,0.14367149055953973,0.13540902127813115,0.1326262134986156,0.1346167778035792,0.13541088922223743,0.13335796317555906,0.13433890403722887,0.14883573592478916,0.18282207883551743,0.21749655025328166,0.23885179255940558,0.258529082232129,0.2820022694655668,0.30423041060572054,0.3133572383838305,0.30197803488887787,0.2800942714912216,0.24865936985710732,0.20693884585061387,0.16288343425912513,0.12557864968108046,0.10267893866740971,0.0991324018127453,0.11086607715763136,0.1267164782256092,0.13845063156544818,0.13798498089696315,0.12808088328333928,0.11476175987486514,0.09870474091808644,0.08247995469632588,0.07371399827656455,0.08307767622126215,0.10732556735787474,0.13726716490850951,0.16798105476418412,0.2021391219448765,0.2401035934341756,0.27538017495732064,0.2798537347080177,0.2102291748859543,0.0942212709243175,-0.007128752916579753,-0.08201361061338408,-0.14495594770429496,-0.2146990731263464,-0.29121927080060345,-0.358714586569757,-0.40051058239284176,-0.4136931860231319,-0.40099731258371996,-0.3720610450361034,-0.3389013886297377,-0.31622560951289064,-0.3051491038470011,-0.2993415164522219,-0.2939439435764859,-0.28949385922189474,-0.29670422867253815,-0.32132615773410433,-0.35564262582731876,-0.3753089194239182,-0.35046306013141415,-0.28277545496624923,-0.20241541755353434,-0.1289214546035565,-0.062491560223264866,0.004209811898446663,0.07802410003189778,0.15885460283466712,0.23813906958522307,0.30439908318808734,0.3497465627666263,0.37222192472237403,0.3722989379783637,0.33589802367560856,0.2652983378555057,0.19002156436021883,0.12268323118326281,0.06095931626821001,0.020539489850868297,0.015386055148809112,0.03559566836380962,0.058914820998546225,0.05661879681361082,0.02556716675779762,-0.005271460837000309,-0.020979480754766366,-0.02493407207279483,-0.020600761898042788,-0.01079346493262161,0.006216660293365261,0.031488317360981614,0.06634625769498764,0.10626201207625617,0.14863917171522886,0.19813227837026204,0.26110552090373906,0.3201547413434813,0.3547918652800887,0.3446207069012578,0.2968085514616429,0.23833129809136777,0.18632937231159755,0.14899389938096647,0.1323821628973593,0.13435671341963004,0.15068862445193448,0.17810741272973793,0.20495383457334007,0.2289064339912073,0.2561103578534702,0.29584501267973395,0.3565725747165162,0.4324069718752091,0.38237603639781353,0.05395315372863432,-0.16082898480508653,-0.29346652139744517,-0.41154340425154484,-0.5417219056521012,-0.6335014359826897,-0.5878504639647715,-0.49384620826782993,-0.4409348364177758,-0.42976363200154516,-0.4353794472255752,-0.416625631137513,-0.34891018762040754,-0.25000482672896257,-0.16658801749365137,-0.1134294132628027,-0.07915213307035385,-0.04752975003252003,-0.011081421289158792,0.022202714537825786,0.03260071007955963,0.003328362341740861,-0.05393217798410399,-0.11735087398234635,-0.16226169333688067,-0.16922643418145036,-0.12838512334450922,-0.04532657948477409,0.05265629464777089,0.152855750532327,0.2541812248405235,0.350835553132977,0.39488542353424816,0.349131572690305,0.27032112468643094,0.21307004192595047,0.1930254682768343,0.2205053708871714,0.2830846107093073,0.27175145956523045,0.06183861527374647,-0.14456468155278698,-0.24497773429277825,-0.28142270379860523,-0.28920682141808957,-0.2803846138139672,-0.25186521485150143,-0.1860635195474549,-0.07592934556420163,0.026862065918158564,0.08913167547166852,0.11640941107323681,0.12329272639449802,0.11337390316243806,0.09128936730068721,0.07117839586971396,0.06793601581913736,0.0833060973761508,0.11163706358377151,0.14585057493363954,0.18443809120057306,0.22937554262528426,0.28454837795221705,0.353176569344051,0.4357749080665345,0.5078354808160754,0.49957465046485816,0.39932531563052,0.25527536160478115,0.1119739502386346,0.01075922712946982,-0.024480100261102082,-0.019475625541092237,-0.004030952765345677,0.01098285477392883,0.023240655629940994,0.03343223709764174,0.040788462702266326,0.042482501745608844,0.03150203668654758,0.004995274014531595,-0.028666103739035,-0.05635755953147367,-0.08022236176845457,-0.10569577988520751,-0.13359575622883285,-0.15858241022100114,-0.1725944000496599,-0.17189043635058754,-0.17261514290713972,-0.2021128858357477,-0.26875589680086265,-0.35585093653813343,-0.4352739738225344,-0.48367227266537255,-0.4919200478077372,-0.47557482594578077,-0.440789845986014,-0.37530843756432564,-0.2786939966190567,-0.1788445528159674,-0.09965847577440055,-0.049159141197459996,-0.02576196455801856,-0.02182483733109931,-0.025593303451533753,-0.021529151620495016,0.005515382015068214,0.040632211892831824,0.06950918398378887,0.08722907875177309,0.09783141656795925,0.11056452745331852,0.13236018832149984,0.15509775519295343,0.16829260390565168,0.17134767353999714,0.1707197590996824,0.17425017030068682,0.1853049288324268,0.19992698199517783,0.21785218644927945,0.22739450848979353,0.22327157927806546,0.20992044754891515,0.18937770742611104,0.16810537740808099,0.15812162180735806,0.15870440421299215,0.16840324393030814,0.18481080350280676,0.20432228637450833,0.2221076070952413,0.23801724228477347,0.2580564910926599,0.28074552555649246,0.28495529601242425,0.26081206778467586,0.2198873249651607,0.16956769494129484,0.1152660284043093,0.06346949053378705,0.014720907947899984,-0.03374191391322598,-0.08309002907096777,-0.1234896322433439,-0.11022380926018145,-0.0491347209860743,0.0021168167381526905,0.0363524599200069,0.05948507147915659,0.0776262476386892,0.0992772914988874,0.12868619760270153,0.15666913402126226,0.17795108654336997,0.1975863263094508,0.2185642312441621,0.22986167769603708,0.21499077083827034,0.16017867398056118,0.07224926078769442,-0.01561154392662577,-0.08036302035779348,-0.12101151061130418,-0.1406716630563097,-0.14983332988013032,-0.1575254682620036,-0.16687777650898586,-0.17584770126621643,-0.1805055501749343,-0.17916478052091517,-0.1706455787464219,-0.1558555296131703,-0.13855057515886765,-0.12626425671929778,-0.12035558191119725,-0.11458930828359534,-0.10279253523383336,-0.08225662766517637,-0.05499124130115418,-0.03053259895211597,-0.02893105244706587,-0.0581948596718228,-0.10970709523807587,-0.17062916778252613,-0.2409239050886246,-0.3252869339545422,-0.3885372457111954,-0.3984305277261605,-0.38415167415027834,-0.3644168452927982,-0.3359736600001924,-0.29440228470567265,-0.24751087381229073,-0.21251071393948676,-0.20475755971718515,-0.21292773934848977,-0.21818263952176792,-0.21612603597688565,-0.21063368099627708,-0.19835311573605532,-0.17183106059494818,-0.12168457144951651,-0.030889492703139957,0.06469130469788652,0.1133742028266119,0.12631686243368576,0.13583903046888754,0.1581214063250828,0.20368669036956905,0.2715357160606703,0.3451512873696055,0.40020129898962536,0.4160557345708666,0.3809372552541992,0.295282014993171,0.19233394831572073,0.11598777114103231,0.08295529100622083,0.08309979304626959,0.11192039484064044,0.16328690888471137,0.22596082124568562,0.282029876880837,0.32110663655287686,0.347932691955622,0.3728396886478755,0.39830076496345646,0.4213922546942412,0.4368343471885179,0.4311275221821059,0.38781167111118786,0.30457388508350786,0.19438629210435476,0.06832057661859339,-0.057594552370508305,-0.1515258469953733,-0.20030032640307263,-0.22344421822317156,-0.24308676485580347,-0.25632374755594,-0.2512634091133749,-0.23387337260587396,-0.22203563625918113,-0.2272544748591344,-0.24790236624909484,-0.28438207885689787,-0.3351700745041792,-0.3980102821331046,-0.4640825524524919,-0.5201273226641262,-0.5483025748912924,-0.5370857952877229,-0.5005424318454692,-0.45932349367481284,-0.4261459033240295,-0.3959697672472144,-0.3519414314196735,-0.28395378881966743,-0.2012290542948665,-0.13012647064708788,-0.07618060270847157,-0.028976380127042106,0.027311112961014548,0.10327586431663885,0.19014093779663638,0.26542613549387034,0.3181093103830588,0.3586270644676517,0.3952801436445632,0.43785150910697196,0.476764126630812,0.4954495980088324,0.5032540799374821,0.5024342378444394,0.4834730030435116,0.43110879316922096,0.33940146277897576,0.22968515742235787,0.15061181511303243,0.13366590722500749,0.17475191767715162,0.24962483534351623,0.2915513346507012,0.24568934729737957,0.16679568974763795,0.09932074247003292,0.05389863747926437,0.02709788594668068,0.009316491312366311,0.0010283356040867975,0.00024811078493686963,0.004952819514314847,0.009851693344161987,0.012013234048934179,0.00723098996629085,-0.0026705442829381264,0.0004489271794119278,0.053910693164275866,0.08784711136834715,0.10389305831497604,0.11468694454913499,0.12278320935073926,0.13040677816508967,0.13528175432659972,0.13098540223346306,0.11787030775575089,0.10135401797701742,0.08520638977873538,0.07869177325170032,0.09262781932402739,0.1346690313260998,0.2050935865756938,0.26416154988104673,0.24333877015305544,0.17943427034087867,0.11631653554622702,0.05244144638207376,-0.019959539599587,-0.0918118567622197,-0.15938124883379254,-0.22734888775082904,-0.29811466316486407,-0.35907609353586506,-0.39916709758856533,-0.42038519280484443,-0.42596310673690735,-0.41702951343845795,-0.3945902575392944,-0.3719607528994117,-0.3669507739240753,-0.3860701766479311,-0.41234941849877854,-0.3902823140526681,-0.28845842121103377,-0.18328331369367423,-0.10847409278388291,-0.05483675197080096,-0.012521424036124964,0.02164147116300325,0.043921655852825155,0.04566518715955602,0.019160533144500547,-0.03071203783436955,-0.09274247028325307,-0.14669638964468548,-0.1726111730310523,-0.16712829746425656,-0.14845768951378213,-0.13790710891159425,-0.13806578786325205,-0.1397919684541324,-0.13231975052503503,-0.1130619249392696,-0.08145946205432798,-0.054881445394483544,-0.03973028892119125,-0.026496741326580333,0.002972489817201769,0.08452169963172301,0.23574980339961116,0.35770711841827807,0.4114365690239482,0.4338162766846256,0.44546205988416493,0.45105991460600564,0.4459541568125235,0.4276810617569028,0.3949083657951416,0.3512345402919305,0.304490269007111,0.2553787101632172,0.20052709483413694,0.14707640426176544,0.11992103684251601,0.127587317034104,0.15452685978802816,0.1773174315201691,0.18673997485340704,0.19458696596859634,0.21053734966455737,0.22635926095375244,0.230080082287752,0.22003236843207813,0.19898753945159298,0.173598040682945,0.15588353381306466,0.15004614093933177,0.13997432417498437,0.10255321068443843,0.052514887872089626,0.008284145812596093,-0.025276986528007583,-0.04350864120555972,-0.043812787834954244,-0.02956725008253042,-0.01531142802724729,-0.024647121662805974,-0.0823884668700395,-0.19901029026984035,-0.3312079547808821,-0.39318802696949684,-0.37797313329170973,-0.3298985242473126,-0.27636661328238415,-0.2249407441234591,-0.17234973685269214,-0.11921190992190124,-0.07343797735287841,-0.044645421426888,-0.041064132559222075,-0.07111006606011445,-0.1387556402061948,-0.23257044588715262,-0.3206954236911402,-0.3730095469205658,-0.3895847034712089,-0.38850693531327785,-0.3835168108945351,-0.3793702113796742,-0.3722955341290935,-0.33760429970145883,-0.24840907170643775,-0.15920130751726802,-0.09775312484768603,-0.0464182129109776,0.007939276990520248,0.0651652196620651,0.11189745732698755,0.13209606428163773,0.12196391674770854,0.09939153890725859,0.08515501008341957,0.0893693963237558,0.1168564195900802,0.16109121193112014,0.2094608511193195,0.24408442642946873,0.24585150466507733,0.2187701659573833,0.20512863026544786,0.2326267463504266,0.2887448671473065,0.3454808964408683,0.3899734572081151,0.42203710180788623,0.4536184690676916,0.5046493897525128,0.6004433480111655,0.7211721566629907,0.6865910832958538,0.5267709438158984,0.42129538051013654,0.38462122734451387,0.39315814218311257,0.42227995127084866,0.45157763545433993,0.46529058461215334,0.4436320012367756,0.3701532682548807,0.24288738694908024,0.1117131047832777,0.00555167036441902,-0.07335160666053189,-0.12820009292813167,-0.158227642517614,-0.15085810663048038,-0.09864603195978294,-0.03759925189780699,0.0071885570280127795,0.036577349667808186,0.054298791312133256,0.05829727034303926,0.04317321530139527,0.002227089317257597,-0.0637131813377333,-0.13271452882883608,-0.17832193701104407,-0.19703529160721894,-0.20261938029986157,-0.20941837726928175,-0.2240156608153737,-0.24949637794087137,-0.26946555943636985,-0.2634634220552141,-0.24088991634204857,-0.22343500625745022,-0.20953743980300596,-0.19233164003812514,-0.17773356381488986,-0.16332457398049005,-0.15237578118493855,-0.15120975950163607,-0.16751717315210785,-0.1993907218411535,-0.2294569175289881,-0.24667263983160306,-0.257377929229176,-0.2579258223132321,-0.2508066676737489,-0.2447670226494377,-0.25351967245383245,-0.28561080729789073,-0.3226005879611302,-0.33437977144516545,-0.3240707358019095,-0.3041277295317077,-0.2782846471260669,-0.24555379726050322,-0.203506195544684,-0.1578139088573194,-0.11219428739199738,-0.06009755134759459,-0.0024253101725913682,0.05383499683447546,0.10264004605359246,0.13725546437205016,0.14885141627826592,0.14264720690408933,0.13330953431379627,0.16382981165543908,0.3178307571709981,0.38033882181951306,0.34634499657119344,0.31634854930992873,0.2794140993276889,0.2335923222184573,0.1836731546334063,0.13906852413210227,0.10548701691468942,0.08714763696595164,0.08801920759492302,0.11244298502132598,0.16423955316793418,0.24295431997935862,0.3350340260793024,0.40857258166867094,0.43178114342538165,0.40226233430926156,0.34872010907306317,0.30779734300192685,0.29084608257493455,0.2880866150711115,0.28028630860882503,0.2557632002356188,0.21111274623505294,0.15350881251261062,0.08938003967457582,0.014392387820953142,-0.07791216860922902,-0.1762725926591004,-0.2560098595114441,-0.3292999399582178,-0.40509252239762206,-0.4030846466529473,-0.29132052038284373,-0.17566523015831306,-0.11499063677685632,-0.10018260862978758,-0.11392171449754226,-0.13985535365710666,-0.17358738444277017,-0.219898006489535,-0.2820104082029414,-0.36730677047336585,-0.46742811128905565,-0.5585877566791928,-0.6199592829113701,-0.5768954052845267,-0.377205254423211,-0.1692988231767024,-0.008727753253058228,0.11292545946718377,0.19849663047603272,0.22585414681286461,0.16103575908132203,0.083148847266205,0.055115029017245076,0.059530898085378675,0.0655144430187391,0.04917179965220609,-0.0029790920661096707,-0.0817184447893374,-0.15615632983560446,-0.19050158568075914,-0.14152828187986163,-0.05285230791426969,0.00783287847178371,0.032032868525707484,0.028483732348104213,0.009167081327871304,-0.009871710623860207,-0.02984100122458205,-0.05567628084721937,-0.0943771956800309,-0.15070613274363587,-0.22446765586633252,-0.30534212231088353,-0.360288247185815,-0.34973430068000694,-0.29939306733226734,-0.2529227700715325,-0.20298861689873232,-0.12257797989238199,0.002564280025413539,0.16318374707203398,0.3164261889934154,0.42645357020383656,0.4311848679014794,0.3542391444844794,0.2826434146747129,0.2441611915672384,0.23694352775836236,0.2598003306005628,0.3121468703735783,0.38875931022323634,0.47303164744730725,0.5318978870019472,0.5431936514675804,0.5127424202859269,0.4581417179489167,0.38686365938991696,0.29864188084062876,0.20431042097306254,0.1233716448224571,0.05991182744789028,-0.004336477445074536,-0.08122852337250872,-0.15996461273606077,-0.22725140119380452,-0.2714788397840229,-0.2900933224931339,-0.28386816977495954,-0.2668284657425156,-0.2520019902049073,-0.23887640526505846,-0.21199006040767177,-0.1565754270478971,-0.08337449447056373,-0.03967121352289404,-0.03692329322703658,-0.0634780877024901,-0.09908870612858536,-0.1327677091263504,-0.15822193491082517,-0.16604979998223707,-0.1596845860785487,-0.14270006856594733,-0.1237870394164946,-0.09781458178463684,-0.06491921681743877,-0.026761703136265594,0.003673206412718426,0.017873872729407356,0.019373201996073626,0.01682916569000965,0.010336834178575064,-0.012130839101260919,-0.07071020053996963,-0.1753519305636418,-0.30042858030751346,-0.4248986602100702,-0.4724983537677849,-0.3554612327846706,-0.18586517510893025,-0.03751417080071706,0.0927520621481571,0.21445078570908657,0.3294297315672554,0.4219307967696952,0.44717810200461977,0.3816640792407239,0.2667936992125888,0.18364546899270018,0.17803817144478895,0.2445833679417293,0.30874014753384066,0.2887346756619615,0.23223027323124756,0.1922528038689937,0.17663403947687822,0.1820929949676628,0.21057892578602988,0.26234779518598517,0.3292580901514749,0.3886644039364969,0.4089685382213992,0.38137610708493397,0.3339820935953833,0.2903631289945419,0.258171526959458,0.23666063426021824,0.2223939470117444,0.2139069023859964,0.20685348940726908,0.19707545712506674,0.18454962957299934,0.17345839272955446,0.17052342453577377,0.1753503170811719,0.18325059153434717,0.18239281605666124,0.1667955257474882,0.12252856559083686,0.03873168010738082,-0.0670644142318282,-0.1514707823312435,-0.19547979687335465,-0.20522564363017323,-0.19236480942737513,-0.1563925087259018,-0.1007058697352497,-0.04814095914087913,-0.023211845933089528,-0.02690927388551079,-0.045748808862094745,-0.06747023305924384,-0.09325881539985606,-0.11967847471732827,-0.1433510752384413,-0.16448279826851908,-0.18611353535466899,-0.21061396015258346,-0.22382672158723496,-0.23086262548361175,-0.2504640818363075,-0.28835100544414966,-0.3518425618153524,-0.4664336875552026,-0.662575601357912,-0.5532616130880789,-0.2652311587739304,-0.1258279756504802,-0.05633617718805317,-0.018005259563559924,0.0036971026796309607,0.01765053133782153,0.03088570149324501,0.04399454790995838,0.05456499021406601,0.05919968750989721,0.053689616658005014,0.04416396624154347,0.0439743457820352,0.06512030093769544,0.09834445080123062,0.12905636709667434,0.1565791632442041,0.17767239676551727,0.18901709649090193,0.17887137489205365,0.15473314034948307,0.12006463740793265,0.08293483002084542,0.06191400141848026,0.07182700517140306,0.1278277195571606,0.220140180467666,0.31748641925046794,0.38817228071597676,0.42189494125961063,0.41529220673725975,0.37002747133155595,0.2947102354992231,0.2059459278090418,0.12334483265419821,0.06020545418235057,0.021676228364357716,0.0012703608495670635,-0.0036386883374483997,0.011106807863637796,0.04996691357257365,0.10224230429467937,0.13454880848185474,0.13636049162332994,0.11450200539862143,0.07903368580488714,0.04795478581663408,0.03115801268434678,0.03166343238604758,0.04039111841288188,0.0420708530836802,0.02238686336934449,-0.01664035065328476,-0.06024583487220487,-0.10024443801167265,-0.14201015967112077,-0.11783144896469512,0.032390351483077486,0.07113438920619798,0.0835654316976783,0.0869475769044539,0.08481753884362259,0.07698454314122666,0.05921551850346276,0.025411086386161394,-0.028236135549632235,-0.10313343675900374,-0.19001279336525428,-0.24243906610344093,-0.2257243765624542,-0.18283664335736932,-0.17801731061366424,-0.21506978289269368,-0.25441518546349146,-0.2788528935147746,-0.2929090724614498,-0.291518703712988,-0.27130980072902044,-0.23263884835265553,-0.1877389645246064,-0.1472000230294878,-0.11242487672529666,-0.07900913985147238,-0.030073684586541114,0.027666621381017723,0.04856943903458494,0.036430569478143146,0.008766386915110233,-0.028115236292047173,-0.07540546334890598,-0.12921765633165844,-0.17810422555957497,-0.1943502935393328,-0.14460362483780845,-0.03399105882904194,0.0707717586657377,0.1162516245219423,0.10562795009552925,0.07711935855974346,0.05477437591558724,0.04423233725882896,0.039339595267110374,0.0306970016444506,0.01483598588327067,-0.006804201364864064,-0.032756524961628106,-0.06351732339453292,-0.09221589651777565,-0.1063174770772903,-0.08560455077404594,-0.008849985547137972,0.1073518308215034,0.17190086883914169,0.19379142758180398,0.21474290260199347,0.2529898626241903,0.32059165861078653,0.4169954488856649,0.5044623019221217,0.5294153071973239,0.5088632185507941,0.47485247341042164,0.43047379463900753,0.3796996006782233,0.3320106303766298,0.2921412381988837,0.26756881220964696,0.26155279920516533,0.2651130605905213,0.2462586421361473,0.1919359472307028,0.1262368285349761,0.0633056836888535,0.009681461326492025,-0.03074479358327364,-0.054894749126489215,-0.0670168355736453,-0.07667034308288291,-0.1005123259621238,-0.15546126114746545,-0.2517805838242275,-0.3795407570824415,-0.480822399248039,-0.5197141629669833,-0.5173716344565443,-0.5020252263096486,-0.4866530312765586,-0.4761904913310872,-0.47427521246507887,-0.47230473813100426,-0.43310828760334086,-0.3434517895572883,-0.2522153004529128,-0.18941751509620486,-0.15585947630956923,-0.14503001200032486,-0.1530919086937388,-0.17085717810458304,-0.1840439646505145,-0.1880177391132161,-0.1906193331024435,-0.2036654730143639,-0.2289112575405491,-0.24672320705750897,-0.23381157181637457,-0.18682374608735852,-0.12495785350907264,-0.062059663058876335,-0.0014054601709511257,0.05454669237653808,0.10200237252712069,0.14434839978055528,0.18698666033255565,0.2357975234590674,0.2971730705867025,0.3651712990818756,0.4219201092032457,0.4562978086785137,0.4659936955877975,0.4421076181682844,0.37492464765152556,0.27766917838373184,0.18228371980470112,0.11404807121383034,0.07820429911793338,0.07386968505455661,0.09308786922443663,0.12340513602462516,0.14938462862863705,0.16510324731037088,0.17380146254309672,0.1848165742407277,0.20598477834159323,0.245404413209271,0.31483652988431626,0.44174955490564727,0.6134967542866235,0.5249274676791904,0.36278647483397763,0.2810030550612851,0.2438693769261974,0.23014601219275155,0.23566713829323818,0.26389694408001074,0.3183800366563929,0.39953306398293614,0.483574688672249,0.5086653493905704,0.4449224574246671,0.32889318639317344,0.21064321319662407,0.11578664826312664,0.029331857600735915,-0.0809662119256897,-0.2528485921041906,-0.3308574289722649,-0.2830646790012569,-0.24338057555104725,-0.22590318707405485,-0.22577299194723643,-0.24007256617664643,-0.2663118871173352,-0.3049609209970653,-0.3386158646150915,-0.32624622576234164,-0.26677169336114215,-0.2000636644579304,-0.1504644968695405,-0.12997777947275985,-0.14245752057795344,-0.1810460502099063,-0.25000327530143124,-0.36122243771102497,-0.43336640873981735,-0.31520677232260613,-0.20442217109386063,-0.14761387886791372,-0.12682892249075775,-0.13322301655012697,-0.16394794184917116,-0.2116654426424115,-0.2501854982900273,-0.2600160421871749,-0.25138652895191854,-0.22704321453181547,-0.16844594268754814,-0.09410707188586169,-0.038049807392578544,-0.005208331981203481,0.007328175042984839,-0.001634299450439897,-0.04705366108570799,-0.1397299880281598,-0.2547397983178247,-0.3373571174704578,-0.3602505867008526,-0.3404083262320624,-0.294929525421952,-0.23141225385345066,-0.1585904642214612,-0.09561331276446836,-0.059968147564912706,-0.049652240094933506,-0.05069779513374073,-0.04886862767823999,-0.039295042964505686,-0.023984606002549477,-0.006503777917587354,0.015362040752748161,0.03841507043533826,0.059895153758937156,0.0789660574746968,0.09129068422708664,0.09284999961565842,0.08223117896348155,0.06655781282581269,0.05306176322181387,0.04747982048792319,0.04459329735657373,0.02991064006550603,-0.004681773236538174,-0.04399474614362377,-0.05744036581943481,-0.030800005071249744,0.02731916802223029,0.09250060735363738,0.14427390930761902,0.17847948189107637,0.19343374633184343,0.18812697984419827,0.1669408217434613,0.13672340305165182,0.1097927271460131,0.09637023945791488,0.09310872298919766,0.09283548951071675,0.08910096058224072,0.08146804329227408,0.07195574965719705,0.0636325049559372,0.06631610081451902,0.0897350454599712,0.13129053162181817,0.17497990703635546,0.2029154847440173,0.19442219713778824,0.14825407661385007,0.08272819102809321,0.015381907543699802,-0.04954598740961657,-0.11626548451130032,-0.1758205397357555,-0.21294873117425922,-0.21464481368141047,-0.18453447245698157,-0.13091845098271937,-0.06978683258546532,-0.016745435784133147,0.01601011471489523,0.026391318941875193,0.01253469037149167,-0.015448685450730016,-0.04656449715315763,-0.05585937843954086,-0.023756824301020715,0.025639908157010213,0.06501109184031321,0.09501953010798968,0.11287330971118406,0.11261815167528878,0.0831676280103353,-0.01763683394150687,-0.2934860651477217,-0.45167889758514984,-0.3857757124005085,-0.30689174544989206,-0.21084127959575888,-0.09310876899271418,0.02358023410064083,0.10353802072714564,0.1339857908702431,0.1290037506416765,0.11476206293342336,0.10708281594278753,0.10659902473032166,0.1015835092342849,0.08418337033330311,0.06315567487949295,0.044817517433102784,0.029766827673226293,0.023630866786088833,0.029665423332970776,0.06205247449269896,0.1447961390677957,0.24218526887105352,0.3027974611022326,0.33036790887967865,0.338248257533951,0.33851419086602375,0.33372358817216446,0.3209551613264816,0.30044901807301383,0.274910585530696,0.25181835730525776,0.24049368360453538,0.24569977222951148,0.25770675161901474,0.2591054168986187,0.2476642552449463,0.23152254239310083,0.21325418339246768,0.1870767524381718,0.14388463252583034,0.08135411062408068,0.010183089117145865,-0.05556331192641029,-0.10639214509386001,-0.1410910438330507,-0.16508995591270098,-0.18883340975658208,-0.21400672756277056,-0.2381388260846789,-0.2631513234672378,-0.28076814075708795,-0.2670014356126033,-0.21562300077981517,-0.15937567475423567,-0.1206132654909175,-0.10126504934265233,-0.10021703581689516,-0.11835374135412031,-0.15487529800581043,-0.19332886106867372,-0.18513991351124395,-0.1505161442236851,-0.1592887165449362,-0.21432784830147375,-0.2672993237047203,-0.31697335205590604,-0.37462305372512616,-0.41412467806019343,-0.4059589822049143,-0.35066659899311114,-0.27355679646434133,-0.20386270247216276,-0.15579632963660855,-0.12769866918278552,-0.10922072499711774,-0.09070630803524184,-0.07015420373914906,-0.058021034356784386,-0.07820870226247201,-0.1423324232385618,-0.2156979549020199,-0.2610233235782371,-0.2622685097344589,-0.21365904227500004,-0.11955643910548763,-0.007326116466072677,0.08222270260221991,0.12515546700160388,0.12510222343104838,0.10574369495520128,0.09391971347087812,0.09839868307825175,0.1107121391259994,0.12349735510132305,0.13601291018037825,0.14959827973224876,0.1658200966642907,0.1842932380593158,0.2082513257226129,0.23161236470830662,0.24156316931062022,0.22575526671227536,0.20201394650737692,0.1903332342651071,0.1974296154678232,0.2188427784655209,0.2515754117116563,0.2931903451260483,0.3362297966591421,0.36104461323514486,0.35102819148344233,0.31446972708953175,0.2722198602150109,0.23865017367126218,0.21633619514247407,0.20743787372853342,0.20628318309953458,0.1990775652345973,0.17989358051749837,0.14880745461194234,0.11411093013278918,0.08169314263663115,0.05859528094722469,0.050278926354944006,0.055347399572568505,0.06614731906189468,0.07011749554307736,0.0645247573044339,0.05768392471996437,0.0636812509512654,0.0861851356431098,0.11897250625866633,0.14720633516779022,0.1508712205682934,0.11045782601878444,0.01500998737136635,-0.11633317953895811,-0.24571509663598734,-0.3507785880810262,-0.42904964031305115,-0.48747851640860124,-0.5283055620631022,-0.5412407397544658,-0.5211444581377819,-0.48155881779602433,-0.4458191000579777,-0.4198873050199598,-0.3961127221356011,-0.3665101210113423,-0.3310436919583521,-0.3034490159429875,-0.29746713237937267,-0.3163300299169824,-0.34711223772061256,-0.37781810773997737,-0.39785956214302715,-0.39981839194521945,-0.3832656684245204,-0.3534212204568639,-0.30654503648201575,-0.23122627981896735,-0.14771234972618377,-0.08082273325014702,-0.03197450919674031,-0.004361448478729984,0.008873663899120613,0.02022231780779814,0.04446194843326921,0.10032757756844986,0.19887348200921498,0.320739433275419,0.39306920854344873,0.3715973865828065,0.33145207172501984,0.30376398312706515,0.29227079752852975,0.29939602107873897,0.3368889427614062,0.42430458461474896,0.5600180668824608,0.6672601345051606,0.6620931590367972,0.5759695623920744,0.47580512170431977,0.3946501211988307,0.3461941217673846,0.329535820041075,0.3286088860758792,0.3245792950467835,0.3148585168413337,0.30249868703746347,0.2912455760680215,0.2788943655758135,0.26057657972619924,0.2342664004818916,0.20395308764427916,0.17980410149100234,0.16982646764363526,0.1776859898934374,0.19882239698357276,0.22350405999307876,0.24511073005702386,0.25353418024517355,0.2353788299660861,0.1768151051359416,0.07517069473342167,-0.06129746466022252,-0.22370126731386766,-0.3112866002264894,-0.26142495670728216,-0.18201011032575803,-0.12753546595850823,-0.10588572405236286,-0.12257715271735299,-0.17374823018564428,-0.21727168052018003,-0.221279707691841,-0.22272802894771984,-0.23912765115919182,-0.2669592694215029,-0.3023925887877246,-0.3435180872706951,-0.38861654119869754,-0.4303308716727832,-0.4609168543447417,-0.4640613475379827,-0.4192321243110169,-0.31405172578298207,-0.18024922595029502,-0.07155806224643338,-0.013136155796502501,0.0020567484552072354,-0.007378659101767287,-0.023767351863187437,-0.04476531094081885,-0.0733792408283448,-0.10285588458504485,-0.10017056535706999,-0.058499845257598763,0.0004957080553885573,0.04008617448945587,0.03639853660819051,-0.010926561478363015,-0.06998180512923591,-0.12712015649930192,-0.177975716615398,-0.22045832478141722,-0.252360169844045,-0.2747826698645837,-0.2872590448172245,-0.2889008467317976,-0.28156184749837854,-0.2672544578844295,-0.24351808508936568,-0.19295965864218312,-0.12214502225801296,-0.05783074048872025,-0.0018091621166308046,0.0548283288088614,0.12058238769269476,0.19939183570184776,0.2865068619072151,0.38180705078045757,0.4731294101903125,0.5420799180376855,0.5799794751152865,0.580633175610274,0.5439254881260552,0.48764036134289374,0.44214713148609175,0.42487084582300655,0.4373882965663041,0.46641378115243004,0.49545495448202653,0.5195145893434767,0.5301616403222079,0.5112807942378834,0.46695905164631923,0.4079900796106564,0.3382400423979856,0.2569147990634347,0.17299487880450448,0.1053731700804859,0.06808217981557797,0.05349980755187211,0.041592997709758966,0.017794267654972978,-0.009759091222263261,-0.03036558582645089,-0.038205416594952676,-0.03361708934434736,-0.019015580447429944,-0.007116199783513716,-0.010686407907299376,-0.04726145380691196,-0.13319568034118234,-0.28113066852329016,-0.4626596093498691,-0.6114114098149592,-0.6940276959343349,-0.7241392031189554,-0.7127799783503931,-0.6520735827609678,-0.5342974085120888,-0.37922673537658386,-0.23308305755444905,-0.1257457396394454,-0.06798017827323363,-0.059775115485016315,-0.09839578562663401,-0.18927802138530386,-0.317172466729891,-0.4170966416166379,-0.44972470841480616,-0.43658246983097837,-0.39883349930517215,-0.33890141887202313,-0.2517134892115741,-0.13308517236846248,-0.00898133549096288,0.07402245726496796,0.10984618271572201,0.12427444914821069,0.12904225920381002,0.12212574919889826,0.09970349741829568,0.0619681871832615,0.01884465685622543,-0.011694102483457789,-0.012487890359065097,0.010278400201808502,0.041776612622498856,0.06893179564785588,0.0941837876827904,0.1391137135328313,0.24054154901160954,0.43156505116449445,0.6282697555415179,0.6789285538755321,0.6576395590469861,0.6297176803447624,0.5845919709701907,0.4995535271583637,0.4013932928050507,0.31007149771393266,0.22902660567507538,0.16265496472819374,0.11823553020461386,0.09381768955776285,0.08191033861741498,0.07951150063989447,0.09285625912771274,0.12606487098833918,0.1667255376992731,0.20475167735485733,0.24268814385135515,0.2816824490498218,0.3112542251801692,0.30770020918568614,0.2505529799304212,0.17194041880337108,0.10769865809444121,0.07109693947181574,0.06123575430389487,0.0734174127189551,0.09432609611975713,0.10720835282359813,0.10631733824363905,0.09615510485671228,0.0731535792477724,0.04530186257937019,0.02353019178056103,0.007991288028252148,-0.0069665796722463945,-0.018209360584855748,-0.01996056565173079,-0.011497569358987872,0.010279120699079708,0.04176226470583987,0.07470770396659633,0.09614141147468093,0.09818515715757825,0.07379130742577535,0.01501008885961177,-0.08064087579171861,-0.1995903479517715,-0.315095234145525,-0.395297147822834,-0.4324306456886495,-0.4429636428098332,-0.43845734901047845,-0.42383580181514435,-0.40404945670367975,-0.3820217188120372,-0.3593516236701403,-0.3364238750817269,-0.3125493364036921,-0.28209328994711486,-0.2476826825912219,-0.21484566159701982,-0.18462331300539572,-0.15725103775104124,-0.13435896654621599,-0.11145208102536061,-0.0892752551520948,-0.07469746150908575,-0.06446716588797492,-0.04677583367817584,-0.019227308031379124,0.01425651930687983,0.05537890128253982,0.11520119245891769,0.2226681700652557,0.42501148101852654,0.6736619592381601,0.6636374894339431,0.492118186232312,0.360244069850943,0.2821031745907366,0.24051493354714962,0.21933009778478163,0.21160524785519405,0.20886877181585242,0.2017580724415063,0.1872736025644755,0.1725836412466194,0.16622824040896872,0.1750802722987461,0.20041109360853596,0.23810451646374758,0.2750189389280796,0.2881206858131115,0.2705252977881271,0.23576006766855626,0.199868152774228,0.16543774093957644,0.13328085230630163,0.10077550569326801,0.07163495925592642,0.04652943493219684,0.022359422378351423,-0.0021225352951071558,-0.02692091575037911,-0.051403090548617254,-0.07304259265382308,-0.07392462003175133,-0.037620853201712316,0.0010786447878139132,0.027960169278533457,0.045143228986540766,0.057898636880899836,0.06614323705305111,0.06474223570522467,0.049806371157314795,0.024944949885110694,-0.003567723505618189,-0.036981112647308224,-0.07710393738243924,-0.12389401508634172,-0.17374795354995057,-0.21890557306561884,-0.23899700098934354,-0.20709598257691586,-0.13090529905472104,-0.06844284484624523,-0.04626807027103912,-0.05005566121619575,-0.05537371596675154,-0.0486260941606265,-0.03554106598765931,-0.03242944410106381,-0.06038547812322214,-0.12650430318456743,-0.20895974935619813,-0.2806555370962034,-0.33275689466898395,-0.3716870316452373,-0.3966110381935023,-0.4053612208520705,-0.40585569415175804,-0.4092827619839939,-0.4178459494369018,-0.4250191522300015,-0.4172802968035372,-0.3841785233649105,-0.3126449774496015,-0.21578289989983432,-0.1225023106063795,-0.04915803254744275,-0.00014547046256174414,0.03874855313001692,0.09751594360871248,0.1663922517950751,0.15232424340819986,0.14040196790688372,0.13659889888541263,0.1356077246804978,0.1308198470901349,0.1214947444145333,0.1138432903419135,0.12360130526123728,0.15649067745680872,0.19918562784847615,0.2374664356258643,0.26333543028381984,0.26074749503888145,0.21093783401581362,0.14172045111972867,0.09873922092964793,0.1014517075541476,0.1450492524061151,0.20603991508309652,0.2600058451532821,0.2966457776892582,0.31880953310224236,0.33084315723282476,0.3329864937297817,0.318568586923692,0.2890088391044389,0.25359380344480054,0.23018374609929465,0.22765174964861884,0.23877875487833644,0.2540681209519636,0.2562450263050592,0.2322414985785419,0.1789536211782751,0.10270876886084779,0.020954357947329368,-0.0475806479876813,-0.07999144451761835,-0.07839564545306472,-0.05860130332290477,-0.051057862736605786,-0.07461251146363493,-0.11774966523374164,-0.15689833777384557,-0.16178446859204543,-0.13037310438957034,-0.08830489992989131,-0.055338865815265724,-0.03869561790636686,-0.03576620009603911,-0.04351174177687469,-0.05749768278733607,-0.07847283918467264,-0.10829885806330562,-0.14252652954811432,-0.14329773755910374,-0.11381186420927847,-0.0862596928667929,-0.06410652992440251,-0.04758658867727385,-0.040540265800701455,-0.047896415020846454,-0.06724503706408035,-0.08962004279839682,-0.11042543165277233,-0.12728074752907587,-0.1387841289788636,-0.14814044538615642,-0.15480161629590786,-0.15385478376520628,-0.13686982633050926,-0.09696009074780723,-0.03964777483270928,0.018889698406368085,0.06780635167092883,0.11018142283081035,0.15652400209417014,0.20850015871194746,0.24195071177709476,0.2228667127698872,0.18612053447914223,0.16533401915574292,0.16181956415940396,0.17163332200743087,0.19143897429898532,0.21805698114298094,0.2439489804159438,0.2656450016828134,0.27996585530214857,0.28828904653772824,0.28605541751841396,0.26288667860342935,0.2040751501634274,0.10111017357923771,-0.01592937433268473,-0.10442880564643399,-0.15171068444044095,-0.16284533253958097,-0.14011043780541338,-0.09027148405927812,-0.0278289871818741,0.03062666482725748,0.07659967289472412,0.11016839186970045,0.1368678112758184,0.16323782021444994,0.1936622144177645,0.23086806557445713,0.2682927255827089,0.2580214065852552,0.1913369659403085,0.1336028672573986,0.10222701789371501,0.0938315088502686,0.10550416676040837,0.13653358340073188,0.17270958081244756,0.18725755717398818,0.1436527657731177,0.05957177998576543,-0.028596010412491366,-0.11184062192142957,-0.19696400177398812,-0.2810983840800027,-0.36318940323949717,-0.44153362254150225,-0.5114756298710431,-0.5603043063914309,-0.5797748925475441,-0.5742830593887834,-0.5607048909508651,-0.5487016565774168,-0.5417588431006364,-0.532991906651159,-0.5162020185756346,-0.4898958095125343,-0.4569931265466627,-0.4144275592271577,-0.3586785307512593,-0.2878683989213532,-0.21173133542226968,-0.1442458166263789,-0.09288986326118286,-0.05862822888609634,-0.042222704795396554,-0.04532174708625714,-0.06151402102368911,-0.07794738718789475,-0.08772201057960666,-0.08510309819381681,-0.07138602158243598,-0.04235169262116546,0.005974351849376964,0.058571752333255477,0.09891458140947178,0.12689860571925923,0.1575646693525018,0.19971015552951124,0.25748176785265253,0.3219504091042601,0.3696039537142,0.38275213035464833,0.36668760320337235,0.33461214365655334,0.302712647025949,0.28634912443342925,0.30169335820018855,0.3564683295121352,0.45179751959130093,0.5796082545292173,0.7018823614239796,0.7417451997605127,0.6600929709962154,0.5007195594712773,0.3202660573660004,0.16808788989515758,0.0699400694114657,0.031976798298753516,0.046858460445768496,0.08940295215478974,0.12362381515602168,0.12310184933402302,0.07839006685639746,0.001073253367861197,-0.07554592583582373,-0.12922225749889518,-0.15695811643711408,-0.16963564617782437,-0.17871720195091612,-0.16247421987221436,-0.12933567396384563,-0.10047520893518394,-0.07410035474547357,-0.047973448689453906,-0.015377751023708043,0.030062728875618127,0.09352896518914,0.15333485466668473,0.1543797161078278,0.09703414062726143,0.017788468700283337,-0.048622716322466994,-0.08380895665493353,-0.0873204528595219,-0.07064205413693847,-0.04811279535896415,-0.02406162876684314,-0.0013511136220730388,0.015961257395813874,0.026221933103122774,0.029164816406722093,0.019660044513914832,-0.010178001104229386,-0.06106882578095771,-0.14095897610319083,-0.25942234765658956,-0.3532847000226212,-0.36480057866086973,-0.3658857883610483,-0.38930095674611764,-0.42915172736363705,-0.38977629575277306,-0.24264281238038773,-0.13998028202110016,-0.09105016506008866,-0.06876491960244774,-0.05614310671389809,-0.043017068551613816,-0.023889181282718885,0.00433036951865144,0.030966975783829266,0.038489692451684696,0.015429469545400889,-0.00659917547097779,-0.01876409879617504,-0.029535138534656644,-0.036075819160831524,-0.031312785490307284,-0.012494889608244799,0.0206248683268126,0.0667392813098933,0.12403020539868835,0.18639598719444217,0.24830661045043947,0.30006693147166436,0.33214120648463075,0.3371150101780252,0.30780326695099525,0.2451569379534974,0.16079626766194746,0.08025987884092474,0.021495957228789362,-0.007507012930307053,-0.010303510334827987,0.005950848319367786,0.03386311533710613,0.06603803473792763,0.10110147056181372,0.13693004618355323,0.17274621455499634,0.20656560563922727,0.22850455761949373,0.2275317006007171,0.21458532189455423,0.21312690301518805,0.2306867196730364,0.2589158963791868,0.2833369233732602,0.28799482374810514,0.24762928261876943,0.14382756732262822,0.02577849075314127,0.00023990801391702223,0.06375715821045891,0.1264344072307848,0.17591403422570118,0.21756014542974747,0.2547720749047125,0.28676881082205036,0.305106001893812,0.2945753583924404,0.23608643014153166,0.0935308328619984,-0.19457200395729615,-0.5114423029667524,-0.6420313392552884,-0.6781197562429984,-0.6963814991023582,-0.7122670143671697,-0.7196137910380089,-0.7073687913174558,-0.6730039790422457,-0.6218571062818985,-0.5616446764265351,-0.49212798836915767,-0.41609527006709546,-0.345327734613559,-0.29022182763778975,-0.2620258731356158,-0.2651134870788581,-0.2888247626678605,-0.28056519003548247,-0.18871277930848887,-0.11540391365540777,-0.08582603568535604,-0.08367756993569977,-0.09757130582164478,-0.1114821113166216,-0.10758731876697558,-0.07875563301726744,-0.026951792272857687,0.039333410806224774,0.10278730492519597,0.14139433006582192,0.1593236959345199,0.17360543445172702,0.18934963502187913,0.21030804364278227,0.23771593549530676,0.2680952131687731,0.28731923215491423,0.27532000150165536,0.2243086576029813,0.15494708256172762,0.09750936447287871,0.06892658051343334,0.06978033520488608,0.09189807083745356,0.12370032086671205,0.15970770973501178,0.19309989906117545,0.20873363035697495,0.20154228874080587,0.18190471406761038,0.1578487681888938,0.13517385807454255,0.11948928724353455,0.11505943194750605,0.12656085378567208,0.1549930677082283,0.19631735587433413,0.21957143862366754,0.1985879807840613,0.1693145327201591,0.14635136376952704,0.12845401601730563,0.10992646939585785,0.09037313517422808,0.07260558380206548,0.06317041537961404,0.06942206653260365,0.08574013266329211,0.10027154020489613,0.1033550634860948,0.08699241802816829,0.04405809752557852,-0.018341972198477458,-0.08560278279313469,-0.15461297187829312,-0.22079726670492997,-0.06460679775359512,0.044189051267226796,0.08731074069181742,0.09251813210252652,0.04652246149117561,-0.06504988790539645,-0.22255887119983914,-0.36565075783290046,-0.4762825401454877,-0.5589555098560728,-0.6151873257648491,-0.6399907116176028,-0.6221028415377702,-0.5550606799144605,-0.45347847526260965,-0.3596781939730167,-0.31169663787665514,-0.3130468193154689,-0.3399640056885963,-0.35965713957110457,-0.34258598916974964,-0.2580271776639996,-0.10451194604513635,0.05005796002534074,0.1470041420345879,0.19624963668893927,0.22980402493159774,0.2629611809334871,0.28899631743598525,0.27581080028186117,0.19224704430277872,0.05109240267385649,-0.06339511233447746,-0.09080327795516266,-0.01935669537445326,0.14688829744823573,0.38149352568908246,0.5624404626333259,0.6334643329844472,0.6251186293883891,0.5504247433036431,0.4330949788332716,0.3138285197979314,0.22373334304841225,0.17229391876821307,0.15287506456323927,0.15210815668432065,0.1569673382725676,0.1523078004403781,0.13372684982250255,0.11948607717162552,0.11198684359882607,0.10335287842404384,0.08802604824476537,0.06004715838233226,0.009707519812397383,-0.0632427586204861,-0.14978936855460495,-0.23064707515550725,-0.2839202509783095,-0.2928851254395922,-0.2578887643043279,-0.19407698651408406,-0.12373630140281099,-0.06468102824702113,-0.026067876552794005,-0.015100073004494785,-0.026111592133286787,-0.03856900784875757,-0.02913405803394626,0.00918044219787949,0.07578852998528181,0.1480865185774212,0.19758832706998375,0.2099863576773424,0.19329560073989174,0.1659673632820567,0.1456357468307135,0.13823974386089563,0.1310712733815885,0.1221787030511198,0.11405795929799215,0.10726501238258328,0.09967357774178465,0.08817795745473807,0.06328468477484854,0.010041740960456168,-0.09432178084977834,-0.20855747060044952,-0.2542299445026789,-0.2538104095386476,-0.23423512597381976,-0.20504658078596424,-0.17766371369641518,-0.1580283757947557,-0.1486172453869504,-0.14915218224171953,-0.15849057081793286,-0.17570350524124323,-0.19665045763536157,-0.2018990899542352,-0.16899795683527657,-0.1112105468060149,-0.05595862433025229,-0.009774279370104598,0.02740539368063403,0.05420249565405947,0.07092821057117431,0.08290229898619678,0.09307782984737807,0.10198006768869537,0.11196613911892087,0.13544587294618038,0.18231984247592872,0.24822266482939634,0.32003593937201624,0.39713762481174775,0.5027425867598345,0.5594620943116078,0.34892609843312705,0.17656606976329464,0.10162041530689941,0.07984603985926313,0.09631951993328322,0.14914588888131897,0.24390603792268872,0.36463142468767534,0.4518053389108529,0.4346688089575044,0.31044553303417194,0.1664354923699684,0.0576936900330604,-0.007695519987475103,-0.03516459816492262,-0.031188442893718825,-0.003217614570737239,0.046655453086667346,0.11727833636470456,0.201753063814249,0.2800424890499763,0.3401786274096118,0.38271580287338236,0.39700941483013474,0.37143327368987206,0.32050947928350104,0.27783310927047017,0.24763319777585222,0.21632460114392937,0.17949944271123205,0.1406540270633837,0.10041621522241916,0.060863233437490234,0.024268393927660333,-0.0032047091833135887,-0.01837737453850123,-0.0246378611656418,-0.029489292842355606,-0.03856338038243443,-0.05214345147679688,-0.06651697521648296,-0.08663816213874626,-0.1255006790196989,-0.18626396172887183,-0.25178703560633775,-0.3030197557045072,-0.3401841921300216,-0.3704974853126716,-0.40174930329506425,-0.4337833074734127,-0.4384080018507245,-0.3827889495422423,-0.2989260148823141,-0.2336738238890335,-0.19508856696096244,-0.17714294310266981,-0.17454780361736424,-0.18140667133255317,-0.19512605767609925,-0.21244981851960307,-0.22210483391079547,-0.2222859491542474,-0.21928093019414624,-0.2173994708504177,-0.22126893190212923,-0.2259049160989732,-0.23220386849153796,-0.23631909879945714,-0.22765976738019802,-0.1939711294729563,-0.13605720563498624,-0.07219690325035324,-0.021392607395931237,0.015425582595287674,0.044371190338130626,0.07456487395621346,0.11333568531519282,0.1645067912433889,0.21669178280905468,0.23703672623372052,0.20498435604683696,0.14428283012413912,0.09023409330608946,0.05661013564204703,0.04413153694550836,0.06231765038214014,0.14812980057728498,0.2708483731323005,0.2744094449334414,0.2656645002769034,0.27251112506876785,0.2943086765480336,0.329313322778561,0.3692200209673996,0.39632233255326105,0.39661178903151734,0.3726486770944479,0.33849423942173346,0.3041255585327245,0.2836769878155062,0.28085900952611403,0.2824866071690886,0.2644641375905632,0.2169559765769812,0.1607969695680328,0.1250102734882764,0.11868547066683424,0.13778907451888336,0.16278106632047276,0.17656090977642974,0.17213319751475792,0.14431833555500406,0.08621167027044871,-0.00978043624983284,-0.12377185322231003,-0.22307098755609722,-0.27542722915255535,-0.2571230515855353,-0.1598935404602067,-0.017268686567167256,0.11396450074896969,0.19996750892844553,0.22777963594796433,0.17964720446121354,0.02221244083766593,-0.19361207490770593,-0.32182699370672174,-0.3657758660895243,-0.3717810023163073,-0.3624520361758733,-0.3477269700885426,-0.3371977316036907,-0.3526115717839197,-0.41029893455349964,-0.4985698456641543,-0.5717963362053576,-0.6075926927816003,-0.636912295762562,-0.6854952170643863,-0.7459106385282882,-0.7838094897601314,-0.7699850528206723,-0.7147723644747268,-0.6403699855135119,-0.54377807994875,-0.41445271387475136,-0.2856524824058396,-0.1748400486239461,-0.06702006400585962,0.02059760627554848,0.0715930984405326,0.10170007409336128,0.12619190290987922,0.15394337499219565,0.1832626128858033,0.2030897815428238,0.20228302986183821,0.17681593445723878,0.13729036596127858,0.10284134478006093,0.0861876705041124,0.09417594170446036,0.1379621651692235,0.194861235255044,0.2292505621744057,0.25807133043308,0.28965071652197794,0.32034704519787266,0.3478859524864987,0.3730180805705466,0.3998119883032971,0.4253998181564183,0.4332023408672644,0.4217158361894066,0.4107817174693424,0.4130877527185844,0.432510920567678,0.4766778542851224,0.5362082559223625,0.541927579589428,0.4296551147348524,0.2815641091736408,0.1716757193113133,0.10463663298189016,0.0637169990217918,0.034880851534333415,0.01112660841943588,-0.010651173982022337,-0.029867668999773327,-0.04731309859856009,-0.06860910297547168,-0.09929988772017724,-0.14484717958656237,-0.20635830989416856,-0.27512778221867523,-0.3414036749877373,-0.41260250409596677,-0.39487378574820337,-0.15355562981647627,-0.036530347430923024,0.012341860575819775,0.03753779610021151,0.05257722420566841,0.05958254756480386,0.055735483625049737,0.031176712510520316,-0.021718241790680545,-0.09373345059301129,-0.15870288917381403,-0.1874590824756536,-0.18525599725600492,-0.1774979135349614,-0.179658592865571,-0.20330219196748653,-0.2615623158910653,-0.36728789434263415,-0.49559518521062634,-0.5255766011279231,-0.4540584795688383,-0.3731367252434444,-0.31177471231690035,-0.27181414941633647,-0.24905346790409164,-0.2365413097907021,-0.2234474987119546,-0.19981172152933954,-0.1652299013067146,-0.12013400900619788,-0.07366839639161403,-0.03408697290368694,-7.197840197113815e-05,0.031357535260330485,0.05790915595290416,0.08058266942740369,0.10060371862620193,0.11994228289415151,0.13603603138806133,0.14490707769615652,0.14315554957552978,0.1343756625356217,0.12882835005353777,0.13886357238638924,0.18119313403252324,0.2680262890834469,0.3876617540944402,0.48878152143853226,0.5510586678426421,0.6045679548962831,0.6618986054315401,0.6986321288612456,0.6699393401004422,0.5783753748658402,0.47604251792492563,0.3892792358782089,0.3146581583194452,0.24628851575939498,0.18094642126852503,0.1251474936354749,0.08411931656144522,0.05899391365252423,0.04865889699049635,0.046987187252603285,0.04139406240472811,0.023454021709533722,0.0036201403703323147,-0.007831570512763408,-0.00457062537231172,0.013953741567883942,0.04367192858848322,0.07729738194088785,0.1091683787965677,0.13356523649473287,0.14361188934105237,0.12911926205908034,0.0863836451894367,0.029118886472193475,-0.012809246020450214,-0.02658754880100737,-0.022378772171300947,-0.012874276703657843,-0.006367889355781055,-0.011298038800400945,-0.04324094246918981,-0.10759065730276582,-0.1871344044740417,-0.2387872375142396,-0.23172823459037353,-0.18627037182978573,-0.13754806550013945,-0.09977602020508072,-0.07534310842909257,-0.06457417519568741,-0.0657128908915519,-0.0785950464099646,-0.09853558633234187,-0.11545164260226214,-0.12253468095927016,-0.1260506450407159,-0.13156429683188736,-0.1412800006329291,-0.15491010980368727,-0.16877904843524125,-0.1800150371407453,-0.18870289012765062,-0.19175642226197245,-0.19032191906391102,-0.18778955800810646,-0.18499721687985665,-0.18290265993681953,-0.18277125727268026,-0.18272130069776826,-0.17331178477637646,-0.15010484582545447,-0.11175101293193364,-0.06266114873169223,-0.00808595860671878,0.04890079744341982,0.10045857507253844,0.1420167656442389,0.17150939152984956,0.1946922363674476,0.21518830445085357,0.22711959837379792,0.22512621396387025,0.2076697482512376,0.17939790572524364,0.15590848055608106,0.1487854709016295,0.16439035675443328,0.19183444927612295,0.2202732163176897,0.2409205516868017,0.24909247922549071,0.24815486473400414,0.2472178385755553,0.25179318341056534,0.26235078479865137,0.27551680113306937,0.290418991830608,0.30497668166654157,0.32504702248010114,0.3568337995267744,0.3939504689662421,0.4165992841262925,0.4108100211725348,0.37591116029773214,0.3148889379912817,0.22990487900257525,0.13493536960933733,0.05747855248891934,0.017207394448871628,0.014350540203057663,0.043135050944287746,0.10090553798145876,0.1572361013976729,0.16551754416110992,0.14004279898294836,0.11120293188783385,0.08301882676966521,0.04793202732149034,-0.00530367995472934,-0.09369319323313884,-0.2594742636175975,-0.5867721905283334,-0.6614318879742423,-0.5440745693670112,-0.5028202737900843,-0.5145700583179085,-0.5563259629396167,-0.5987900852781225,-0.5960659685722794,-0.5239245852010743,-0.4135470979571949,-0.3224347407767514,-0.29268683520958366,-0.31520750414116333,-0.35004794746284656,-0.36323354338459135,-0.35724408497267784,-0.34576136689284265,-0.3389542679814136,-0.3351610810634086,-0.3283221605741254,-0.3155209110664964,-0.29364780359170906,-0.25559690002846486,-0.19833193880787045,-0.1402170007683589,-0.09541082513635352,-0.06334789092942217,-0.035156262588119935,-0.001901987888484574,0.030164383312627815,0.05782712236731206,0.0783727608627381,0.08974214295837293,0.09742868796626264,0.10661583787481213,0.12932751896477046,0.18780095793384693,0.3258977828281942,0.5638664181568059,0.7050563900246531,0.6611821033652105,0.5712265175627707,0.48906017673615976,0.4219954037979029,0.3664065545780924,0.3194700438556099,0.27587308716215553,0.2281863162002989,0.17201825112326757,0.1121204768566812,0.06430729459703172,0.04355451130504709,0.05316762480322122,0.08522551155489787,0.12167395070652245,0.15256446732958068,0.17741355187608743,0.20351823720174136,0.24309514015545766,0.2850488145030901,0.2371430182512334,0.15034952058539833,0.10247554088728311,0.08029146016926726,0.07135354495991793,0.07280383331949301,0.08442766581673236,0.10218771159012675,0.11815538079936169,0.12456528294605537,0.1101776398216677,0.06581590071484862,-0.02204811011504907,-0.15754761822017213,-0.30007937129600465,-0.3987180545074764,-0.44682879407149406,-0.46361176890727057,-0.45171967882103076,-0.4191323248633947,-0.387590259799439,-0.3731956925512969,-0.37787627544953756,-0.3880910656651878,-0.3820410124528819,-0.3503482219300622,-0.30769402662162193,-0.26135813758009363,-0.2124736691386674,-0.16452446966842044,-0.12556241419322356,-0.10267985090660518,-0.10200442647383709,-0.11541780358271832,-0.1260293323221868,-0.12352661327636424,-0.10463786505549595,-0.07241888008746858,-0.03881849443819393,-0.012439599073287547,0.003583469764256056,0.0091763093180259,0.011607880067830785,0.014567316009208544,0.009687656275490354,-0.003489605714849819,-0.018898175716623836,-0.03124588189182299,-0.04187001507654043,-0.04934614137439979,-0.04496461322731121,-0.02492605167487097,0.008211843376818451,0.04562230665292197,0.07804322734823835,0.09880282014040682,0.11919689621093957,0.1756832374654389,0.38532572784352576,0.6597702328169633,0.4955769695525809,0.4496602563785989,0.48170779920309925,0.5921934701491122,0.7608390524032232,0.7721227358427113,0.6066730967692437,0.4488216130798343,0.3062858380745953,0.16867638909495977,0.04894377276507499,-0.030191524213144652,-0.05801838105927314,-0.03806214651091987,0.028415757486390164,0.1427204820244876,0.2435452369672287,0.22469027169103858,0.16167277846315956,0.1077202240501722,0.06809393708376762,0.0415912107418225,0.02812378442701862,0.0227982402064807,0.0163606104964689,-0.004200744041999395,-0.05021793208541981,-0.12196436043013203,-0.2043742415422917,-0.27382832224743814,-0.3169825899610976,-0.33564896053786025,-0.3285410461714578,-0.29940219134658613,-0.25792811044281105,-0.22404566624163127,-0.21412638132012043,-0.23845663734825784,-0.30810575044155025,-0.4359207004783309,-0.6314090366956305,-0.7692875241115694,-0.695852080183809,-0.5895817658472869,-0.5047567299821517,-0.4139123795070769,-0.31708360503058025,-0.2247366442288276,-0.13784066731203581,-0.05888758473693725,0.005699592713669062,0.058399707489407114,0.10657926774024183,0.147599416502052,0.17053955967438303,0.17165267923313002,0.15655755810126334,0.12468038565572985,0.0713144085559616,0.017693409425496298,-0.021472957968829677,-0.03783118460340018,-0.03364344144014581,-0.020338562182637163,-0.014303984665542903,-0.01753758276916991,-0.018560020325997684,0.00892735393439893,0.06136587187054002,0.10975788321939653,0.15364772696635512,0.20843166824669926,0.27418381918286777,0.3224749226035419,0.3542533028090369,0.38996748227411393,0.3781300602235831,0.30917550798705523,0.2686327825909075,0.26265200619580376,0.27201077216230396,0.2800356963115578,0.27995530076949765,0.2808484272100672,0.2922537351935798,0.325065855782826,0.37083193342510373,0.39855926745894776,0.3964453515170515,0.3920869534099343,0.4015726576889625,0.41560868059406253,0.4113332065336228,0.3702708085616975,0.31052241183594514,0.25175360429490923,0.1986665991341368,0.15237681092842356,0.11694817575735218,0.09504695826141495,0.08269329199133721,0.07347339061486569,0.06484331357697413,0.06461454151306578,0.09890954669624712,0.19209335179468473,0.18171796337265314,0.16254148656655065,0.15702767161613287,0.1467527440208834,0.11444152669359756,0.048805840181877766,-0.051485115133361056,-0.1782223735557632,-0.3056695418242428,-0.39204719119711307,-0.3960324527635308,-0.3599769450641777,-0.3386568829073382,-0.34556333688930585,-0.36765562472225266,-0.3919265424265298,-0.40229200089118733,-0.39113916478119126,-0.36343380477205334,-0.33180419978230064,-0.30738691570499055,-0.29676175465475907,-0.2983081262806527,-0.30616958949623196,-0.3090956184831452,-0.295171186561201,-0.26106050213042636,-0.21655062729773056,-0.16700644630355804,-0.12173706087646326,-0.09256188776183552,-0.08071696270016973,-0.07927988932777012,-0.08303346069302935,-0.0808209643636146,-0.06409018592459519,-0.028551003022276405,0.020391123830022517,0.07040713102648419,0.1133006484976516,0.1384542377807546,0.13645884367032451,0.09440349302907974,-0.012823265503847178,-0.14850508839884052,-0.264114069969362,-0.358544544881731,-0.4330972931544131,-0.45434338414972775,-0.385331077845549,-0.26615451582343647,-0.1451183361432047,-0.03981130047273822,0.044883319115259765,0.09390952600079004,0.08751301176410593,0.04258251722634222,0.01977697371884016,0.031763418365766745,0.06791770383906164,0.1156719807739493,0.17355819047577983,0.2304353006838404,0.2708531725588277,0.29062404230752514,0.29713780913283555,0.28799741649593613,0.26751841729629094,0.24750291725582865,0.2358150874893307,0.23031078020613255,0.22972308023788005,0.23254325247945962,0.23366094894631692,0.22630003436369323,0.21349000333317258,0.2007800389422581,0.184832245922373,0.14382946045639705,0.058418196200639066,-0.021028141736576668,-0.07054433270045657,-0.09636540995544012,-0.10673874767924599,-0.11194592613426362,-0.12535625896316516,-0.15617425790900924,-0.2064123829699567,-0.261550710566202,-0.26696187462556437,-0.18159990501316742,-0.06977209678982559,0.01704809319759468,0.06668274056261425,0.06945214654407023,0.012157991026180846,-0.08466142680207077,-0.1688207234541718,-0.22739661091637817,-0.2651419542580275,-0.2860385378952439,-0.29860809881934397,-0.3219921625807284,-0.3593072045401251,-0.3867434156656458,-0.3959589960474665,-0.3908664654578701,-0.3708656656643759,-0.3383082784006974,-0.3105420260984644,-0.30434606894632127,-0.321231972269353,-0.33439173934083594,-0.23807281362994942,-0.09291703139854293,-0.004534458375100505,0.05140271149745403,0.09241700862554135,0.12289197804745502,0.1470684158858411,0.16585580191986163,0.17728929838282378,0.18280306056189555,0.18945106417021187,0.20654324124840953,0.23985792448122667,0.29761825444949036,0.3960213794893558,0.5573375970278954,0.7449944164735265,0.6824405642967951,0.45694571435574755,0.32069937405928023,0.26705894345984943,0.2589713248233524,0.27385192209037423,0.2990523860727309,0.327544382066183,0.35686107231662345,0.3887473285906408,0.4221860299765039,0.4481705757609813,0.4509014314268815,0.4080651862606813,0.30475899551048663,0.1964748523062519,0.12783709009522698,0.09578235813022193,0.08688034787926972,0.08961257853171735,0.09938688181497121,0.11612560374167173,0.13755155454673568,0.15687729963029085,0.16902992746240114,0.17339723689542008,0.16531422259771172,0.14693467725304607,0.1294275260104651,0.12110803405793555,0.12172136409216425,0.1329395391218169,0.15676114095761917,0.18617645495405571,0.20598293073660684,0.2043510136141223,0.18224871342574706,0.14540859978782045,0.08836759457559674,-0.011478971359444314,-0.19301997077326105,-0.34093969867700186,-0.37115817192054423,-0.38946210263276515,-0.40560360263091394,-0.35132624102207155,-0.21912595379531916,-0.11364909958309986,-0.05444145719485494,-0.02443493196813284,-0.010328505816475118,-0.008692311919398824,-0.01803911334535373,-0.03922754253251081,-0.07525428222421508,-0.12500549507593894,-0.1791829793421292,-0.23235788458205336,-0.2859186870794064,-0.34442459189224045,-0.4024609360333332,-0.4297761944109257,-0.39554083605889967,-0.3301287377236298,-0.2752808185957907,-0.24196434359139912,-0.22402758046407897,-0.20269458900176623,-0.14630196337414558,-0.038802319136158975,0.07740004558730146,0.16336496230983782,0.19614000217525143,0.17813746304817096,0.12583093956831384,0.07709637045171845,0.055715028020159825,0.05292617010104605,0.046424788935161505,0.01091535826376619,-0.04828451437368322,-0.10442353798588581,-0.1447669329178848,-0.1685677487598834,-0.18091227323291376,-0.18565625051400997,-0.1816106525917954,-0.16644526440041268,-0.14044667495738322,-0.1078196860055181,-0.07859494290325457,-0.05882787777447361,-0.04632253537034462,-0.03596723532714104,-0.03544756311986939,-0.052513710092138975,-0.0802642584346361,-0.10262927497494566,-0.09316915527314691,-0.016312672792973253,0.10159702611951016,0.20829089154405162,0.29253416858219045,0.3532611904377241,0.386257319005181,0.3842104586046411,0.34746184343606856,0.291833080775951,0.23296520049240607,0.17847429083295424,0.135057522877901,0.10681863988920633,0.0953915695903303,0.09393417039352747,0.09100410665397402,0.08971232088254338,0.09697312268375292,0.12188698769772197,0.17048229409180668,0.22912159248973873,0.2648169558770444,0.262134125355816,0.2216158891631211,0.13347150792042387,0.004342642712544657,-0.11598378457152497,-0.19158994177610691,-0.23213472844069016,-0.2539112453655852,-0.2653447842323017,-0.2689887430671953,-0.272902945477059,-0.2799366560020995,-0.2848557793252261,-0.26166210563076453,-0.16992834367418813,-0.014243003769774366,0.12194409197097884,0.18792141264850887,0.19357288685793592,0.16558025592035627,0.13227981813976694,0.1199894597250068,0.15040027031978548,0.19606896504757568,0.23778481600823478,0.2716447162590211,0.30327319330518954,0.33619083782343545,0.3682165731048701,0.39583338895484743,0.412928174728484,0.41782405637071063,0.4060237463826291,0.3429195991655941,0.1839280236294564,-0.020659840573877025,-0.14885485676017465,-0.1598718217255365,-0.07023889163218132,0.027321417320102348,0.06958058816510732,0.06911506520343895,0.058191680145077376,0.053587264463132625,0.06537927324588633,0.09792859336084377,0.1493673647188931,0.20970264683610076,0.2642009806460427,0.2954252104541751,0.3050339717790046,0.2921505185369384,0.25439164195358593,0.19183859224365638,0.1254406930319733,0.0743114204066869,0.044886041250664636,0.038226660278025314,0.05159865873682942,0.0766836324413189,0.10096439213438989,0.11816902632290026,0.12495730131197987,0.07445857630857887,-0.0769649380563041,-0.1128346284703469,-0.11299477884484081,-0.0993919814090868,-0.08302455521225893,-0.06846374645943036,-0.05564774613638806,-0.042290495655521274,-0.027453105342615254,-0.014072712983094107,-0.006906602553764759,-0.00900059457608858,-0.021074493794197346,-0.04161120723818479,-0.0665626581009996,-0.08431794236372464,-0.08230735412119472,-0.06225884486037914,-0.038412531038129825,-0.01568133336184781,-0.004033984492537862,-0.004755502544416003,-0.02571137996788939,-0.06785449191038306,-0.12162004062862236,-0.17244087393537383,-0.20110697451844917,-0.20005514152568057,-0.1783906871233136,-0.14738968788321588,-0.12181924128725712,-0.1233332743513906,-0.18132590758769812,-0.2787173618381648,-0.30797832511566353,-0.31861944430842715,-0.346898354336761,-0.38131898434295847,-0.39751474185221664,-0.38355096577162573,-0.3453040700884111,-0.28707147999184784,-0.2175432197689562,-0.15310914599049924,-0.10174792493638184,-0.057009232635018815,-0.017030064876093726,0.006102655971391199,-0.002501218342691513,-0.03435907446897309,-0.052624177469553,-0.010217222931013662,0.10966381563924188,0.2689597694391273,0.3587474398394137,0.3351153814388644,0.2720220579000225,0.22655376540567468,0.2105547312046066,0.2171232599815938,0.23592793725209976,0.2530008204628412,0.26504229982267863,0.27737043779808124,0.30074189751448344,0.33484482068475235,0.37319015355670837,0.40163328558522404,0.41337612069859814,0.40967842150955636,0.39413523077604234,0.3662703895140497,0.32227176920609213,0.26266895351465114,0.2106525970434455,0.18863473279279128,0.20612490755971735,0.24965935545484041,0.27408694949580414,0.26155414535310684,0.2373363350724752,0.2202750496487011,0.21819946470296284,0.22621061603807366,0.2278139497609703,0.2048662814481558,0.16582946953505204,0.12144738066180367,0.08122077602233353,0.05427643089783892,0.04043930834104781,0.03262100657994648,0.020203758874252797,0.00302265285629046,-0.007864028748633711,-0.012382164096988299,-0.021498694076692,-0.041533903682880145,-0.06687848485770277,-0.08878975872636241,-0.10650445331959897,-0.12403027988484941,-0.1461293818841021,-0.17432182477708427,-0.19963339413563783,-0.20697319519128846,-0.1940932153581868,-0.17026525947946924,-0.14362590096690336,-0.11795161313133644,-0.09584749381757814,-0.08580294001456931,-0.09459803189845524,-0.124493433182932,-0.1711046029343568,-0.22113527937338015,-0.2598018079156945,-0.2848747307012906,-0.3034241206899909,-0.32370583896751387,-0.34851608641894016,-0.3697939981897389,-0.37638247008746417,-0.36694751809863796,-0.34812974959964854,-0.32527173723818686,-0.3007673360110282,-0.27015642480049346,-0.2249512066871734,-0.16179235548824977,-0.0795013919494719,0.009027737535719655,0.08824138838001881,0.1483512183080903,0.18267275150286144,0.19575700821043857,0.19381045215362322,0.20003618868911704,0.2469147642711052,0.3594118940622579,0.5313657338356089,0.6861236011630377,0.7525184876334525,0.7439997953233102,0.6979428319942932,0.6221635515364862,0.519034380449357,0.4110237077698045,0.32561665459247585,0.27642522901877625,0.25272341917089153,0.24748114969126234,0.25533267607543697,0.2662607865959779,0.2694184233364513,0.25914868458268003,0.2366364181701994,0.20764343850762956,0.17782567908145047,0.16168693203725676,0.17138329989535667,0.19751854921839562,0.22010363602841218,0.22657342585901485,0.2234098749625624,0.224855298865456,0.23258427631360581,0.2304284165932333,0.19950274773569285,0.14708342556989745,0.09871611625367055,0.07163984958957903,0.07284789974209989,0.09302178610338914,0.12146118447874163,0.16085029639760018,0.20651597446867612,0.24819626236187925,0.26499117237064973,0.24143659720569244,0.18315334473006167,0.10935740838331874,0.04074051604633473,-0.018687222839322313,-0.09029475908248827,-0.19891129780205752,-0.32864513436949655,-0.4145551703658381,-0.43914304201344884,-0.4409374578739863,-0.45926736660619377,-0.5234677042174694,-0.5790866147001887,-0.4563041106295897,-0.312149657855342,-0.2291657170957427,-0.17931512659104903,-0.1456542961825338,-0.12081728524862513,-0.10314157307678191,-0.0937231515733198,-0.09441527682705148,-0.10456956325810182,-0.12090409094443445,-0.1374703598404848,-0.14615894481086975,-0.13364543000306103,-0.07990881859722236,0.0007599490408518292,0.06800214007733885,0.08494595854141748,0.05258736177988513,-0.0031898702294424586,-0.06216048567256837,-0.11877937601052668,-0.16409900204949976,-0.18854042405064095,-0.1862825558705553,-0.1534052398471003,-0.079766025157756,0.04418955912803867,0.18909335603173683,0.30405191917397345,0.3663897265037846,0.37187662106176206
-0.5975269568759957,-0.6159592471170009,-0.6007695485977217,-0.561039267734316,-0.49963120823972135,-0.44319208137938365,-0.41765243477534686,-0.41629636377656987,-0.4169438526447523,-0.4007731819643575,-0.3625634956168969,-0.30664131702803926,-0.2354007922161891,-0.1502697039381704,-0.05765519696341597,0.02316218959570628,0.07837326051575418,0.10553274256115938,0.1136183986101088,0.1188287379803245,0.13887138566125476,0.17847406411411065,0.22865094419894236,0.2768226618050343,0.32335837950755153,0.3818568128533008,0.4488164880121763,0.49851257166275287,0.5313371321345108,0.5786100561689176,0.6548633897202029,0.7220592670812863,0.651020412816488,0.4943617080358221,0.37545831111411837,0.30083437390265483,0.2469858933866283,0.1973238593834429,0.14373404599290243,0.08410802787822402,0.028132552914864495,-0.010376849032993338,-0.03522545386001346,-0.05081918785889034,-0.04978575118936539,-0.013575104375775636,0.06435971169635625,0.16852436218489847,0.26115182264107917,0.3136249560372023,0.31601740419896546,0.2802142890770806,0.22683452044404903,0.17569024871084657,0.13668561402159105,0.1073530795108453,0.07747760343586915,0.03667311505245603,-0.019928488703442056,-0.0948159999667498,-0.19712889720279392,-0.3284810006057235,-0.4719368685369673,-0.5895301431268408,-0.6384481616544918,-0.6190306014011775,-0.576512039403267,-0.5455933996594525,-0.5296103808722126,-0.524635985913747,-0.5286274191992824,-0.544876238488616,-0.5714426082347414,-0.587756381593151,-0.5401973540214342,-0.41370820092451327,-0.2939131706844749,-0.22442446972080382,-0.19441927254198688,-0.18053755708451122,-0.16827136988260494,-0.14698082720869998,-0.11704782957535258,-0.07837483929031296,-0.027911490143590626,0.03447942012772779,0.10152627276197813,0.15792121858007785,0.19023747211337108,0.19839570454465888,0.1942207671774194,0.19004971713169505,0.20033075434359207,0.23193687452100206,0.28049488464160266,0.30919256174638843,0.2938136650750803,0.26799215577558755,0.2496952324769035,0.24208484062113308,0.24852274666626417,0.2771864262132925,0.33050169541775626,0.3987613741275368,0.4637160536554711,0.5078758519671002,0.5317734871006503,0.5370507611488645,0.5256515584917322,0.5175885627293173,0.5253887243858577,0.5455294785792613,0.5653487486550498,0.5721522786607753,0.5624129284838626,0.5408189542290225,0.5108575185143335,0.46988531024463315,0.40922956471442756,0.32423026247484804,0.2068984945688028,0.06100451913975069,-0.06712545467371495,-0.156436542102085,-0.2152055360198688,-0.2561520859401317,-0.28770172468586286,-0.31873296227943043,-0.35639071600432964,-0.38880829268938677,-0.4021257296654419,-0.39652685884778954,-0.3718684183553902,-0.33138477617999207,-0.2931726782352255,-0.27291942258946894,-0.2757058210174354,-0.29578454972035645,-0.32244345200564434,-0.32801843863936414,-0.285471143319617,-0.20897919495249426,-0.12605029511592997,-0.04434971362520018,0.025603090708639913,0.08963149714270392,0.15831395668092282,0.24832733954959463,0.35676459307819264,0.4513504077148106,0.4999984882708625,0.4938986124963308,0.44738069639759415,0.37195563729057995,0.28506356293813995,0.20399969163799964,0.13727314298331178,0.09254164937230866,0.07522987302828216,0.08712060025292816,0.122143458967175,0.17089126463696966,0.22340525942660616,0.27238190306966437,0.30231604032136955,0.28868289085034593,0.22987710676722095,0.16277732953471669,0.10833843492113081,0.06695324721296857,0.035869580380180836,0.012577013660229676,-0.0019753740958106973,-0.014300968898405075,-0.028382939248967558,-0.044148092438072266,-0.05641323072392601,-0.06016928370673676,-0.050704906426746174,-0.027161530542968323,0.00468062738363385,0.03825090383512093,0.07702714566394253,0.12844590970934544,0.18755707488084383,0.23553663540330044,0.26003552604856994,0.26594891098825735,0.26091033186720947,0.23266958315385117,0.1760774677522111,0.11112919630086505,0.06079249994818433,0.028480006094386036,0.014386916990772098,0.01772583167246631,0.03946295698227606,0.07296277954191341,0.11353586132650034,0.16010895444125647,0.2037249906626544,0.22368970157272702,0.22071837874796654,0.21036997141504904,0.19060325243858986,0.1607404336615235,0.11738074272364996,0.05646892398102269,-0.026779416683382247,-0.11460880095264887,-0.15839149947975587,-0.12976886889807301,-0.07714315013811233,-0.03327904831965746,-0.00937296964134896,-0.003804263948591451,-0.009425174833307936,-0.012979841616420731,-0.005741332969525424,0.008713548147311132,0.004179459196871319,-0.03220127933493389,-0.08677777808456513,-0.156064472146349,-0.2385395900501183,-0.33786743415969334,-0.46275350813747596,-0.6124351679921016,-0.7419399417061724,-0.7753041484112081,-0.7321386863249648,-0.6815336527112373,-0.6425206751195588,-0.6072494632130974,-0.5611827580499011,-0.4945840908912147,-0.4090269563743011,-0.3175714026238217,-0.2398860366923877,-0.19012448594201323,-0.1670702194301599,-0.16409711659517112,-0.1699853693283049,-0.1709558960636251,-0.15264706130091696,-0.09963641348067385,-0.0028107278645276754,0.13552270728161012,0.2913468336251024,0.400219930521656,0.4275020597941567,0.4165177203029934,0.4055374386503667,0.4059112581367883,0.4139952886937777,0.41912557370792775,0.4152705718396179,0.4061368463965769,0.3950832836390915,0.38366520751755895,0.38264385317493765,0.4172200557299516,0.5213588001139753,0.6788735435795649,0.7457515953261398,0.7306329793691674,0.725679631136368,0.7124816293079949,0.6488593022158463,0.532651275028848,0.4228039228857216,0.35086594353492284,0.31391794987143934,0.3052155611602021,0.322364994344215,0.349045921836184,0.3615575672129342,0.36674321423248263,0.4080137403089424,0.49076994223621784,0.5853179252245516,0.6651495425794544,0.7119766144932655,0.7227266582382037,0.7019064443430051,0.6515059184028528,0.5694164420367942,0.4527603513340397,0.3068670353020153,0.12704332508074692,-0.08128355869706688,-0.27619739775676877,-0.4101787381642349,-0.48853002831326986,-0.5296644143805451,-0.5363502107957443,-0.5090756175572257,-0.4713437774561687,-0.4534823433583593,-0.4725348316065203,-0.521523647243638,-0.4905275220941056,-0.3062601610325286,-0.16099256924243036,-0.0789059091660182,-0.0250168520070173,0.025111285286202437,0.08641680153334623,0.1498726048181838,0.1818999008806739,0.1741910924341584,0.1427272003182094,0.10815533885259455,0.0806754241773343,0.06191104882706191,0.05246648235400706,0.01471263590698111,-0.012044131793562075,-0.010507434203022881,-0.00897840317436288,-0.009803987002899063,-0.013286767932765715,-0.016740787510018274,-0.023125774423065303,-0.04632289420454691,-0.10726211573006812,-0.22431250814096954,-0.3701259330318638,-0.4223091927164961,-0.38268459037294805,-0.3065653712358125,-0.20520107114889305,-0.08960391020551808,0.012064081033555116,0.07446193312276347,0.09765152478652042,0.10083564128063967,0.09746089323436112,0.09637797022450946,0.10884616456892326,0.15241680366574023,0.25823037226308687,0.41350926921729725,0.3948520973713726,0.2817225597355525,0.17414718819483743,0.08049806980986723,0.004572513512428185,-0.05085644155543358,-0.07811765382678547,-0.0824077418337651,-0.08498992633832313,-0.10135713174178569,-0.14412564653274687,-0.20078324994100546,-0.2104600608983783,-0.18696741001962736,-0.15792088923537959,-0.12524200315986128,-0.09653100807038353,-0.07824208567412956,-0.060154357227647094,-0.019034900112861228,0.029703897850983103,0.06383151373240706,0.09077435188053763,0.11765205172679447,0.14396724929194243,0.1635625366920383,0.15938862195691467,0.13216370810849648,0.10190269527694264,0.07729708680490059,0.05192291361785224,0.017613603412344372,-0.03245470915999747,-0.08754696560705352,-0.1344213498692263,-0.1601836881633747,-0.14695385659010957,-0.10033987978844423,-0.04144022230854155,-0.008298130017248906,-0.006766576990350114,-0.011189595417246094,-0.0025211534436411502,0.03838036781395618,0.13491289606381152,0.30448835946814884,0.4522628054979372,0.49921025365814653,0.5113143523432244,0.4937678187460665,0.3995463559973145,0.27347577024822634,0.180949693628233,0.13145760501950038,0.12237849262442226,0.1640058684318059,0.25281583171697475,0.3346286278748853,0.4025361866053927,0.4626924430044052,0.5060265360229907,0.5297929950677759,0.542410125045126,0.5523303789476435,0.5553246268707933,0.5406226471404819,0.49441626070540695,0.41105806829577407,0.2932272981963582,0.15547153280944026,0.0228849903507779,-0.07761059206838099,-0.14598837039398924,-0.19918561749533722,-0.2549705620061112,-0.3167769060158236,-0.3798061704562651,-0.43717175248685486,-0.4920774175470862,-0.56210267701932,-0.6306350282362183,-0.6116683233803782,-0.500301141973405,-0.39977962436291825,-0.34339084977539497,-0.31952457071018264,-0.3125360776571747,-0.30659371977611516,-0.2896867907821036,-0.2532790817250616,-0.19420081716385207,-0.10986637470739295,0.007001799159714942,0.15303674593347433,0.28486868375958296,0.357053170830683,0.3797659191248391,0.38283297072246136,0.38041827275418516,0.37527809887966884,0.3650086489207587,0.3452761404971857,0.31241013676103724,0.2620952289883599,0.19518025317847085,0.1203514839319453,0.04463692856204853,-0.024363482999968124,-0.0810669556540758,-0.12239516313472393,-0.1545332024702225,-0.18511030004516263,-0.22542769935703785,-0.28155199594607005,-0.339887572339254,-0.3483947761381531,-0.2624053943160934,-0.14616375830431277,-0.052374965815567415,0.012255823944830331,0.04865167115016984,0.06371369921187962,0.0669470973685974,0.06884905815881469,0.07729395875326019,0.09841150096859844,0.13484841815514378,0.1883095680161058,0.25699753306975465,0.3281303144680983,0.3920137017949214,0.45770151091804007,0.5146926462808844,0.46704777877069154,0.36244401952734234,0.2866541564598668,0.24526175544201492,0.23317442134987554,0.2494359953484643,0.29436762289028645,0.35948871853093156,0.42711402919509706,0.4905345127438946,0.5527388092571855,0.6128796146980311,0.6627044815116743,0.6997805680042977,0.7242091937429557,0.7283546775269932,0.7029981645789858,0.6433006671225429,0.5428423447316765,0.3997338753411405,0.23646036852949012,0.08739166556609855,-0.039242133982054186,-0.1593747325369184,-0.2757301155541029,-0.3594271812018285,-0.3845784150873626,-0.3670557764359613,-0.3548910351732126,-0.383574980774003,-0.4464699500061919,-0.5099110205198994,-0.5453751078959286,-0.5499220058229878,-0.5358556627679488,-0.5218628458989755,-0.5165382106646523,-0.5122141438032534,-0.4877249309672127,-0.4248590505664701,-0.32937440248678906,-0.22860787246037387,-0.13424659125476943,-0.03423589909361777,0.07982878608290378,0.2001928889924976,0.30402243994536976,0.3738882668670503,0.41532625865231915,0.4415834856210086,0.45378260159208955,0.4433487401094843,0.38992074312165026,0.27171305275664126,0.09106836888578368,-0.11498019851650261,-0.3021592974012313,-0.4429819335789047,-0.5325951557090254,-0.583616319485657,-0.607428730658111,-0.6128069804518351,-0.6047352831058699,-0.5960164737548664,-0.5989028452057594,-0.612556251521753,-0.6258721309094215,-0.6298860853427177,-0.6174438954060028,-0.5746157130851429,-0.4710198062083756,-0.28375087401841154,-0.06950654386908167,0.10279067765804904,0.21863243974420923,0.29731342611182876,0.35191693411226777,0.39765818513225243,0.4437716944832362,0.5027640321199327,0.5708463361469764,0.608681359021454,0.5955112419407833,0.5453109509133913,0.47015814407736534,0.36956699233673523,0.2475274065047958,0.12702810327642688,0.0463660412279618,0.014055869364410854,0.016568231954244166,0.03704604639175101,0.0657606113510878,0.09741662055617667,0.12875170810398637,0.159362460207311,0.19027722649067974,0.22232412897633214,0.2586722114987244,0.29921092829127477,0.343737855435033,0.39126730979137797,0.43698711803504936,0.47085363231890126,0.45691133467230455,0.37971238929736534,0.288724234764058,0.21672644826213724,0.16632701612636172,0.13454574625621862,0.11669383214967703,0.10805011928271792,0.10503337584103639,0.106290288418551,0.10708999858002421,0.09772587194096287,0.07359733625988024,0.04492699418477969,0.018113317489058627,-0.006283503876676052,-0.03229384319515265,-0.05908300250579423,-0.08107676940652439,-0.08291318213655739,-0.051210154438722386,-0.03552088331188889,-0.07483272912092022,-0.14739021088675824,-0.2187347298480481,-0.2712199646142587,-0.31044917910959086,-0.35034301987578764,-0.387311163123542,-0.3934876700748265,-0.3675611233290942,-0.3409832273918948,-0.329322817161669,-0.3329261126441714,-0.3467144270756008,-0.359852451629275,-0.36027182249978484,-0.3383972248638907,-0.2855231524661739,-0.1960610286308325,-0.06641154913272959,0.06982704632321478,0.16449535042054142,0.197390777693135,0.18802526783412987,0.16085363333738645,0.13290311074177685,0.109669057928928,0.0843534097312164,0.05824349700644109,0.041778937146959655,0.04599025106089016,0.07954880202749003,0.15449985131304186,0.2366065332467797,0.2429887558152277,0.20542169949351158,0.15744432804380348,0.11101322494227023,0.07377767562267724,0.04688984474331227,0.029450639093159425,0.019766397135241073,0.012192416348214672,-0.004838905688738012,-0.0374295144251384,-0.0650935861259767,-0.07956110461140194,-0.08995425763492204,-0.09986320639130415,-0.11365949251984919,-0.12494749864429494,-0.13239509044402553,-0.14503377589150526,-0.17316611801724205,-0.18232721100244306,-0.0657706347326448,-0.004157027062851901,0.02423125448744302,0.04583608279755039,0.0707106105829207,0.1019771024346855,0.13567716786224265,0.14806710806192336,0.13343523174621852,0.13449640240610855,0.17376347941667292,0.25157698553324986,0.35575982700645425,0.4694415491890243,0.5814969791606788,0.6841163492263602,0.7620309099747129,0.7977237485803976,0.7830831033377786,0.720326866840785,0.6172081367290527,0.47910120612163437,0.3145633464662894,0.1261776269637268,-0.08427151755457235,-0.3135894760184762,-0.5262535121442072,-0.6783405976395127,-0.7682286847425254,-0.8208688411354876,-0.8468891530365432,-0.8366690463135207,-0.7850190125619553,-0.7212391098672194,-0.6799224582846671,-0.6702792805721451,-0.6870934626744761,-0.7144816332225749,-0.713357982395411,-0.6585015202913468,-0.5778332144900786,-0.49818998642202345,-0.41118283037822445,-0.2980723610647135,-0.1500026126261536,0.004353469615502041,0.11158549645973485,0.15631689299542934,0.16111319243948763,0.15151471996487514,0.14567677069339738,0.1481694351101628,0.15651680749209698,0.17301879939343226,0.19909913152243677,0.24411769181256598,0.32011231638000626,0.4285071041672827,0.5309574801718111,0.5310080435468006,0.4381465870150175,0.3439637245257477,0.2802420849508454,0.2452677490370208,0.23430922808725427,0.23671891102448805,0.2383932170843041,0.23608196845107396,0.23569883219480087,0.2414740700614315,0.2457217212981576,0.22566671926688142,0.19779669794373309,0.19341248503738154,0.2170543335476352,0.258623335023538,0.30194349921968844,0.32595448413257255,0.3229938605741668,0.30253543409368683,0.2808324979057843,0.2675149608323806,0.26660470698820155,0.28088061303334455,0.30472903991836003,0.3312441466334921,0.3543096565785667,0.3673562675471988,0.3695674794959762,0.3684012734785973,0.3676812897005326,0.3653769720880567,0.35023177721974946,0.30791182703445524,0.24619435260783537,0.18485545748551416,0.13925743810049343,0.11443966399404,0.1114870619823289,0.1242682213686713,0.14051155630677353,0.12630349581693415,0.03768608178727016,-0.09371559378938703,-0.20999653122907558,-0.29839462785295356,-0.3753665649776334,-0.45021577820999026,-0.5124798376821381,-0.5517323377255012,-0.5714043480276292,-0.5817817680382622,-0.5892304408055449,-0.5912294736445002,-0.5797403413733064,-0.5527615796083741,-0.512084896612342,-0.46103550035406443,-0.4125856139546225,-0.3870072268083896,-0.39326483407189816,-0.4219438968420975,-0.4457481708733073,-0.4277145020513305,-0.34598198954295983,-0.2299025736813022,-0.10512451496916755,0.016684932974988353,0.13199512276162342,0.24911077356590577,0.37309802186316626,0.4978795489303215,0.6047859861520013,0.6760402503807601,0.7022862327972244,0.6661027207646031,0.533928221152959,0.28720026218987255,-0.006780125128127902,-0.25428688798671617,-0.43317736087008607,-0.5405784311651615,-0.5778967674923828,-0.5646589404201222,-0.5131833767438878,-0.43142975707973913,-0.3414239179012724,-0.27708663119169935,-0.25078952751382977,-0.2444096583721247,-0.24134214811967125,-0.2345172060392992,-0.2215472038783456,-0.1981032339013789,-0.15931807487460184,-0.10370324770931989,-0.03176324182426388,0.04419086629728274,0.10859944216554616,0.16328555601909567,0.21962962084289475,0.2895775938364153,0.36672762479120535,0.41621127160025084,0.42910180827121724,0.4162817172589071,0.381400296304876,0.32479997310071196,0.25360428757509185,0.18339080991176676,0.13346504630137412,0.10920451760216444,0.11113938522053264,0.14120619373614077,0.20312905551201377,0.31406579120757394,0.5192068035822271,0.76127816134921,0.5797689809268168,0.37434576103790107,0.28121695303718774,0.2573910852129689,0.2795266503029798,0.31064857634374915,0.28800111273851037,0.23329240627235087,0.17322587025868943,0.1014723126095625,0.012722325921674476,-0.08350427447836162,-0.1574777435211551,-0.17543921555241013,-0.15063076973950773,-0.11224632660586628,-0.07579235545841129,-0.03921018636283252,0.004120670835657973,0.06311971751082125,0.13733673252647177,0.2116994884395346,0.25693374269326485,0.25105402389638176,0.19587979183597387,0.10096592916235378,-0.01105216608924709,-0.09883971265899553,-0.14427979413475286,-0.16669523391326005,-0.18438133689937053,-0.19748053966211118,-0.20013548323947009,-0.20718311732000178,-0.23261992308068452,-0.2834174522457051,-0.3628629560983351,-0.4784017023234882,-0.6174537165577214,-0.6888968134172223,-0.551236055902128,-0.36942903341787553,-0.2746346584971425,-0.2296671556324006,-0.1993230838376168,-0.165525658108909,-0.1149295688112116,-0.03153032753600747,0.07132428613666679,0.1467695566246975,0.17766276797286076,0.17900642964222746,0.166003427139374,0.15024674956247142,0.13882427319790064,0.13307026826458734,0.1334141388887081,0.13989299030630112,0.15123959803302411,0.1653725433860211,0.18027501311146815,0.1974790037540973,0.2200169817696027,0.25663282347282645,0.32675530006966813,0.4457691518322605,0.5748279491339495,0.6631774055905822,0.7052399766248326,0.6829368588414841,0.5854449040122203,0.4424685009610567,0.3200860030080455,0.23510036539260723,0.17085724629483381,0.11214322415829643,0.050108668138931924,-0.025821358010765554,-0.13679868165380812,-0.3012716962426942,-0.4810663906722958,-0.552954693732739,-0.5421062456078576,-0.5311957645854267,-0.536620309220435,-0.5535645772603442,-0.5798522177139915,-0.6108799347751371,-0.6374909809468695,-0.6365284284357758,-0.5825060890402293,-0.4609424583964418,-0.2964634426180377,-0.1398826027724481,-0.02653713323035212,0.03277895684539904,0.053354482566762416,0.057821992681270654,0.06264163348591824,0.07031337269165525,0.07615297607062761,0.0794690758879219,0.07957754400884914,0.07106438581652691,0.04675601152002202,-0.0060545142132254065,-0.09881944751861726,-0.19697518748545276,-0.2339320689473398,-0.2405142998224511,-0.24000493732772635,-0.23286410501581428,-0.2011841168427442,-0.1282434749662507,-0.01634288763288328,0.10041445785717279,0.18593409397113506,0.22999996539549092,0.2379727370761213,0.22481855689004418,0.21362956853242193,0.21253551799742604,0.2160186704826643,0.22532895560836624,0.22894045594130036,0.21634172882630925,0.19003359362782674,0.1652188380541302,0.154880680003378,0.1650432139469838,0.19197163837972842,0.23111401358680414,0.27515081519421764,0.3173777509855715,0.35464054219142643,0.3699367584030293,0.3401168543020505,0.27736996418494825,0.20850094661255336,0.14599983302244596,0.09358075837399787,0.053307911809365054,0.023991306632447137,0.0025273463888189763,-0.016323502441695822,-0.03512308559286492,-0.04195382377609073,-0.031688029557613344,-0.02300912403561676,-0.02251412708323131,-0.03247250584927049,-0.05388618781242466,-0.0841242614088238,-0.11921314626140987,-0.14316769112285177,-0.13758557088826776,-0.09745078444431814,-0.02016084991456922,0.0917868242614289,0.22113627069946487,0.31530780969715194,0.33975442144819956,0.30729117781210485,0.24977738831364102,0.18822317233069774,0.1288571356669188,0.07406508046529918,0.028775384704941526,-0.004652500769448751,-0.02709926190423685,-0.03986673252738751,-0.040348174822109895,-0.03372476556885927,-0.03342067979511521,-0.04693605975545867,-0.06486765912092651,-0.07575914066577134,-0.07446803322461018,-0.06762640399466387,-0.06450723600660312,-0.07226614398139822,-0.10232435800615076,-0.1643776769859893,-0.2527680774037203,-0.3336382681649402,-0.4007985821134432,-0.4756166952123764,-0.5647171916839431,-0.6052993742443914,-0.5587819556449188,-0.48883484913047165,-0.42868481410715387,-0.3787962911537989,-0.3324027886620084,-0.28895953518607986,-0.25653850438311265,-0.23813019379415293,-0.2226360455113463,-0.1948634378156148,-0.15247344376668198,-0.09895568158192782,-0.04706228206751328,0.0008532763295110715,0.050894476667604514,0.09922100787725209,0.12349586539154263,0.12200240631910055,0.1187456620263282,0.12156205515032376,0.137628670991326,0.1681276877723444,0.2076265805202759,0.24327107511953192,0.263079728385281,0.27009866550997047,0.2701230856148043,0.2524324017498227,0.2101423271122556,0.1621113764447245,0.13620613586219005,0.14589299344731746,0.19774005435309974,0.2965313516688298,0.4291005852123885,0.5608918825696593,0.657458474693688,0.7076952402020824,0.7197723946070983,0.7018694947615589,0.6553347637047258,0.5782267419654046,0.4668390329558077,0.31905450900283616,0.14852861679245447,-0.029131358935709423,-0.21528342163627792,-0.40538989490585264,-0.561095450909097,-0.6581255146687418,-0.7206398519731281,-0.7706027533616072,-0.7992100430064745,-0.7995272379002306,-0.7867430503412953,-0.7799563335036312,-0.7846688570260116,-0.7926835534693362,-0.7962937012599356,-0.788836452322909,-0.7668848047964044,-0.7302741418386118,-0.6682116438759694,-0.564061255363917,-0.42282643031793155,-0.27243171189165677,-0.13466766972847563,-0.019107719559881716,0.07381746594753803,0.13983605281932637,0.16765211677046993,0.1616094244644154,0.13755015092753692,0.11188923235511797,0.09413481329445711,0.10430521830596996,0.15180722734471772,0.21998432255358866,0.28322408490198014,0.3218987023028673,0.3445273697962086,0.36505001810482396,0.3868940086844181,0.41534046765498644,0.4517317789441673,0.4948807635604035,0.5401590068795038,0.5890018915166184,0.6364913240755579,0.6679424432930775,0.6634881303295403,0.6291737897285063,0.59066062213371,0.5540656544740609,0.4856461316468498,0.3269662302545064,0.13049570815349282,-0.005525417981438054,-0.08057172867614192,-0.12015308626176599,-0.13454324466838338,-0.13038587521933295,-0.11378597957396439,-0.09707353587099025,-0.09040214512118176,-0.10049764022716515,-0.12552553001700148,-0.16230279423182895,-0.21306602645118028,-0.2849033141620235,-0.20249628974934256,-0.014505838808737846,0.07464156474934487,0.1320931352259513,0.19098042966841228,0.2641814108720121,0.34405132270750594,0.40065349916241866,0.42240177956148334,0.42293975456088906,0.41219528713934217,0.39440993491047205,0.3831601205867628,0.39896951922731055,0.4529160397632827,0.4988039642407404,0.45523782481329095,0.4014307427434166,0.3867369617021696,0.38603051334337607,0.34719816637187606,0.2193976863147716,0.04463984908013085,-0.10640747587199507,-0.21407374623654885,-0.27977038199422105,-0.30494554725860934,-0.3026977542478018,-0.2955507618738193,-0.2827826939718686,-0.23828509691953217,-0.1494221662193388,-0.03210746777071758,0.09542849356409705,0.21696020568591307,0.29273521709539607,0.2744164347062995,0.22075882706891303,0.1733060716690873,0.13207286852780653,0.09254696272738845,0.04700179862562109,-0.007912525628860256,-0.07461287507489027,-0.15556077980788377,-0.25276980528601983,-0.37040896517566463,-0.48606370754781053,-0.5574557859620716,-0.5535428200668945,-0.462886236144066,-0.3112875790685265,-0.16411699631764776,-0.05289254955502973,0.023493559744677255,0.06277344476717528,0.05341384142612202,-0.016594887233264403,-0.13227695911075912,-0.26197577890178975,-0.3928913343565072,-0.5358306821492286,-0.6205657868237846,-0.5441139052222985,-0.43739123154280973,-0.38502292068163496,-0.3798370525233076,-0.3956338254996885,-0.40850173527226646,-0.40449083750116227,-0.3778108736047687,-0.34164634804174465,-0.32160101042953243,-0.33184554290048557,-0.35842996099076047,-0.36637785732109135,-0.3230524717146912,-0.21682625614459405,-0.06489126043609829,0.08217509455123949,0.18781362791516185,0.24779929441322504,0.2766163028797225,0.28888866885260395,0.30067512828793624,0.32504780417737517,0.3674561218982787,0.4261740657373736,0.5063619467221603,0.6069543641265247,0.6668556825676594,0.6037367979956828,0.47475498407468086,0.3542295811178752,0.2586153360097733,0.18639601541830614,0.13417055149451879,0.09870152209236244,0.07196817925587104,0.034900163119567396,-0.03273815550956792,-0.138584744976058,-0.2448561718309226,-0.28606819844709624,-0.2661095431163738,-0.22399654266260205,-0.1840186821706024,-0.1620177920110942,-0.16076821488940335,-0.1751667458043064,-0.19883672451381634,-0.22429705628223387,-0.24859361954464906,-0.26955439392788483,-0.2847372910417747,-0.29037660980075586,-0.28510435162204556,-0.27113336861660486,-0.2540592475047953,-0.23507659906514602,-0.21447758139091586,-0.18609750358063384,-0.13207435812321305,-0.018348539176746247,0.13479601888292483,0.23571477676092145,0.28019371282946637,0.295277254713124,0.294298549726742,0.28045905779045105,0.25921959411383827,0.23803222265161325,0.22396480694968532,0.21758567329833034,0.21825431298523254,0.22557252390878088,0.2339966319290363,0.23772006096516798,0.23307413524802115,0.23136060307675427,0.24071853023418913,0.26188421610496143,0.2970752451678515,0.3434652377924549,0.3857457050660736,0.4137843241153442,0.4306020538599836,0.43993749186502684,0.4431157101935062,0.43911366866442153,0.41582060553453676,0.3184821520014976,0.08888533483882294,-0.11512040796326226,-0.23524223048132797,-0.3218272908636069,-0.39819220635269165,-0.4659492342681333,-0.5259586448169801,-0.5748968460281925,-0.6077736690600782,-0.6115193839721799,-0.5702215288719822,-0.5021602451616521,-0.4325214808649785,-0.36361590828546947,-0.30358311343666017,-0.2556329835926981,-0.19871273450401866,-0.11783422195860394,-0.04335158491806825,0.00541106144764516,0.03354496989497122,0.054298791312133256,0.07831320972956808,0.11330942051152271,0.1603620452041402,0.21688662593117813,0.2734117093304096,0.3220628442863641,0.3619772275715777,0.39282102562356014,0.4153735753501223,0.42465933574776205,0.4220990454979966,0.4002053069436024,0.35302210279424945,0.2895205129863145,0.22077264189380635,0.1568254678377645,0.10245827735573888,0.06254133280474236,0.04157219434657019,0.03934803286428236,0.053026326259520834,0.06720362079750572,0.06651435084608157,0.04580871857555161,0.017255560964358086,-0.01385179956646965,-0.05349950660380834,-0.09763264832690625,-0.12935097288517808,-0.13994364773526166,-0.13193416430581414,-0.10967492489867801,-0.08322669177594383,-0.06835115085502287,-0.07070718680022127,-0.09113673871760085,-0.11654101963889733,-0.13322043797583558,-0.1361710812453327,-0.129917320882127,-0.11909751756658365,-0.10664809394554939,-0.08746070062173927,-0.06239336640885732,-0.03236094036523537,-0.0033101985238394934,0.01708623181923197,0.02639538167839841,0.040282178467703454,0.07190051850396674,0.06479976085671373,0.046276349400717995,0.031912201693076674,0.011383754481758329,-0.0160541705680899,-0.04299761158931087,-0.06549946420628769,-0.07889161462261847,-0.0795173090218438,-0.06416279501365577,-0.028475293952333103,0.03269072931278848,0.12045668892049884,0.22555891053827368,0.3267519731841551,0.3962524662425692,0.4190293783434043,0.4046745887629235,0.37424732915356235,0.3435892244708251,0.31834974034646624,0.29170852156529264,0.26476499844298956,0.24352073700710888,0.23833438456038222,0.2658230802141421,0.33543642033339505,0.3977553472082874,0.35110525350299765,0.21172402133522664,0.059412490882420475,-0.0902586325507028,-0.19322088271078244,-0.20777445272399245,-0.17056431301346509,-0.14535569650093064,-0.1444111026167612,-0.1614591381879025,-0.1892117836812333,-0.2250931550728366,-0.2645138346987586,-0.2997980634404996,-0.32996016694532687,-0.34692081334282027,-0.34902963043691665,-0.34041939742415933,-0.2979824475473419,-0.19186894958065348,-0.08092682019907974,0.009936334780710829,0.09099222389768266,0.197663695608257,0.404227499661788,0.6459984286603349,0.7561207748135823,0.7895311469162173,0.803862061934947,0.8093488987447097,0.7893231137115068,0.7130153966814633,0.5669729600887822,0.36021239902181906,0.06905918428138717,-0.2791900686875028,-0.5109161488766365,-0.6177647688032436,-0.664430877927472,-0.6713530937963154,-0.6404181221701345,-0.588558545845007,-0.5458111570323542,-0.5276163689112777,-0.5302766520795206,-0.5466285699396727,-0.5740208262395019,-0.6056313941405971,-0.6097889656404171,-0.5425244121268047,-0.41323372020765403,-0.27717189345403354,-0.14460066410997158,0.0012976525064131402,0.173558426212621,0.3457790681827516,0.4591699800555021,0.46762595354923414,0.3564356424331859,0.21724271124878505,0.13344371590686635,0.09980473284103959,0.09960600881304717,0.12641472223632041,0.17670845815772784,0.24787074421036986,0.3338596314185573,0.4167637126629239,0.479511387348017,0.5143393689466935,0.530126791829716,0.5371697966397215,0.5392013929147251,0.5283368155990361,0.4953324706394838,0.4393776842401043,0.3714825257434463,0.305106492811425,0.24614459955146029,0.19894449024946986,0.17264640865518718,0.17679163042241278,0.20052850579019907,0.23545069468343305,0.2862868040529639,0.3600146851239274,0.4556629124625054,0.5381151245859954,0.5410769251519554,0.438282046108466,0.2640823579925843,0.06324135108842756,-0.1301635307314144,-0.29153531719485276,-0.41994261280824996,-0.5189220733764395,-0.581491273193765,-0.5989948179715487,-0.5780504367238317,-0.5309994140317167,-0.46677365874825033,-0.40011491508937497,-0.3449278124655175,-0.3076884942852754,-0.29220519469748557,-0.29950821225655266,-0.3284384254353237,-0.3713520371659297,-0.4071209357512198,-0.41230456548793853,-0.38751586283258194,-0.3467248878807209,-0.25228920438089314,-0.09913718223375242,0.027110325297934,0.11857230317232645,0.2011911001509509,0.29283965228914544,0.39274897489961896,0.4836959879001336,0.549657980399195,0.5780311204316797,0.5872944903949239,0.6042538653255566,0.6481654059112028,0.7496296619163746,0.8403852970036794,0.7852011581453916,0.6646328999871014,0.5726241138636873,0.5142076567554854,0.4790976622238961,0.4546649021867279,0.41760640183007536,0.3327591475644392,0.17489580070760155,-0.03389586855467765,-0.22375234322096296,-0.3496202539513534,-0.411767634543855,-0.41080689250711117,-0.35484285629687895,-0.27404499261229437,-0.2003611327874487,-0.14452040609740066,-0.11082255806685858,-0.10999622826892726,-0.14829945053409554,-0.2213381577673599,-0.308055800989543,-0.3672498112318829,-0.3637710752361437,-0.2752900904214747,-0.08894320417560919,0.16048137848112481,0.37690826678542416,0.5058945909883921,0.550236514073015,0.5285763345273032,0.448967373603905,0.3145485322609152,0.13278415482522693,-0.07260203437399929,-0.2694714166227376,-0.42827929492919503,-0.5398557832533837,-0.6109894511605225,-0.6535927505564197,-0.6760855970761094,-0.6863689952863661,-0.6914243353247742,-0.6972506701811849,-0.6732241603042345,-0.5550287301603338,-0.40005680508509067,-0.2941820604017208,-0.2319950673970089,-0.19335970357733862,-0.16497626512800012,-0.11018004859422369,0.0327135708882312,0.11188669376139429,0.14820899623248335,0.1818762653642224,0.22271300540618613,0.27159526847153487,0.3227277505351654,0.35964466647971205,0.36549744458792327,0.3478294977528462,0.32803272686441304,0.3245049724803535,0.33010451217439807,0.32394163193408737,0.3002501194950697,0.2739186283264496,0.26768783742140867,0.29285278592424613,0.34423257075808633,0.4092868426121771,0.4819749112881315,0.5473316909973223,0.5886508711280745,0.5995242784527723,0.5936381533419448,0.5864867012318964,0.5845445082040014,0.5772550722490145,0.5568090810725891,0.5312876042265271,0.5051797155511438,0.4784733134916183,0.4404090703805499,0.38312701660147747,0.3090771321730802,0.22723710157508367,0.14733969045874767,0.07492055140016227,0.010291089632225015,-0.04446134371127122,-0.08993308235578991,-0.12093844702393938,-0.12636631293797654,-0.10799843947203751,-0.0810576416894195,-0.049022253466116814,-0.016607855669975264,0.005149979181349261,0.011889473047284257,0.0063506481823856955,-0.005103515224451841,-0.0198815975005496,-0.034884991756675386,-0.05045373671226019,-0.06473138658954318,-0.08114090582406469,-0.11076870583897522,-0.1250519153622113,-0.022415695367423747,0.004954483305540753,0.0113117718500687,0.013603889044405269,0.017142373855377133,0.024346026926593916,0.03086457346601852,0.03157158915972023,0.024611810006689876,0.012308451635981913,0.0011627526696058124,-0.011254349415713556,-0.03143516078566119,-0.05256981894496715,-0.07171087982598243,-0.07133373286492045,-0.0394973088692995,0.005704487136993324,0.050683174852802874,0.08462419812668942,0.09893175618335963,0.0914751036444508,0.060019028663737116,0.00643111905781792,-0.06709076960132336,-0.1616016767479089,-0.2668003814471036,-0.30315104532558224,-0.263607972896356,-0.23603906665836433,-0.23052824454353946,-0.23893093526959883,-0.25804323569314513,-0.29485723138163095,-0.3505016633467449,-0.41078742380193467,-0.4439904360596176,-0.42252114025955434,-0.3595422975812766,-0.2904583981111363,-0.22955814859404905,-0.17856406798139038,-0.13974978226975865,-0.1099099763499173,-0.08506368341957245,-0.06746828690095219,-0.05676039603911505,-0.04398298981136283,-0.017602057366540347,0.03266929015007431,0.1073404704092684,0.2073044611963942,0.33159864366779157,0.46076050971445065,0.4738035156225889,0.34009334293270943,0.22873804676920453,0.18048845296736163,0.1844891746026568,0.24010615287866524,0.35124204110835805,0.4928170931584928,0.6059389216549985,0.6720318703067077,0.7059457328328194,0.7157296859839777,0.7038834630078415,0.6714559119572341,0.6142209322206166,0.5160659327729844,0.34029187959057344,0.03808824663905688,-0.3452920004247959,-0.642657507191148,-0.7984182762659963,-0.8680012063353452,-0.895008156579108,-0.9004480432433571,-0.8938217543736872,-0.8803865324898404,-0.86404301221243,-0.8471815981994631,-0.8294103502872464,-0.8059871174836505,-0.7583747568718352,-0.6544024622914867,-0.5171545049558918,-0.38895686021233944,-0.26968628870762745,-0.14655958617621093,-0.011083064371201962,0.13530368776318735,0.2853377888629936,0.40151059590556115,0.4436746499239209,0.4462329424767428,0.45239276722031047,0.4707903536000734,0.4853626931583205,0.46604230086595194,0.40000930357653897,0.30584944368903716,0.21023597505798086,0.13246826286717486,0.08101258249668883,0.0621629917422698,0.07195238219872896,0.0979764666581161,0.12427845967979124,0.14229093928233644,0.15627825285607244,0.17551086031047267,0.20258251537072633,0.2414647284603406,0.28351836333882896,0.31655126555705637,0.3405815500919524,0.3720676768112441,0.42013504337830915,0.47841902915169576,0.5322691660023612,0.5693050412373946,0.5691376149841407,0.518532160562936,0.432732654949406,0.35552383931451625,0.31888613549223144,0.3132598797018383,0.3174274729019226,0.31943674298760666,0.31579141114385473,0.30328281380847216,0.2819487188697089,0.2570018405815541,0.2338545951552426,0.21528362449447902,0.19907646414923819,0.18394067386211482,0.17355867068704242,0.16210995729018773,0.10274053779172657,0.0576762047755652,0.03480326451141359,0.016613974305909253,-0.0005529123042017418,-0.013917630460727876,-0.02369606823549077,-0.03508406861409668,-0.05246310310507164,-0.07839381213036599,-0.11225572923449875,-0.1456171834947464,-0.16225228250051552,-0.16611652158927076,-0.1678300642760897,-0.19232565058450685,-0.24765204310036698,-0.29515079000230665,-0.2004116717656781,-0.09939262380931091,-0.06592826661157465,-0.06592262383196507,-0.08636803214375216,-0.12732727837400087,-0.17985379832616774,-0.2168513156770649,-0.20208139294860916,-0.1319338980166131,-0.05734735469019192,-0.022812741752178307,-0.02939297575627026,-0.06766094953635339,-0.1128098087200282,-0.15445016238811257,-0.1946199521478763,-0.2514716676980768,-0.3034819533285035,-0.26695332888585044,-0.24706244667257604,-0.2690579141303768,-0.31308879536505774,-0.3614122922578938,-0.3925883988310614,-0.3838945447294967,-0.31998299261586177,-0.2193233503374238,-0.13249739577874783,-0.06763963166666308,-0.018462526732732316,0.01275123946316446,0.02988955447736919,0.040599435026764025,0.04704787387489797,0.05198995498367752,0.07364424072586055,0.1415037777790723,0.2743279861135479,0.4070728789742086,0.48377169527870545,0.503760053542116,0.4656175653989312,0.3546051045611723,0.17322046391476523,-0.024368961103771212,-0.17641582708903517,-0.2665078075397144,-0.31079972524336624,-0.3293541990777156,-0.3390856513965485,-0.34973424449995577,-0.3627178821992717,-0.37356571240820086,-0.37622408860997913,-0.3689964658785393,-0.35326633196631724,-0.3325780687183693,-0.31288249959019643,-0.2998581752648545,-0.29267451876539374,-0.28476934152164257,-0.26353147662683324,-0.2205970334485127,-0.15318634558458538,-0.06727257181369772,0.02491064958649862,0.10449925406913296,0.1589316500917854,0.19184291655819116,0.21651631991822776,0.24235794827876905,0.2676538984653413,0.29144148679476284,0.31480123933347254,0.34075112699157933,0.36384359560795254,0.37813495458367025,0.3833349507180009,0.3794866106839749,0.3711603261098465,0.36251074603221245,0.3582998979563608,0.3654096085641088,0.3871030664361399,0.41677087858142714,0.4496869115336602,0.48505373709965216,0.5152602394409761,0.5288632137703673,0.5166794330814856,0.4677587593088695,0.37425035040421883,0.2315717514891457,0.06181146126373679,-0.10384331899115098,-0.23373235298433878,-0.30258354573335394,-0.3060203729997261,-0.2655610838064547,-0.2129275907802941,-0.165920758660881,-0.12175913998988361,-0.0697855498776391,-0.013082195545857602,0.030064174088625745,0.056610836056224106,0.0891576095682018,0.15748377707961408,0.24836627994446647,0.3069415610893733,0.33480320760106785,0.3524014221247203,0.36274066766238205,0.37038545059115274,0.3796906993584288,0.39040049692137396,0.3070922291288615,-0.037568620325903135,-0.22063957110129542,-0.3102630335389477,-0.3792103751904649,-0.45181796989258505,-0.5267932514738393,-0.579608438484704,-0.6022369129360798,-0.5998683148795082,-0.5835833856584179,-0.5653498629976218,-0.5671320578036858,-0.6002912212569431,-0.6616290685476156,-0.7300531201538532,-0.7791372550701385,-0.792626880881874,-0.7615519694570221,-0.6550278454110675,-0.3997564312048261,0.031434766731239745,0.4065447401952468,0.599988899350816,0.6854235392928667,0.7183811475747054,0.720910804652374,0.700840184117232,0.6596622038315414,0.59985847617722,0.5296139182409945,0.45579703315628767,0.3818621471440669,0.3036374495997356,0.2150781636910282,0.1223210470988899,0.040364648178655205,-0.022258854297043575,-0.06749698739800546,-0.10442785987374387,-0.14294610159672425,-0.1849915506844883,-0.22456351691473075,-0.25139892991145857,-0.25413650742785554,-0.22109295162327736,-0.13882419669233403,-0.0029505613990051098,0.14121980051310554,0.22480682104504135,0.25524251293035677,0.2645082942464154,0.25841663025536316,0.2351802580721225,0.20803734379545208,0.18825909272306715,0.17625581282968691,0.16503421864283205,0.14426210705945627,0.09882016651757262,0.006253243994286983,-0.11667855769998783,-0.18145370397492036,-0.21643602384577185,-0.249015465825148,-0.25387345265887695,-0.26510679483963834,-0.2986905197099494,-0.3273982386609908,-0.3292184849835438,-0.3033377784984247,-0.2582669495143888,-0.2080221013375746,-0.16016307444362082,-0.1112730945278974,-0.04911187187338726,0.03531953539701013,0.1375754387437114,0.2380830718097899,0.3046349683065495,0.3169357032174213,0.2854008499426687,0.24164131464446614,0.20613688859088458,0.18088819184540558,0.16214592016729906,0.14314543462143842,0.10834715229874778,0.05025348602173576,-0.017873425898344553,-0.0679273656382943,-0.08449406737441702,-0.07316363763481477,-0.05182677560139311,-0.032335459873762774,-0.020669634256141975,-0.01832615514834648,-0.02372935443245936,-0.03386883728517124,-0.04624294735512418,-0.05689098188783114,-0.057084402728309454,-0.040551049142432016,-0.008016315934093418,0.02733380808659517,0.06031903811951109,0.0942817575045631,0.13381861459515224,0.17871863050939,0.22495296825589312,0.26656780508968164,0.29210188444991014,0.29461322162642845,0.2824088439993181,0.2620798226290483,0.23682862253648695,0.20301657401524825,0.15491676531431275,0.10119382845837224,0.05275185430324838,0.015100470681860793,-0.01335095167308963,-0.03652146371428342,-0.05934456225421862,-0.08762726383500159,-0.12483081896227037,-0.1725812226676747,-0.217871720385072,-0.24426453836963485,-0.2490319408498302,-0.2412042374836504,-0.23092114875901296,-0.2268596767778384,-0.23396254323409277,-0.25553849621722025,-0.28600494040092106,-0.31036885997021435,-0.30970525568231266,-0.28867467962705173,-0.260751810550723,-0.22721223860541892,-0.18762411659949493,-0.14731489454716662,-0.10856350142299626,-0.08128750511133093,-0.06595943884334604,-0.046398024732622445,-0.01141438787093509,0.03945625559313318,0.10605673698942936,0.18129970558624095,0.23909315699462683,0.2500732179677441,0.21105898438130422,0.13849013098334473,0.05917480350735118,-0.009461320913527518,-0.06245464765478545,-0.10152912842987331,-0.12848961216933993,-0.14355940784990978,-0.14652722482419692,-0.14217640302196977,-0.14212632051252108,-0.14811081826283823,-0.15388301069452845,-0.1578585504735633,-0.16707624656434117,-0.175634690383954,-0.16478078116070324,-0.1224680555490303,-0.05323323686487607,0.022262892693885938,0.0610199877210182,0.07191527296536247,0.0755678107738088,0.08149531154289785,0.0939837446322184,0.11783658608834148,0.17041796295039996,0.2550429327302969,0.31627455913362273,0.2999209102373944,0.23587455877315755,0.17257649964803182,0.13173876220054764,0.11741126059364441,0.1245412009905635,0.14305198673495192,0.16792235771784134,0.19988812510553303,0.23417063510950384,0.26141974787099237,0.27188471594182206,0.2622780402827916,0.2344209063037869,0.194200683165494,0.15087138837740396,0.11357739769870442,0.08601897075074033,0.06551063877417297,0.04544402569777302,0.02015505231832532,-0.018764460632504993,-0.0789534923145567,-0.15993234908732817,-0.2556895824179045,-0.3683030985690295,-0.49766921440476125,-0.5369686762913629,-0.44452151588377803,-0.34404815809728195,-0.2606971813894765,-0.18363394073467207,-0.10260237112366638,-0.006278335996727941,0.08047975055933078,0.10998967654401401,0.09748883130227613,0.07012180405761718,0.03453240643336792,-0.008405882752406793,-0.05989195746174119,-0.1223675347578928,-0.1771303329196777,-0.18359334970801738,-0.10555132273182354,0.059037563551779804,0.25086794040672145,0.3856462955774664,0.44238173466106967,0.44296324822629285,0.40725627542677106,0.3517430154616821,0.29559313382379054,0.2509421272068095,0.20791815897374566,0.1463263022716077,0.0630382700789407,-0.020099606902583663,-0.09228522832934694,-0.1591255055792719,-0.22616065296288232,-0.2888528139609864,-0.3445361195933147,-0.38862156899685474,-0.41459616167542857,-0.41912584121507346,-0.4173466788104214,-0.4199872217651751,-0.43475376775688307,-0.4549075067715807,-0.4566192922734696,-0.3900435642054209,-0.21350967062911275,0.046733409303329705,0.2789794531202011,0.4213339389121431,0.4946296156295412,0.5268344958227088,0.5318959552208824,0.5136844177786776,0.476353182048741,0.41675657792555626,0.3299421749385668,0.22285787355666148,0.11477671819715966,0.03153615110359052,-0.013690710489872856,-0.034775363820045806,-0.05007660175888161,-0.059967257211180056,-0.04891492049711333,-0.004566939113779497,0.07114828296809231,0.16525188453947784,0.26896504029039114,0.37345386672712905,0.46437750482048085,0.5413232160131377,0.6048514565034355,0.6405329533481252,0.6248502328556852,0.5616310864866199,0.473978130697482,0.3651832562583428,0.21535699127465707,0.022490962176763208,-0.1647412692205396,-0.30648665140201853,-0.39784547797467174,-0.45234119768601616,-0.4884968619088356,-0.5146305200808923,-0.5291729096918977,-0.533790596495755,-0.5323813673957838,-0.5184879682482432,-0.468970302028421,-0.37507925798267366,-0.25542673657321546,-0.12230236789119607,0.02553367127706307,0.1827675509859412,0.3418985379832062,0.47817022323247144,0.5597674600974847,0.5858675916209017,0.5714036943604058,0.5341987322810582,0.4891122070420623,0.43099844492700157,0.33051421929280017,0.18721078230527224,0.06188500513089283,-0.018315058188372983,-0.05610272147029281,-0.057768827407217706,-0.02195377913833373,0.058104919080085506,0.16628759897301182,0.2541952884844611,0.29676602836319393,0.2994905115971114,0.2673723300465297,0.20099786763507566,0.10105199676059672,-0.016107270364414714,-0.12996529535125867,-0.22055759006470435,-0.28954658944133554,-0.33527235913963865,-0.35990162419357485,-0.37487854369689616,-0.38879107835210464,-0.40737253525752576,-0.43217268889594457,-0.449872646894303,-0.3969747482134944,-0.2923458678318753,-0.2114405953271247,-0.12611918609889752,0.0065163382216907526,0.15196672497497257,0.24521312434189912,0.2775588184620395,0.2586657276322291,0.2113103943544332,0.16334208929676733,0.12641592210770516,0.1003908662870548,0.08291615528304497,0.07628386911749853,0.08218316299806991,0.09190294648059197,0.09992401369804131,0.10795419804955966,0.11387249892365808,0.11032291115032855,0.09475318954929644,0.07770128147592509,0.07406333179754895,0.09250467910029687,0.12943399221126725,0.1732327327196416,0.20433169225585365,0.21184280494259408,0.19616227553944016,0.1636175631209042,0.12166538953103409,0.06965236120056274,0.010922398440688161,-0.0490435918556415,-0.10665437500760391,-0.15952491020189405,-0.19877976029810374,-0.2229160632842257,-0.22830090396046923,-0.21521658776650823,-0.18477858904702915,-0.1468569798556233,-0.1126063527893617,-0.09022986682604231,-0.0854604808559887,-0.09967414930778053,-0.1282373384507016,-0.16150560117167068,-0.18711985985717447,-0.19487414191188998,-0.1898682865805065,-0.17598831897476863,-0.15403749019782653,-0.12449588090965578,-0.08618824017231594,-0.04277743882096148,-0.006247929871279814,0.012517127874657313,0.013009663579917022,0.006154690526794436,0.0012833893736591225,0.0008771072939533396,0.0031716866139082844,0.006008187076654835,0.005610749035552438,0.002861810878665662,0.0029626782275763083,0.013789082169959015,0.03449833844068066,0.06078914667539159,0.08835680771472604,0.11616994669750691,0.14036655260300931,0.1696061204123007,0.22148922936055743,0.3239421731017748,0.4451285620345998,0.4251200353318721,0.33031462352142626,0.2592533028647389,0.21518190668669468,0.18612179374810622,0.1656824437520913,0.15297027213551104,0.14317762049535387,0.12992339624116483,0.10839296181810842,0.08367509847958687,0.06143201393301117,0.04134997720630208,0.02077725104979479,-0.0010734360222716256,-0.019868751722196272,-0.02005265530704239,0.0026699112724642552,0.03492959245773035,0.062484384534416224,0.0838187516961936,0.09602591178819633,0.09726182724729078,0.08454018046719307,0.06090729336149229,0.031139704923345293,0.004960259825402058,-0.015522960522849249,-0.03130254197833235,-0.04259386696699856,-0.04014740983976018,-0.01576359730719671,0.0066194648224864065,0.01792189306948875,0.02283889075209385,0.0245849889743329,0.02610598874722562,0.028190748081656808,0.03433072879723506,0.04678436802031026,0.06769561263447428,0.0920392190933746,0.11295433663535816,0.12085693536498159,0.1118029994910973,0.08770777441733765,0.04980149958643594,-0.005313941805440542,-0.06932162687370734,-0.11760437442097708,-0.14592832804229172,-0.16244739694526678,-0.1727877903973852,-0.17804644369546058,-0.17635723083090696,-0.17188694570622323,-0.1751682670731344,-0.18953644114395676,-0.20395638789704737,-0.2146742382011612,-0.22699125122109143,-0.24545971270848552,-0.2704715856590856,-0.29551649433442445,-0.3072418461334869,-0.29625250066129566,-0.264581335602166,-0.21079368398741158,-0.14001393965551767,-0.06144831851554382,0.018489631731848182,0.08726130489565948,0.1355231255343649,0.16521773209866839,0.16397440889051096,0.11569200255745825,0.001496791126063488,-0.14557535301806074,-0.15199092112950857,-0.13026680341668345,-0.11412604413787215,-0.10604124739114218,-0.10648332670194527,-0.1155181684694564,-0.1310478834725049,-0.14113352426917106,-0.12735006550100283,-0.09042595646659463,-0.04870133473727867,-0.011391233280871983,0.02862978985821346,0.08036899168552436,0.15230335205671172,0.2506745748933385,0.3614868522196316,0.45536743261764884,0.5149089510692568,0.5506036175538669,0.578104954880792,0.602688680923833,0.627151419947668,0.6532129314098406,0.6750844945803476,0.6735372174680851,0.6429581075353055,0.5918300860396652,0.535615177848024,0.47684012141261906,0.41533370387719015,0.3495444293629103,0.2787135080122037,0.19996164519256288,0.09926753507990645,-0.03782844140583606,-0.21162070071983768,-0.3934682861764187,-0.5407526101999133,-0.6261840538421062,-0.6597152255913016,-0.6523802654373992,-0.60943491422246,-0.5307980555559204,-0.41972538288507616,-0.2926187623130159,-0.17389938590065415,-0.08065903620139317,-0.017970642193941136,0.019138525800844172,0.04301173724779865,0.06784519690666903,0.10015629480711574,0.1446826008255677,0.19313195183286508,0.2047338470501981,0.17198196937160298,0.14890993149692944,0.14587633957843057,0.15609346817346692,0.16739477934020675,0.16601797312154276,0.1521172406277227,0.1386378428771782,0.13153010321815303,0.12087511518916899,0.0998420084044925,0.07974900451939097,0.06375670307670633,0.05144027419631894,0.04513101287536355,0.04898801101751863,0.061443184954158576,0.07453587659749557,0.08093154361699775,0.08135382759823477,0.07629940211244664,0.05791729712492152,0.011106884910437844,-0.04921711512122212,-0.09038097941528105,-0.11170462831514578,-0.11959084485173568,-0.1187382270129082,-0.11350734480280417,-0.1083523140451418,-0.10438308529734681,-0.09682160993176667,-0.08578718023442541,-0.07237672169727896,-0.056151672114800315,-0.038908319226185324,-0.025599083375301215,-0.02183968758100476,-0.028170208605815993,-0.04072769835762274,-0.05724790273425288,-0.07003186041174739,-0.07177958901245772,-0.0578406031459467,-0.027311655089592976,0.010768934206840023,0.046152608847164066,0.0751698209207054,0.10301622262354071,0.13763174003037507,0.18993424326462804,0.2742533387449935,0.39624717127581754,0.48489384396830665,0.4642520503958602,0.4145157945988632,0.3800928144010346,0.36141699714290226,0.3488038020387508,0.3199435276598983,0.23384408148997082,0.04279034305677369,-0.24054919301925978,-0.5012911183715109,-0.6823429110279061,-0.7971353969652681,-0.86056845491467,-0.8797467531844709,-0.8676857775038024,-0.8365500710458752,-0.7948168201630706,-0.7494089663084043,-0.7037416678498037,-0.6547973586684055,-0.6051874727411412,-0.5676797379677179,-0.5508212100714355,-0.5499625825677177,-0.5546273148063856,-0.5546857610063524,-0.5402998281774948,-0.5030749598203733,-0.4344511766075259,-0.33522708521934064,-0.2187089922538273,-0.10878740180572416,-0.01970938408540662,0.04259669728518203,0.07854943206032405,0.08786924338790632,0.0828323364761385,0.0900941988013601,0.12722592920899914,0.197801049962283,0.2920506266113269,0.37702798733846055,0.4219498721913192,0.4040439842574349,0.34054575574131174,0.27887199551071146,0.2519025451185488,0.2785723176052832,0.362937967091488,0.48862342341753573,0.616387726925304,0.7165342544517881,0.7839509547558469,0.8245731368234623,0.842568504508701,0.8415646550698056,0.8246279303865828,0.796265563152104,0.7537615862885709,0.6811070375482359,0.5517772298340506,0.3485956599898725,0.10615122362343316,-0.1241717563012488,-0.3185229748174472,-0.46275538635393576,-0.5692364130142651,-0.6585814854634603,-0.7247457639181341,-0.7424378831880796,-0.7228396577138234,-0.698634904469156,-0.6631655541760899,-0.5992680078969312,-0.5201465621208893,-0.4420600776184366,-0.3658263911245742,-0.28154054561601377,-0.16517755944243637,-0.034367803134446664,0.03212053706046077,0.054064521087325665,0.0685328664396278,0.0899537009150849,0.12619079770990527,0.18502113498419467,0.27728505686464794,0.3736183042759578,0.4099721956068072,0.39284373345942886,0.3527707380101534,0.3054541315741429,0.2560754354881746,0.2069833944889034,0.16765339334877244,0.14438735238763256,0.13620233624757588,0.13760149324334942,0.14395247604149436,0.15136215608518297,0.1539063635518096,0.14351850840967473,0.11817268856416578,0.08806235605834449,0.05328614964464972,0.009161060931388437,-0.0422881313332488,-0.07380434418702451,-0.09230150672497263,-0.10095481293000702,-0.08208597100386157,0.001150821224282614,0.1027785819749872,0.16193823847749794,0.19455720315733827,0.21053693776465002,0.21550592929755535,0.21624341596411092,0.21960437248498071,0.224057931969312,0.22177183060590763,0.16939676324400726,0.022313761060766844,-0.1096375886984274,-0.18974882713916716,-0.24957434276686097,-0.29378779212104644,-0.3230213982749877,-0.3398994278406719,-0.34346235502055933,-0.3328453198318621,-0.313917202337635,-0.2957180453333164,-0.2843653572899171,-0.2803281550598195,-0.2831120033298056,-0.29302862718071404,-0.30515660607984135,-0.3091360048312324,-0.2935813490248816,-0.2568712046317216,-0.20458375007837257,-0.14283048129635634,-0.085245682315206,-0.03849994559424857,-0.004241535997118156,0.020444159647913074,0.04028925787392231,0.0566300641685117,0.07198353609769877,0.08458987602467195,0.09278919113481132,0.10653355534406023,0.14112263578567955,0.2043142038862796,0.28844182582043365,0.3734996555495994,0.44803641855514176,0.510243108342754,0.5342272189727205,0.49076582824393933,0.4182460290136465,0.2727647298807098,0.153334885475289,0.11832134521039868,0.11811799006622908,0.12961495390780267,0.14189470435771467,0.1488650379324307,0.14650156986812957,0.13567863957051,0.12076361918043015,0.0995633755412275,0.05626594730462687,-0.020714780508231747,-0.08472541770110219,-0.1287257465345798,-0.16623555868276976,-0.1987760195628024,-0.22653777828332958,-0.24910256118108393,-0.2633037432848928,-0.2688414008138776,-0.2640935465252752,-0.24799760922678665,-0.21650381748851574,-0.17720491773178285,-0.14257251286590175,-0.11541376708022465,-0.09831179820508634,-0.089788629880996,-0.07015001042087772,-0.030227585566929987,-0.004209692211985978,0.008690924170027734,0.01278941588603416,0.008072624316513797,-0.007778949873095399,-0.027964232385158473,-0.04734338374480856,-0.05320131373013741,-0.023202039480777776,0.06836640646447677,0.19189025278117464,0.2978621324673999,0.37674322471244476,0.4267380487113159,0.4467524414495959,0.43721367899951363,0.39939225321896304,0.3287158964945022,0.2230934135796554,0.09967852807917432,-0.014730667822148802,-0.10103722019077488,-0.158792162288714,-0.19306986143586052,-0.21318889674621214,-0.22773307308284807,-0.2443871600065162,-0.2633291527478072,-0.26884773238404386,-0.2525789037750172,-0.22608306145256138,-0.2009662270345944,-0.18050742815710508,-0.16381346347602066,-0.15202793824848984,-0.14699876917364912,-0.1474681133893375,-0.14179961227134066,-0.10840919787873508,-0.06121030247635249,-0.028552702346983896,-0.006962399794987049,0.01413219196760963,0.03535278600782454,0.05512787124086521,0.07350948795879872,0.08592201813221753,0.08919895191933373,0.08331503171450315,0.06191559239697663,0.020446488924920493,-0.03764885954214275,-0.10223041081875432,-0.16230105363399464,-0.2127558127700061,-0.23629854108014767,-0.13360738234517444,0.20560164378123316,0.3000963021269252,0.3318842981217255,0.3564771277831201,0.37756899398731286,0.3819777846669061,0.3683042417986892,0.34982433789189427,0.3365177112179886,0.32297040991484843,0.3109319444394596,0.29952773387233245,0.2915128385017357,0.2782651258497032,0.24516767901484582,0.18987343233672152,0.12187212266639139,0.04574389242832467,-0.03146409155686022,-0.07539887484782513,-0.03712563154336375,0.11659408857435559,0.3332737933693798,0.4843783144913573,0.5419632136648466,0.5385495028805649,0.4924791355888097,0.4224446237354777,0.34072170656211964,0.24355979038242165,0.1372373723689089,0.057239117901119095,0.04714939492254697,0.11114882770566298,0.23229700793597238,0.3893081992428034,0.5300710328620888,0.5842890378848592,0.5950642439556811,0.5943125194171954,0.5482390590823212,0.43356913795223,0.27242028631544474,0.1028815823024566,-0.06343612562562108,-0.23365071127035944,-0.4227905541176242,-0.6318410956138651,-0.7651861361327508,-0.7227488370158837,-0.6176222833263058,-0.5320088148476542,-0.4813701323776766,-0.46538400284356013,-0.46718936930125654,-0.46172472321014546,-0.43481472767283563,-0.3918979675165921,-0.3442480418437289,-0.29491538525536903,-0.24051726286955316,-0.17210009802795434,-0.0878695073264168,0.006342942450454782,0.10072628313787173,0.18027173936316235,0.22630454940797545,0.2329789305557219,0.22762840938057716,0.2509761725246217,0.3198667125330061,0.42534893882771435,0.5349862228200012,0.622342799155713,0.6777477923153555,0.7059143154691888,0.70804963248493,0.6711670850187477,0.5668502519947508,0.38662502403794796,0.19913791158687968,0.06748206391539364,-0.010280870132973298,-0.05236928250433859,-0.06955544236816898,-0.06775956379574655,-0.05088756522963345,-0.02717299475900821,-0.01605501548255838,-0.03709279096469223,-0.0703419962819197,-0.093666204636427,-0.0971114646920531,-0.08609905251952063,-0.0707050984096063,-0.05694421096340557,-0.043287606054795646,-0.027977405292009937,-0.006711154447537039,0.029515530933584198,0.08850635676437701,0.15066040391022975,0.1901610606815126,0.2099854529859494,0.22560321875674016,0.24382320484016493,0.25994544286076804,0.270645619094289,0.2658629583761288,0.23972668462674612,0.2037800918812084,0.17707968689723716,0.160935089497391,0.15162227319381952,0.14819139981632712,0.14969615636353398,0.16127788695506684,0.19130065245424793,0.21357598129237465,0.140145276527139,0.07512135719334424,0.04554375104408859,0.030959592584874768,0.025775966069632734,0.02987123427096546,0.041887755438114925,0.05300519277990929,0.048222517979946276,0.012746756842742228,-0.04028179093124607,-0.0808513215905202,-0.10325334266280872,-0.1089870564967059,-0.10202575108808432,-0.09069686159748815,-0.0790364891534224,-0.0683270924374278,-0.06028735214727965,-0.05636867167036149,-0.05602582181756037,-0.06532124020514629,-0.09519123438687191,-0.1414630495261498,-0.18241998734402662,-0.1974792447174008,-0.18338489715557985,-0.15054359971924086,-0.11222341338500341,-0.0792627726892104,-0.05270714268849032,-0.03017096763375878,-0.010084822688991139,0.004475203436228916,0.012683084672151066,0.013832231586309463,0.013908537327436537,0.013363590994817777,0.008696176600470812,0.0005495350174766681,-0.00435021171962609,-0.004578290917507922,-0.010922756497611825,-0.03997163224228256,-0.08707070225048318,-0.12066473751482981,-0.13087668314349513,-0.12510143947675115,-0.11169355397831576,-0.09305266653263804,-0.07510419657059172,-0.05734004703348785,-0.0464662178166923,-0.04214796661161484,-0.04140744917892898,-0.039595251371117975,-0.035390709745015535,-0.025586560346180048,-0.012407789188096945,-0.0008252960634449654,-0.003050774841070794,-0.014453539014567526,-0.022542062727298664,-0.02197385577436467,-0.01935314202112005,-0.0221844304937273,-0.04034162259562917,-0.08122809963176375,-0.14548707694017582,-0.21423810338119942,-0.2587973101991112,-0.2561739915390344,-0.21804776967571615,-0.16545873737941671,-0.11308733081266722,-0.06762036475236213,-0.03143093387490705,-0.0015400691224789196,0.02384156534835292,0.038198646325069974,0.03519185709003287,0.018845691009395777,-0.0018673048581487111,-0.02035569801959388,-0.03559499847917458,-0.05168336515267133,-0.07134523099091047,-0.062317072536868474,-0.023201638455570717,-0.003355581387738617,0.003516030863978576,0.0015812869784855269,-0.0026242533935166654,-0.0024139653484562553,0.007529947582845681,0.028980783427623384,0.0582674956089065,0.08671907485794397,0.11543747878260681,0.15000679744534437,0.18545164657465904,0.20026831027127417,0.1833499766800984,0.15470846032847582,0.15541334180032623,0.19957755441621824,0.2823737677426463,0.3744436049868635,0.45575930736989956,0.5224387218855393,0.5677186921747092,0.59371389407598,0.6016683482878841,0.588740416601179,0.5681385396193092,0.5660779130178979,0.5991488000499064,0.656530663789595,0.7098613313518232,0.7238394825292122,0.6902582917107981,0.6183936823633195,0.49905528807861205,0.28125186381767703,-0.11621879374710223,-0.544259483558103,-0.7342477677842882,-0.7727850974502469,-0.7643598456780478,-0.7424393603601875,-0.7116265285019802,-0.6716031375716365,-0.6248804634100276,-0.5830397759139221,-0.5627950914029921,-0.5534581830184099,-0.5381932467793227,-0.5274611277915235,-0.5256447887291646,-0.5243136829051043,-0.5082962014018189,-0.46664907723748356,-0.4075551646822989,-0.34348741429441165,-0.26426923869517766,-0.16558337817208754,-0.07877795073018735,-0.014306545087564652,0.035145976905900704,0.0669071253132181,0.08344051634485486,0.09923810440925607,0.12178606754677836,0.15106063177057263,0.18342054741793232,0.20914667844960488,0.21922739786008139,0.20444298947268913,0.1682123747099648,0.12669937496282127,0.0962342905182346,0.09616194387412369,0.1519414758568047,0.24955960902174412,0.3271238002895077,0.3915947352861651,0.4565573345384335,0.5218996248520252,0.5853443750011974,0.6434232821174442,0.6858459662613837,0.6869583466987701,0.6165884907505943,0.4902721188426474,0.3599163246233515,0.24457756536464006,0.133103549516553,0.0049786727618064035,-0.16109311933098086,-0.34549599328956404,-0.45955242236711075,-0.4744805377240209,-0.4369738597017288,-0.38195081579939927,-0.32915949672410066,-0.28545486440050677,-0.25115943747247077,-0.22152654834713678,-0.18813941278578644,-0.13928710808439398,-0.06916760197661086,0.017740127029601392,0.11217495136179878,0.20912777131714813,0.3141978247536849,0.43616352119149315,0.6025662213017529,0.6806618612424634,0.33039625455406285,0.12326314857825496,0.017874227353969468,-0.057912152684391836,-0.13334325389830143,-0.22544224244043642,-0.34800007402629124,-0.5016913877342516,-0.6389384016283585,-0.68617714018875,-0.6167110889702873,-0.4810358396870178,-0.36747021334359103,-0.3035147048559133,-0.27757086668779446,-0.276674103474267,-0.29285005834407873,-0.31778916156202086,-0.3105032887340043,-0.21997683130535886,-0.10717566404068621,-0.02805752782286911,0.017746999795042573,0.04027865790329773,0.047768285022403184,0.04952603700317432,0.04901760651221506,0.04981221201546994,0.056926612379235665,0.07606925244893777,0.1079480888765814,0.14739262226711586,0.19142333549898213,0.24436009144616525,0.3020690375852093,0.3553935556178631,0.39711385010112654,0.4203776883622275,0.4243773614701623,0.413270125423967,0.3911093117627631,0.35977090715552745,0.3232603954424863,0.282522449453424,0.2367565018995663,0.17466072374329752,0.08007277768262935,-0.029569222420030555,-0.1146459362420122,-0.16986839645413793,-0.2068769634347824,-0.22335045849123814,-0.20486974004011352,-0.16208501179793128,-0.11766878670705064,-0.08987062200575008,-0.08606763026922219,-0.0971429240247063,-0.10687436015719685,-0.0999548251936369,-0.07085311220443359,-0.030497268195136564,0.007433254084765527,0.031298214899645224,0.03310020172458584,0.019683248138367124,0.005220637452836836,0.002105301002123803,0.014173902204734055,0.036911682470606035,0.06142878315094008,0.08130423114190843,0.09623981870587736,0.10894539587251754,0.1211384253571854,0.12790768270471786,0.1228755828040999,0.1060195438079758,0.08755702644094021,0.07446598564335392,0.06523971248245614,0.06036729274895588,0.06207297787683697,0.0675126482530672,0.07303728002631532,0.08264691607471097,0.10582531795288168,0.14408236555460846,0.1775330557693014,0.19647444024449073,0.20337546485387473,0.19816128089767002,0.18202243468577453,0.155934085173302,0.11898778093662538,0.06473521524380246,-0.005502651643986273,-0.08146015832856984,-0.15017785182086488,-0.20554745489205817,-0.2448835092190941,-0.2668614476740192,-0.27761047000900513,-0.2833626814690179,-0.285916510382318,-0.2866853531173432,-0.2881426691114296,-0.2897194505752505,-0.28994989372883917,-0.28523219664296645,-0.26983642160264265,-0.24318964239759333,-0.21052389826155352,-0.17665529901934998,-0.14121326706318033,-0.10478805374209911,-0.05943924192764473,0.0024555669028202723,0.07771508527020635,0.14891729676964166,0.1994228768641035,0.22434074072776583,0.22761311945638568,0.21075212074164945,0.17694120877550396,0.13394211340454526,0.08883174083773017,0.04490362123341207,0.004774674973265233,-0.02920701409248858,-0.05188319937437309,-0.059051114032638255,-0.05144819021111289,-0.033964894141218845,-0.01742974449239157,-0.006316277789573911,0.0005456084474517452,0.0036950191283157516,0.008815253088847003,0.022112312138955984,0.04394473616510864,0.07796790891239078,0.12229487685898645,0.16675031539680316,0.19372424156676318,0.19102425164049847,0.16794501735841905,0.15024617549808736,0.15146686606770807,0.1642657654329964,0.1694548942280147,0.16127028324108758,0.1505083732682191,0.15748479368092158,0.19024390233843372,0.2534403646457123,0.3099478699400666,0.30088919726490265,0.26012278100845904,0.22457207108050783,0.19953745247626076,0.18033998313144417,0.16234453412576347,0.14621131641165383,0.13566237340976817,0.1039825666253381,-0.009092326355263794,-0.07881868865405676,-0.12594813693572243,-0.1831686878480611,-0.26264713957793845,-0.3609748317083224,-0.45747448846778516,-0.5193323115426215,-0.5276498532778763,-0.5049182228236989,-0.48621897781442397,-0.4899717934308299,-0.5012451468963801,-0.5036566343843117,-0.4960845299920567,-0.4775446234036617,-0.4403335039193075,-0.3844175773867173,-0.3190250138425605,-0.2607920608145915,-0.21832131244645245,-0.17669937571084685,-0.11558204488842552,-0.016450457806115648,0.10561487523481965,0.202365620119593,0.2355024590844126,0.2019738289604261,0.136609531398062,0.07028692560406456,0.017002156267467542,-0.016867634474878386,-0.027790736636126016,-0.01790549085487299,0.012091603521076213,0.06768457279585777,0.15612838738706514,0.26451468581955967,0.3050702367404602,0.2805098002833029,0.249803966634016,0.22578921858452555,0.20860002384267456,0.19821128270487767,0.19590065431520118,0.20008954687435299,0.20600664570759025,0.20967283077571824,0.20850779296834612,0.20727532653749223,0.21772472345104996,0.24685292291643415,0.2878976999772917,0.32219950413080084,0.34276424383537274,0.3564147247500106,0.3777829318193551,0.41985569126189193,0.45533666545371737,0.33627872157354044,0.1608525159793459,0.044910180514263744,-0.041510475783419355,-0.12065319347925216,-0.19861709804268277,-0.2765884849964698,-0.3546511167209646,-0.4360337809035236,-0.5257311192132447,-0.6250750580872398,-0.7319418052633047,-0.8367808220090253,-0.903451856215311,-0.8852358440622793,-0.8040765420955343,-0.7213377681919021,-0.6577892286947694,-0.6045239935482563,-0.5498331051756704,-0.4953752609514048,-0.4440659404499406,-0.385317394016519,-0.2990804334771631,-0.17976088539522342,-0.056400674095157824,0.050293448926900144,0.13262405761000481,0.18631017729855018,0.21358530423837974,0.22857072421054686,0.23414463851044845,0.22737005791029707,0.20687069674534647,0.17968454896430852,0.15709444008528325,0.1434458967997485,0.13559484446938033,0.14053258000051694,0.16181884022945292,0.19654925476351284,0.24102493102660624,0.2894827436431446,0.33617514748049204,0.36582698804815894,0.36048771349052927,0.31874696840019434,0.26545923016305917,0.21548184514536792,0.16830213832327626,0.12883619726172296,0.1008611486708267,0.08438152555489085,0.0774564339105132,0.07760611276040424,0.07834805608501022,0.08068409827887629,0.09344631549151619,0.15890379948566014,0.2264326625310025,0.14366378433878754,0.10501950701872709,0.09117589077861277,0.10617458647365925,0.16678219058373597,0.23387296826633233,0.2507841869650496,0.2398686080195243,0.21316708028927925,0.1777554162190877,0.14842196203949543,0.1390300187764173,0.16485072841562898,0.24613898383926014,0.40291494925006033,0.6311568440523376,0.7521183776053681,0.594754466678159,0.407358230374022,0.2795950615557454,0.1912503393411245,0.12079842882445979,0.05278960134475075,-0.023387524742265655,-0.11259988857673352,-0.21718682192627892,-0.3369564706275624,-0.4654332699623486,-0.5796276891310903,-0.6588251082599108,-0.7022720538037207,-0.7163850627106642,-0.7064904528708124,-0.6739045879041555,-0.6255234715086705,-0.591408887239643,-0.5938613922165038,-0.6085880150961858,-0.5990314478965529,-0.5238368725934089,-0.32281929034946,0.02693301832769706,0.27239106088588166,0.32737027632691307,0.31740312389020897,0.2972353648044575,0.2793735797313991,0.25426791207063354,0.2116410647431723,0.14813566602805714,0.06816052762261067,-0.01862315193655113,-0.09577112457646367,-0.1625646561200125,-0.2188976965689593,-0.26677949872717316,-0.32072644816286816,-0.3891807324545637,-0.45333009830262144,-0.47980844257155536,-0.46502450184504923,-0.41738158459328817,-0.340368916877075,-0.2514379196527469,-0.17538359456573863,-0.12084665978972085,-0.08317900637072377,-0.03956531113992845,0.0060425664161594585,0.05013301400253523,0.09902439202938192,0.1575490890498534,0.2114340687502945,0.23302337359476866,0.2029034692324894,0.09616861544886882,-0.06028799593339356,-0.12477385335335582,-0.09040514009903956,-0.00533210554450126,0.09281135683112529,0.1692008125192216,0.2035719180876175,0.20049101807991204,0.177079145557367,0.15257612147873634,0.13264415833961982,0.11911629288257608,0.11931126369335311,0.14574395004428425,0.1984562281363638,0.26940190507565964,0.3280249461682775,0.34142118354127404,0.3121659536398137,0.2661813186510701,0.22034465413022813,0.18174128804927908,0.1592731594878526,0.15279150972019692,0.1572001424825329,0.1637082961479244,0.16643588930696201,0.17500991965250318,0.20711110568670493,0.21987751652931456,0.10592017627569623,0.05920905839537499,0.0465252855281332,0.04424626010558274,0.04327748523972782,0.04045762344376722,0.03771659889493432,0.029993950909496348,0.007015508838676463,-0.03473401047089274,-0.07020570339138549,-0.09543916309290792,-0.1048876663316367,-0.10584534311322015,-0.11154990861438115,-0.12882624614500202,-0.1597679033261722,-0.18383239345136396,-0.17979817856060684,-0.14675985819903467,-0.09920656059095594,-0.04587474813739203,0.0048805633256571645,0.0556043463510747,0.10674496735636009,0.15506933285371066,0.19275441909221294,0.2079570622399165,0.19074206671002777,0.14457465836495167,0.0939034399820851,0.05528596924977519,0.03441690440394082,0.02541246763597462,0.024813834376386176,0.037559858729516206,0.06442559366653161,0.0987251574123815,0.13029989958349308,0.15265685738369159,0.16521713555776948,0.165748414440829,0.14028140422635701,0.06881113710217453,-0.01988239156706877,-0.09178281157867486,-0.15192554841965708,-0.21499590742759747,-0.2750683827351751,-0.2999883095053903,-0.29222229857087273,-0.2863447915251416,-0.2973074470669384,-0.327839826993865,-0.3693519232552623,-0.37888398143098023,-0.29709594647112353,-0.1579791589884573,-0.015220400429078653,0.11766793701118866,0.23816239123141175,0.34473679216724196,0.42507813474477096,0.46472081664143194,0.4694922419462204,0.45792761279573885,0.4373518475678047,0.4093291169212987,0.37603455209023795,0.33807224509108047,0.2924644234457599,0.23491758426553372,0.16313486391579918,0.07858196590379345,-0.012557852809714512,-0.10891777784291908,-0.2208230839743555,-0.3737663486534733,-0.5768632218036245,-0.7091049560091712,-0.7247504998555855,-0.7183793645395006,-0.709783458827427,-0.6888006212206723,-0.6570884577002293,-0.6335133426998911,-0.6423482148102001,-0.6994345058686224,-0.7928059757981826,-0.8165995469391198,-0.6629765714137661,-0.44215116432840346,-0.24975855087946583,-0.09065867841614206,0.053499311252053705,0.1672131733892076,0.2129665540508122,0.19109990805393348,0.1429522413504302,0.10387386678837399,0.0954588778166352,0.12520203855531647,0.18691908512054783,0.2518225771407605,0.28237467144588435,0.2768341597137083,0.24990776396161926,0.20838852811944325,0.16663403970347432,0.13980243516424679,0.1394712949576167,0.17880234215712226,0.2738254637991897,0.34284155652302584,0.31425687209328657,0.28385065202729687,0.27380054150654914,0.27971144847448476,0.2926003076713645,0.304465926927256,0.30997777121762027,0.31160624801145825,0.31395957157206617,0.32236602383591706,0.33807209437026675,0.3580302386310011,0.3766956394610126,0.3956823460699161,0.424098954541682,0.44598110369322175,0.3668112412068219,0.2551452202335827,0.198897513055353,0.17807994667262586,0.17330321836162135,0.17321558547767713,0.17516343316832497,0.17860640863424515,0.183253617162403,0.18734509032056856,0.18829796099053359,0.18664680439933326,0.17998103716836186,0.1589942789254377,0.11240565430441467,0.05577301317117822,0.007979487531272665,-0.028437479027151012,-0.05493133732799969,-0.07530688133325857,-0.09356563554561333,-0.1120060165940367,-0.12793932554228749,-0.1342409893497929,-0.12883990063728562,-0.11303691820121547,-0.0877683422426853,-0.053127895090055895,-0.015096448619131592,0.020142756839876833,0.05131980073639019,0.07974191086709188,0.1078734522572502,0.13565215071494144,0.15950212641940634,0.17436945879623592,0.17664449216619063,0.16621567336682427,0.14675363613523026,0.1187774783838015,0.06287381127679835,-0.020444913393720142,-0.06296331764297788,-0.07877177214716463,-0.08213633740791489,-0.06520178892444398,-0.030665038437953637,-0.0002532937302831879,0.020346051751394142,0.030181971759847007,0.029281174903935305,0.01958078848160985,0.0021151030168035053,-0.023001447709673457,-0.05458485868012864,-0.08807505558057858,-0.11697838062309027,-0.1329467070283104,-0.13486957756799398,-0.13723551214727947,-0.1587955954135367,-0.20488764402702128,-0.24766542097900027,-0.2606353835760276,-0.24485501330422857,-0.19872457371051447,-0.121391761650502,-0.00472276771870907,0.15628995885826283,0.3210849732607402,0.410313893580796,0.4010808752293028,0.315260614853029,0.19757666504337745,0.08747763409475785,0.007350407583288837,-0.041554743281371424,-0.07714395343039213,-0.12136894971425102,-0.18399191897747855,-0.24409757161638776,-0.28979526204280587,-0.32693538095295555,-0.36012440669047124,-0.3909188447875772,-0.41712778071022205,-0.4336621743348978,-0.43448220254511205,-0.41886318786444005,-0.38993489227866096,-0.3534874755010785,-0.31248680276356916,-0.2671491012204942,-0.20998366323118964,-0.14882620839964716,-0.09725793745532982,-0.05399127191175641,-0.009575131488524565,0.05400885169627394,0.1365602626185046,0.21937748697704745,0.30003031779622025,0.3867270990810085,0.47567719993382673,0.5555651631166258,0.60489833351348,0.6079638342779168,0.5595241098721042,0.45795645510313415,0.2968522230374944,0.07556429804317463,-0.13136838829717984,-0.24323746455881487,-0.283801306709231,-0.2927444061596861,-0.2849915314370253,-0.26424122778841663,-0.22137704249652035,-0.14700713005913565,-0.05255666683383822,0.025428747115538084,0.05886847948376268,0.04063066317870362,-0.025408473320626856,-0.10812581278871257,-0.15455539134876556,-0.14889462218160834,-0.11093648623598043,-0.059612065637000076,-0.004113179649528078,0.04866001550086979,0.0946099830237149,0.14665211013581028,0.22155144818416353,0.33218601990704694,0.45204828983914247,0.5041655795727511,0.46977124970896716,0.4218946966459039,0.39739434843705523,0.3945722913902681,0.40128306078459197,0.4026356773676428,0.3608378590968405,0.27785511152642134,0.21449029245391965,0.18895290676077808,0.18752485733330487,0.20239872930346892,0.2331069711198743,0.2737663291686456,0.3120706044138519,0.3358722104406376,0.34258363613317716,0.33922999413563126,0.3211336553848328,0.2937452272740558,0.28676580603490703,0.35595885887408807,0.484912956862811,0.5753769081101017,0.5990649227740378,0.6028121328067939,0.6150978868910076,0.6453753286010877,0.6863945223063593,0.709541758247029,0.6808549661448791,0.5750984973868207,0.37058407362839707,0.08482773512757542,-0.18859074879952334,-0.3701091219104134,-0.46240134581925896,-0.4929936979303403,-0.4855655410399775,-0.45158579086640555,-0.39777688671907124,-0.32706433910055516,-0.2418565314445676,-0.16002369959200258,-0.10106898264128855,-0.07601892938722477,-0.09958516541061216,-0.21604354568798798,-0.19138802505912048,-0.11884698875757808,-0.07840854410363551,-0.04625407441920785,-0.019077295105601893,0.005192482528981052,0.027410882785935547,0.04293846498147057,0.04281737758217468,0.022517315794166933,-0.00939094368940135,-0.04025768063035419,-0.05541945694305817,-0.037663999434610046,0.02340449751339219,0.11980025804687508,0.22370538362180875,0.3094302616986567,0.37007691743326165,0.41307936937452894,0.43577624148909205,0.429935769166518,0.39211215165133595,0.3229486616017423,0.22859934168897816,0.12473398113892828,0.04341277064391644,0.004642702376675191,-0.003344606848587103,-0.005814842633064183,-0.0260476198933557,-0.09228386181474506,-0.26304054693151246,-0.5110483776508633,-0.5986473442480054,-0.6155544498636016,-0.6576591995941409,-0.7142669047333035,-0.738917317169917,-0.7220196599718887,-0.6892306832423901,-0.6432202840260054,-0.5745654351215055,-0.4898221414631035,-0.4131541642665408,-0.3583031067977058,-0.33002082706442903,-0.3249466490893619,-0.33435996858729733,-0.33463311954264985,-0.29440252920891263,-0.2087992753760346,-0.08123070213508109,0.08323323221063576,0.21679263654933142,0.26124138422803733,0.25524664924425555,0.22999348285010646,0.20149700857918462,0.17495687579787744,0.15089809025683873,0.1330198344339893,0.1251187687079518,0.13153959335465248,0.15586294572603793,0.19094486926677168,0.22832998334223847,0.26749884249586253,0.3029181863127631,0.3293502720647788,0.35080384625466965,0.3641932075238997,0.3601538850346179,0.33451046982572613,0.30457760925292443,0.29619097250731025,0.3126532697626583,0.32767657770993913,0.29867155491470054,0.24823202172153522,0.218233927081739,0.2107131366593698,0.2155895034666499,0.22464624796251603,0.22836376196733452,0.22528059952095048,0.22014465486483495,0.21960158441489597,0.22024841691681518,0.21579187223382654,0.2009622677299457,0.17754963633352017,0.1579931482587299,0.1572751272111878,0.1780475783625203,0.2196135555994986,0.26753698539303317,0.2882899130580045,0.27544842429817035,0.24860497053976638,0.22266758598851152,0.19380068785201437,0.15349724987825852,0.08744697800949257,-0.021311254807737844,-0.16068427129008211,-0.2895792915289314,-0.3827648221735893,-0.44993256861300923,-0.49963813551436764,-0.5365228488558991,-0.562691443502114,-0.5847119704533017,-0.6100569465118779,-0.6305582030585222,-0.620894380917704,-0.5692186420494627,-0.4978215208723347,-0.43715793516644313,-0.3963541518428655,-0.3703220161689094,-0.3435886006544515,-0.2998004855619013,-0.23875930347737734,-0.1666724685072502,-0.08430839107579637,0.012187100376268726,0.12478982375442921,0.25002905088683075,0.35756300331278557,0.41602348615947676,0.4211131811380023,0.3933308337568303,0.3556757265982648,0.31589161950861977,0.2749676936777642,0.23336235306894912,0.19321985811510578,0.1590922877692473,0.12369978864654325,0.07458727689493266,0.026692216876200013,0.004287834037818687,0.01531994721386622,0.06100712434095458,0.12826101156417172,0.21434067152531264,0.30546872966214134,0.3776477777414342,0.41434631854956827,0.4161554017339478,0.3902318224524927,0.3613061250682823,0.34846306419091233,0.34997999637354305,0.3571291227287316,0.3653889107105622,0.3807467413619429,0.40553216298231226,0.4299458638916182,0.42646036654526004,0.35914016716344854,0.2554470365028578,0.1640021331325592,0.10490233195061008,0.07266778665095293,0.06040533336096148,0.06228329733483826,0.07756592609632722,0.10564533974486233,0.1388680556605492,0.1689593440772146,0.17786633751353007,0.16957119762682232,0.15835863676499182,0.1481895321979221,0.13986923361924608,0.13136396594139507,0.12184410653591678,0.11148296430654822,0.0988476851871528,0.08138133112177785,0.06628262372839945,0.07139072552995909,0.10701101021185389,0.17332806238913098,0.2534172961653327,0.3147405162680994,0.3378588703068814,0.3423506849753619,0.3508643161547729,0.35703184585982356,0.29762553665016533,0.13409780047973488,0.020043711509726503,-0.040314491994388316,-0.08015330136931981,-0.1129500263972437,-0.14697155779437873,-0.186773699999045,-0.23309918166619076,-0.2856522946541978,-0.3432435545087841,-0.40582280686686695,-0.4791118794199716,-0.5700704989688455,-0.6602818343947267,-0.6971862050560291,-0.6533123728899233,-0.557949361948911,-0.42906378714193827,-0.29657569764350383,-0.1981349450315762,-0.14086976994624084,-0.11385415461370003,-0.10027046260513364,-0.08745141477012688,-0.06313431917027568,-0.017304213788808837,0.05007696882543747,0.12948938331415535,0.20549909441896075,0.26720884739349193,0.3233772996776126,0.36719192202854967
-0.02798582957188571,0.004400307007379484,0.044253625416357315,0.06969015336481373,0.06983617319536342,0.051577512897510384,0.03338929483906083,0.022440591157000978,0.015255684223297683,0.008932147885894125,0.000961116339385636,-0.009927623963475138,-0.020433544582150198,-0.02368272775159997,-0.021119874522458015,-0.01908546701763342,-0.018155617327177322,-0.020433300489452248,-0.02693122271086057,-0.03264343416903051,-0.03681975452761686,-0.04633004158250428,-0.06273141464693699,-0.08767496137736708,-0.1087577175214288,-0.10125393920813662,-0.0525416832352765,0.0220120398727035,0.09320748176579753,0.15173796509952692,0.2061828815357233,0.24014913626265197,0.21104355303260589,0.14780696444478025,0.10548637266882495,0.08787554217881191,0.08595099924860185,0.08548473673702614,0.0780851097806854,0.05869567218108541,0.02743859510483684,-0.001491987378326635,-0.0184715021025141,-0.02268637569692816,-0.01756066106943545,-0.010257691496906389,-0.0034954216984640204,-0.0026954297596057594,-0.007497130195703847,-0.016670997173352343,-0.02823256436604091,-0.041099499107698424,-0.0542422483063995,-0.06876698493168905,-0.0870071977353196,-0.10766391973550866,-0.11942160182868293,-0.11380827985207084,-0.09564574119848356,-0.0741711520432121,-0.05780436703101392,-0.048395735923100563,-0.04550038388493035,-0.04342533324787384,-0.037524770682298834,-0.02516579251448867,-0.005453021507894116,0.016253977284813512,0.031594479015684795,0.03703377978242901,0.032688962070368824,0.019825420250366474,0.00014373556707230644,-0.014330389803517633,-0.010016258283029333,0.012812926859034126,0.033736431116020774,0.04474186204811367,0.0452568261262325,0.04334359438175474,0.04154383681608279,0.043954294514603226,0.05077377287550962,0.06344308241709219,0.08247143414429103,0.10755789135429018,0.1295279076130714,0.13900465561091963,0.13340701948807532,0.11558961460775961,0.09039593990843225,0.06354276427485066,0.03850229060942272,0.01485942486815731,-0.008275755813266922,-0.02710166878854277,-0.036079818819095416,-0.03714705891118763,-0.035026091219829525,-0.03255000553800077,-0.030964767419108877,-0.02593451555987002,-0.014513227079431371,0.0030894008279997117,0.017970491217544102,0.017178914758934523,-0.005168566796081535,-0.053101987700060485,-0.11893653167365621,-0.1670025917212497,-0.17129824357031045,-0.14598824533698684,-0.12269402319101369,-0.10765857272035491,-0.09898965001878332,-0.09617584412945245,-0.09658189510459009,-0.09505184371005061,-0.0849502579784935,-0.06417357652740477,-0.03231836978914964,0.011791870855527489,0.05178534082570346,0.07797225807698833,0.09114085212440903,0.09751919162015486,0.10082907150948811,0.10048010244345816,0.09554425819390247,0.08201751704077548,0.058776092460460595,0.037821381106637464,0.029933668628333854,0.0340715311209331,0.04143913623232217,0.04658107961189856,0.04909889078822595,0.04830572888912262,0.03971746687344966,0.020642554714787945,-0.00889878633802744,-0.035423941393296465,-0.05017106271866586,-0.05230446254846408,-0.04184044003327034,-0.023260474708099565,0.0008467859731492561,0.038226080003116204,0.08454818218601261,0.12226476700091148,0.13578246596977095,0.12434497187677393,0.10062281555905682,0.07607928124236028,0.06098477115350274,0.050991770485938726,0.041716156015389486,0.037362029180697906,0.04025945805743168,0.05355117193971514,0.07460164676732883,0.09852849044018452,0.12162595093660762,0.1367639466935251,0.13750886537745682,0.11410015536593378,0.07178199859957095,0.03143469505752847,0.006062783144452171,-0.006698518204928983,-0.014433043138443962,-0.020399192604389382,-0.025742811262324455,-0.031063007670372664,-0.03721220692338062,-0.044148092438072266,-0.04619941534608732,-0.03884961517448844,-0.025808964221955,-0.01025991503659002,0.002626255551981021,0.011582151043818446,0.020369332931592148,0.026827854476666586,0.02660575329605449,0.013178292762984933,-0.014737947751455586,-0.06345709557544735,-0.12373843935844264,-0.152860116044389,-0.13315229652946034,-0.0958918083234258,-0.06802935096471716,-0.049577484746131044,-0.03799663845072955,-0.024519546029673173,-0.005246258075942094,0.01763879140857265,0.03760048182867697,0.051868517254365434,0.057509425818453766,0.05096314225660663,0.03879317436595259,0.027162678911115786,0.01635254017095396,0.007863578349547885,0.0038197379688183785,0.003028079629016908,0.0048475387839574295,0.012675824297054314,0.024665753584986044,0.0313092979201731,0.030046588816394427,0.0267625175267255,0.024186997159458885,0.02311759170004691,0.02161990272474666,0.01940682659487388,0.019975248132270113,0.018972458089546052,0.009566846635580405,-0.0043843306731465885,-0.013089317764581946,-0.01913451255958319,-0.0200789052836309,-0.017871746199091015,-0.011406363031827375,0.001892995161078065,0.019976872647547855,0.03145993964871523,0.03039861143078039,0.022525152413414472,0.013479932615956874,0.00486359898341725,-0.001385220350965686,-0.0014694969564801193,0.004538678269897006,0.014086556130697578,0.023030961089369126,0.02871190661067795,0.029186723948441295,0.02364842227912591,0.013214798357596912,-0.0028048536888739123,-0.02650825356304758,-0.05616749419938951,-0.08241222325942106,-0.09398127611826655,-0.08729529935259736,-0.06703076470870498,-0.045363009786651774,-0.03037701767236388,-0.023438597197004328,-0.021263204002503505,-0.0174766205943098,-0.006763298253964563,0.010675610529359014,0.028900024050625386,0.04479971707283248,0.053444946845092406,0.05172568874626901,0.042284548368679585,0.03324910991596017,0.033394148270865405,0.04770976017416603,0.061305570707335076,0.055628572626337566,0.02710172249654642,-0.0018560374905154313,-0.00856757908623911,0.007772393758107403,0.03825883862214143,0.07384937457863106,0.10736581402073575,0.13571460022141885,0.16235688316443908,0.18011631072283046,0.18583684413581789,0.19167417430992945,0.19915975749755552,0.20227211710130108,0.19760815431853074,0.19191895253114086,0.17770325088479647,0.15966991513915152,0.14055274275545815,0.11824228324315522,0.09102688942688018,0.05949771384076107,0.025585522951663584,-0.004700755929500678,-0.024265847721793275,-0.03796250584632039,-0.050905707746532566,-0.06450088432642985,-0.07603462625646229,-0.08422305730038918,-0.08819623782077443,-0.08654410226167451,-0.07733483493827191,-0.05416611376732393,-0.005770955753937437,0.03242333773574597,0.03848579756164975,0.031463140659360976,0.021000488109706953,0.012006029147169977,0.010319727312138828,0.018452091759683167,0.029734934650207427,0.03113447134339582,0.02091894287219583,0.0032822035150066216,-0.01892293468920691,-0.04976369676008058,-0.12756065486800022,-0.34518860407030666,-0.10020275476065305,-0.05527259431580878,-0.03412914836816587,-0.019313015949377215,-0.005658835886342499,0.00910346258825668,0.026638958965599646,0.04801601867203493,0.0754248875774726,0.10762527768402966,0.12468979084426589,0.11233104294333417,0.09074721998534428,0.07411131907819549,0.06522791389895023,0.06196411113340186,0.06069870567747866,0.054272263909679375,0.04242351320122749,0.027451729325980147,0.013439842697745794,0.00010452629405404192,-0.0112612104289116,-0.01909304331943601,-0.01762044919087092,0.01093684924867326,0.05505106707630656,0.07247607428412844,0.06800164080812518,0.050183066117439334,0.02240279081384798,-0.007730751166972404,-0.02680595683654984,-0.028132732622693283,-0.017980514973798618,-0.0053611530612658565,0.003781616331347815,-0.005033080198035288,-0.03516869405147758,-0.06529285195149995,-0.08811945633966455,-0.09501727573884389,-0.08651686875350792,-0.06339301653812925,-0.02199783996512437,0.045338439253901144,0.10699875756648364,0.14678239522377964,0.17219366644858486,0.19239445468016264,0.20378764988141299,0.19832916207067958,0.16002033953259884,0.09738526575472536,0.041084879215307804,0.002047556002003118,-0.01937448211581476,-0.025970854802932083,-0.020135733800282364,-0.008012933740261217,0.00836857512951753,0.02386054924720654,0.042363245016164223,0.058590566288547696,0.07006206242398628,0.06951376412001575,0.05456827713131161,0.03269974095987169,0.007921789413993522,-0.015279944941887232,-0.03176428611714294,-0.029451934038095567,-0.008772622470956127,0.009569511228137652,0.029455925976878013,0.06270916965458515,0.0910470582150401,0.09771979795819472,0.09325236940667352,0.07798925493968548,0.05950789067076487,0.04613041122877569,0.03168362742756486,0.018919249359284476,0.015909795911158844,0.021429623578549436,0.039971135268673255,0.06672703763632848,0.08625670065146859,0.08950310125474376,0.07919571890266072,0.06112037995308266,0.042845361948415345,0.03161110388444202,0.03062985084755963,0.03750983535801328,0.05031663215991645,0.06282307216718104,0.06824251322615131,0.0638138492879316,0.05572795228119634,0.044320565736915056,0.020474345322561375,-0.015235925633415248,-0.054216207799991076,-0.09104065654558031,-0.11691725129882859,-0.11011006340828866,-0.07421346195262948,-0.04025259626016731,-0.018541180456325104,-0.004312157317311572,0.006271906431351615,0.014615175547147436,0.019311543563381505,0.01997651208798784,0.016345851078443663,0.010409145814575603,-0.0016345075188358273,-0.02251146128441907,-0.04196720756996199,-0.049383672918493125,-0.0452718353092393,-0.03675494321957205,-0.025922874825829393,-0.016065014663869916,-0.00913585389131187,-0.005692780622909076,-0.002392056184911001,0.0059717347322298265,0.019673235487760208,0.030734191374377287,0.03264035347517832,0.02470771043351571,0.010216005562275275,-0.00423336160198104,-0.01451844487403015,-0.021739757230529858,-0.023952235076507167,-0.01614046656541987,0.0017420642654668358,0.024309890431090893,0.03920632074825545,0.04561566226689758,0.04920443650070559,0.04613871969902406,0.03385978851537101,0.014912515565245305,-0.002723275793461223,-0.01331781144593502,-0.01644184360427133,-0.011874042623139573,-0.0007757023281394274,0.01325167634689812,0.026751807356706934,0.02882344871771388,0.016559364912047025,0.0051917995202722484,0.00981367655326812,0.019114368752699534,0.02537901882262078,0.029707819110561223,0.034077267308860244,0.038015490954716485,0.041648133646900634,0.04328437658946623,0.039861895689313115,0.02734078266650274,0.005157023231715121,-0.019400268108899887,-0.04032064331677996,-0.05124290565641707,-0.05475058304634775,-0.04883384028917262,-0.03435347923294742,-0.014985640563895338,0.0026085185308532014,0.010651827656163352,0.008761247408613258,0.0017634348786481377,0.0013541538882475325,0.014485778939098536,0.0410944900069993,0.0859437661447866,0.14101076416759495,0.1945966780342055,0.23861935104093895,0.2670251966640994,0.2714407513341957,0.24647982149555575,0.20061947855935222,0.15006443400848124,0.10648338421805825,0.07249854287341033,0.0466231216299047,0.026858422245297026,0.011497905208621567,-0.0009746436877801695,-0.013313686161217812,-0.030519762641476204,-0.048861287153007124,-0.06690700013111456,-0.08428955600617602,-0.0969748233236779,-0.10674298628691446,-0.11393695234109065,-0.11344378695124421,-0.10229504165236356,-0.08609234062952552,-0.06796114559648274,-0.05478396399263676,-0.04838796057440119,-0.050028881026529116,-0.06081020552651481,-0.0775472701653496,-0.09054736779863357,-0.09619071805930728,-0.09744301207088757,-0.09549022255762964,-0.08515157566523428,-0.06529825999707173,-0.041219630179012215,-0.01907087645020706,-0.005488139697895439,-0.0037640268396168185,-0.00943483649937179,-0.007493647721277938,0.016240765253285078,0.06875767706282329,0.13970074379139957,0.19855847642653426,0.21487227672889408,0.1899018072061456,0.15112554114907303,0.11527267182848544,0.08828586842990636,0.06897752773098957,0.05135413954783324,0.04002716169690418,0.044546413330676306,0.06291977875647903,0.08776878271832105,0.10001762284193795,0.0969692702582958,0.08570498945143344,0.06954258106977262,0.052936141674589016,0.03450950496639908,0.013441345179421678,-0.007677392989783801,-0.022858083863628868,-0.031469019037849974,-0.034933877937181876,-0.033598368258791846,-0.026851663278912682,-0.014364431397591134,0.0009396642222820171,0.013966913821137133,0.021372670019789018,0.023554865727467733,0.02417558436154067,0.02537988561615908,0.03176330492520362,0.04016210461921942,0.03957827098985304,0.030508561930916302,0.022378174962093055,0.017492372892666506,0.014132121483925415,0.01332058720953192,0.014497739420441379,0.01594477477613528,0.015220992298884345,0.008963276334044042,-0.001484818893632466,-0.01239766654892244,-0.022551580477340356,-0.03419629337519595,-0.04591496051910173,-0.055858254496088895,-0.05908300250579423,-0.0471436095527435,-0.0030541495406648054,0.06077251334329979,0.0837608661479392,0.062348751104432866,0.02189871561782672,-0.013371075785119362,-0.02974773304630758,-0.03066748628755341,-0.022747648141210056,-0.010618875836570141,-0.00035981702471329707,-0.0012898927907511084,-0.008090197642368306,-0.011539876367978423,-0.006528212030022352,0.004441662066778836,0.01792726174867743,0.030640613041156152,0.04055008549536919,0.04944808252475723,0.05536469180725842,0.051517663958300555,0.03543713360428583,0.016318196411481987,0.0063276601021039275,0.004982998364180867,0.011275027956076314,0.021181943068620215,0.025616067976481107,0.02339278433896079,0.01608949046175574,0.01282413248866308,0.02217819399011063,0.04444051672316094,0.07867992468406608,0.1024933303767,0.08774764395756418,0.06671797010169025,0.055468152439616794,0.05529804024344539,0.06688782814496155,0.08990652648116229,0.12558173517781762,0.17170309841365186,0.23034899852165347,0.278121087509156,0.23514150332368974,0.15313026703699764,0.09556940039707033,0.06055490842988972,0.03821140609227068,0.018557872715573246,0.001261876262074625,-0.011809845254717736,-0.017114765153216242,-0.013506813257254446,0.006510987867890059,0.022822820655043947,0.029261312292914735,0.03686494436582265,0.04937639439056487,0.06785585660655546,0.09125472365178587,0.11138184132092366,0.09749874823112034,0.04629281859786041,-0.0048771949735210325,-0.040116785206820736,-0.06031486428775196,-0.06245834868456598,-0.048721827907182776,-0.02280093911593024,0.007922321912687042,0.02904257987594862,0.029806237972825445,0.011393850732131578,-0.011978176513001225,-0.027732992051456212,-0.02605850045362885,-0.008945523212109235,0.010605449475253955,0.014089549231787535,-0.005528568567941258,-0.04042595471429629,-0.06992621022137414,-0.08057529397650075,-0.0753931527999715,-0.06417763014273604,-0.05645616663568855,-0.057821198456073766,-0.06520915577930987,-0.07364198515292723,-0.08201461881546303,-0.09170747639185875,-0.09696739539614843,-0.08768988886607852,-0.06436830438912725,-0.04231783970844384,-0.03134234543238257,-0.030240594926906866,-0.0324413860220184,-0.03515986803542315,-0.038827248766639254,-0.042914358017268874,-0.04447863272852472,-0.039879566233654656,-0.024383009773427427,-0.0006778702798016776,0.023240958324436234,0.038744844081672315,0.04775892556354284,0.05491372662401179,0.064954002353428,0.08165575999022653,0.1037044119949088,0.12352200965689117,0.11869269024012648,0.09081226521208104,0.06117665954405737,0.03786982802519899,0.023223282885608744,0.020384672057898994,0.026565893949929077,0.033646170919440686,0.03530771719679694,0.031373289865513077,0.026149500576432526,0.025109394118654066,0.02930460479239675,0.03657406211557507,0.04667975407763413,0.057303308445888934,0.06593341650499852,0.06842384735035978,0.060282167216386615,0.04562064544257803,0.02935400291984761,0.016616713414939407,0.008218195035712849,0.0016623900003943743,-0.006846430753195889,-0.013346471637432411,-0.016160030143793674,-0.01616956877486383,-0.016108109338647446,-0.015865841804765204,-0.014933819327107568,-0.009901366128126294,-0.0025319268498746987,0.004130629426590368,0.0066242518317823455,0.010766512801554527,0.02041707051163002,0.03607189497056396,0.055092603147826325,0.08003634171022203,0.11160233635195299,0.15081614303525842,0.18403210653042762,0.17369582274717202,0.11546631547745023,0.04953432614096962,-0.006159348218475059,-0.04694342855716251,-0.07528103418661546,-0.08480081990830315,-0.07552658488041887,-0.05347328800862759,-0.02902597492381564,-0.010179272042558413,-5.532013126689447e-05,0.006574986090400471,0.016638611447544967,0.03291886230474764,0.04967477603582298,0.05543019061348056,0.044976821922790094,0.020956979615359615,-0.009549713554073115,-0.03963135065910242,-0.05920206116259352,-0.05947967561905582,-0.04987632749200489,-0.04337785744529225,-0.04773733947310752,-0.05619389698650876,-0.060491079901346057,-0.05266420258397689,-0.027762955574988087,0.008060844968216152,0.046117151781206,0.081950091680208,0.11495812372894601,0.13859143390871764,0.14384648856400548,0.1276735813868519,0.10295245763600393,0.07032892320016593,0.040172513252275464,0.01961454211583923,0.014789913718489875,0.02242497128122488,0.034511088826721784,0.034804705601645926,0.018513787781688336,-0.003883372617935012,-0.0193699630509238,-0.024669353188254684,-0.020859270747930383,-0.010249585441849311,0.005451416890252475,0.022185139400340934,0.03437695084686026,0.039245622863251686,0.02941692654671032,0.00677024437316377,-0.021349675170010154,-0.04914698584622895,-0.07282173440587679,-0.08858968158054199,-0.09241353983955648,-0.08964175981887094,-0.08091247730912443,-0.06703388322921927,-0.04871698806853695,-0.03165466028627513,-0.019829620139330636,-0.012108015800531216,-0.00836339464091215,-0.003001355706497124,0.007966256273053461,0.025616446185231977,0.050963823685018735,0.08702439613374104,0.11263102220776026,0.06034475461083549,0.015888522896115656,-0.007766747095652749,-0.020818451202196043,-0.026510741737830572,-0.027757842906533946,-0.024088124201219824,-0.020293635306259664,-0.015652914786182637,-0.013015480374389196,-0.005201748092607956,0.01547431324399741,0.04118514704285993,0.06089084050337964,0.07011022214269944,0.07184118633027614,0.07091792898952369,0.06894428008551384,0.06492903789181348,0.06042458349633465,0.059167907333334976,0.05423421816449553,0.03300263011656013,-0.00760734906359564,-0.058085781282332084,-0.09994634450399195,-0.11006190027232861,-0.08407746248103364,-0.044802558019385444,-0.00038411146148448883,0.04722216983028285,0.09324509577695746,0.12114761841990562,0.1208101787972784,0.1059960532076495,0.08856791863336935,0.06835395924410703,0.04570006934827497,0.022598328592806693,-0.010958479529050734,-0.03825521253056808,-0.03830594748009164,-0.03248147631889465,-0.023971523698968315,-0.01225120742888954,-0.001115653136617165,0.007046747956081444,0.018758463372025948,0.038082333958378865,0.05176789306004961,0.05197616945110508,0.041375944571091415,0.026812210474822906,0.01686954195502785,0.015298280790678534,0.020234387481045422,0.027672268410851502,0.03649659350277933,0.0443477297465438,0.05135985984803421,0.059070234486572164,0.06720286148122159,0.07359160377811776,0.07862488037780821,0.0834393090421974,0.0858960719609708,0.07796711987806626,0.05603069016407011,0.0293621620186833,0.003692927847926347,-0.01793628299046889,-0.022603127129584604,-0.01618529661408089,-0.008969985307795362,-0.003889178481059696,-0.0015016568236127653,-0.0003054528358065727,0.0008225745200038326,0.00046624903349913013,-0.0043111852881493554,-0.013082455477536527,-0.0213449622951725,-0.028318080478400204,-0.036037922619297044,-0.041424105466487435,-0.04259012065185484,-0.03839245471024472,-0.025905627995141366,-0.006009460527336188,0.018583315014057904,0.04769308701319153,0.0709438288738418,0.0724406193334152,0.04603378565291723,0.001375779308440563,-0.038956408833226,-0.06304050120147314,-0.06792404602969875,-0.055617902574448465,-0.035541729252356456,-0.01847666405747538,-0.007566961936760941,-0.002502897399783196,-0.003213364377986794,-0.00927956176998575,-0.020779400451915713,-0.03991372745287858,-0.05523178508677385,-0.05245264917110681,-0.03729770290530724,-0.014376499385351418,0.01486945303708662,0.0491097671147745,0.08384685771202867,0.10516050588458181,0.10969966690930455,0.10425025956104435,0.09278967899558478,0.08140698841290742,0.07542914887679077,0.07009511089115274,0.05669404420561477,0.0321108491971087,0.010469299692807153,0.004987732604811753,0.010019702242239205,0.01439567269965738,0.01300259340246502,0.0044253583629591175,-0.0037237366899138483,-0.008677929685783724,-0.0075223352370772075,-0.002672319871189041,0.0006110525893676761,0.0003083950494047366,-0.007442648180637956,-0.020042981102544915,-0.029558224229383444,-0.029890400203198372,-0.020215842801561093,-0.005788837856178582,0.00567554125604989,0.014247926398131116,0.024174968886491798,0.04104544840672961,0.06801721315075172,0.08735228165948727,0.08028328431166805,0.06828559195089348,0.057947831052623786,0.04593464998297544,0.02942248209035026,0.004568666749242815,-0.03452476774276265,-0.08161047393527363,-0.1205884114842962,-0.13911374595108983,-0.1377524471426096,-0.12737555005679546,-0.11526324778292156,-0.10099155179099586,-0.08222915025334215,-0.057944024504664286,-0.033782741338267135,-0.012469560994499055,0.0020312901839497394,0.007193594687424986,0.006911664774047707,0.011111765087624518,0.024906752554237847,0.047715545630904514,0.07451987441689889,0.09699401468149489,0.11393452008371104,0.12495025160586225,0.12492917051579881,0.1131494391734678,0.09841407137322324,0.0899778588369813,0.08844431804229368,0.09054387491472846,0.091461355690599,0.0832881735901424,0.0685638143880272,0.054972685691656864,0.04490032859048683,0.03358052694243064,0.017095030200693362,-0.004184279300722911,-0.011041636391715744,-0.0003129482237305232,0.018087838924425687,0.04153528186598689,0.07256692987925115,0.10594499606933647,0.12935270292078113,0.13214729408647488,0.11634542211644949,0.08574426380173238,0.046351559741633096,0.006792547199997312,-0.023591575045453717,-0.04834547717506396,-0.07526188525848541,-0.09763203415790479,-0.09468238314221691,-0.06860229718757022,-0.03940834241117269,-0.016943494201866124,-0.0015066043745715488,0.0055725674061446046,0.005247687962580278,-8.478256596314242e-05,-0.009042745271731807,-0.019863143386145615,-0.03356180988784899,-0.04173776265608827,-0.03591659240545594,-0.023508288128791358,-0.010481660433578581,-0.0019102003476672098,0.0008595527214268189,0.000731792875190002,0.004082504523088666,0.01150477381799358,0.021255466763582916,0.03369470138057044,0.044139533845883955,0.05146575150673194,0.05402952710259912,0.05277979304508295,0.04527944860228054,0.034512368332707447,0.025809124567206083,0.02442718646132429,0.0348939563744178,0.056218889574667585,0.07849389208084191,0.09513107393594199,0.10673997391049704,0.10517931096173062,0.07974891290195422,0.030531023977853587,-0.02039729359879685,-0.05306529877524511,-0.06760995875858083,-0.06645037287480622,-0.05530845054367984,-0.04136097463593555,-0.028274897014288865,-0.0194645418113063,-0.01938373553848351,-0.02945947879121823,-0.044090693207222004,-0.05242637072575909,-0.053734956750307546,-0.05882463407496216,-0.07011181623865251,-0.07826150063534519,-0.073361941231805,-0.0546127196202303,-0.03276277730357522,-0.01568680287011186,-0.004290019185217137,0.008419043402575007,0.026898644499001208,0.0452490296855582,0.055501679825921135,0.061393409709764604,0.0688545039785043,0.06423586716347883,0.045870971514710535,0.028733087475599547,0.029255660674767328,0.03176101282986877,0.0285328853843965,0.023830599754328045,0.0183495452299981,0.0022491257063468693,-0.026715918236475032,-0.05934553309792209,-0.07545136444241882,-0.06644214552524957,-0.03413569959459008,0.0059477362334656525,0.02474422279086026,0.0226187132158217,0.015167652572178763,0.010117667502948038,0.011033147353759223,0.014243424625658894,0.017341601963393204,0.024310320292062138,0.03577616101257754,0.045884122746153465,0.04703122211106836,0.04026913306823651,0.033169104974741424,0.03539002609237999,0.0454783147707115,0.0441690230054606,0.050560080621469605,0.06185551438093039,0.07680179910220493,0.09353976436987269,0.10907335468778417,0.11447515575953265,0.10274240408241223,0.08176504107096144,0.05876793367769977,0.04091353481653066,0.03290063771008526,0.03135475807888027,0.02997757682581095,0.030543898710175172,0.045125914978121226,0.07799763883524166,0.11752555325708265,0.1516628140837278,0.15533749233537814,0.11550994818094085,0.0507482653358015,-0.009797386037411671,-0.048558062809960695,-0.0636177895935791,-0.06428684841379476,-0.0581994511432683,-0.05269096303229961,-0.05746537418692463,-0.07460673720321374,-0.08838099600910398,-0.09313639940074904,-0.09253458419135885,-0.08503432329535528,-0.06603291106317664,-0.03520811680534537,-0.011799412932485856,0.0012198041923492187,0.009692906606661418,0.014330625393884648,0.017138229909901284,0.019936686923871846,0.027065485532264535,0.0402223280442009,0.05461064974072567,0.05904504367588755,0.049151305758260946,0.029525941324451705,0.008841159604247886,-0.001202631987044301,-0.005399562649784524,-0.012250323332365008,-0.025550361514019158,-0.04235766838038599,-0.0632331870386332,-0.08524347534024351,-0.1029492535785927,-0.10878652277215596,-0.11282949711788844,-0.12094740730364435,-0.12370342175024876,-0.08900537639779872,-0.019399349513060247,0.03864241797472785,0.08104749011724388,0.1099670175585462,0.12949329558196196,0.14357664460763875,0.15607417346743865,0.15982425826060628,0.14802044373686665,0.12100075148109768,0.08632216525627762,0.04768537263243101,0.013374938399935152,-0.005101206309704565,-0.003833637048268575,0.010485311357297944,0.0261388530228407,0.0338467040832383,0.0372716852955473,0.04092283819201035,0.045682423884007416,0.05202366267417831,0.057860436349817725,0.05659865174401905,0.04572858193309114,0.0304642283742973,0.016017528440562298,0.00318785983586692,-0.004524553957297497,-0.005127359810964074,-0.0035292319081012807,-0.0027439952631082435,-0.001945299139230378,0.0007148417471291815,0.00647287102832598,0.015674455953559714,0.025637251894212156,0.034133224585836466,0.03698633045611598,0.0325489121638381,0.024627590729295653,0.016396939669736377,0.009500238423222666,0.0014099708156540644,-0.006911318207829326,-0.016826429416446357,-0.025507050532501036,-0.030541258768329263,-0.030756580603395034,-0.030077273909773695,-0.03292145997102064,-0.04330604453540762,-0.059312531502611864,-0.0742476878722728,-0.08309974975364857,-0.08638454766569305,-0.08598352529966787,-0.08493344231842326,-0.08188518073721901,-0.06834662855036007,-0.02912860953257029,0.03158065967640691,0.07583702232781031,0.09962418674759191,0.11013130508470576,0.11314474633881157,0.10668193449873932,0.0901743484284294,0.07048211466978054,0.05382976013437075,0.04663710559936603,0.05162774070062284,0.06822740123627787,0.09075675624217647,0.10632652393884087,0.10075431773083743,0.07077558888670721,0.023794445189991034,-0.01584086321944763,-0.031007166097105358,-0.022321475294719,-0.002622146224766103,0.014872159446668618,0.02351977011083964,0.021515467481455303,0.014052820984886206,0.007182489176440565,0.007420910866651301,0.012805357441634824,0.014702023838165348,0.008353886650102178,-0.0028111912842095272,-0.02123048891492137,-0.040106757062999376,-0.05212633177344102,-0.05025775396881524,-0.029968513125362438,-0.00011720694153193745,0.025963389298123824,0.0360546838712152,0.03245714703863015,0.019822023154793776,0.002162272107787164,-0.01781749013434427,-0.03446569269612686,-0.04094545527258172,-0.030546971296179833,-0.013227513355532353,0.000840357183706999,0.010218983821033631,0.01673067564170282,0.022844188887774765,0.03011015875397933,0.04267130642054014,0.06167107965554274,0.08385044124544097,0.09915365333556231,0.10619970521019012,0.1014491202395009,0.08112698224210997,0.04399325723216632,-0.006546883129736483,-0.051335496969817214,-0.07724476048420352,-0.0855909991712971,-0.08336676286337309,-0.07309883672945829,-0.05979453845086694,-0.05145769151905492,-0.047151032462678724,-0.03978797765353751,-0.018523054445024157,0.02144045217575927,0.06683470787658506,0.09752140967463116,0.10655228794760527,0.10308756399853095,0.1006768253517274,0.09798051112608673,0.08793599231232958,0.0730481976352797,0.047091237971837195,0.014504576204073638,-0.004665485119813838,-0.003119378067026361,0.01107893659169562,0.02568017914454089,0.026628882192250874,0.011810318789315218,-0.007288610679705126,-0.02249399367222077,-0.025867281159603097,-0.019964413798716704,-0.0031253616464984564,0.018718802907741503,0.04149826614371691,0.05630156904957719,0.05816626149696438,0.046423371005378786,0.02093664397346667,-0.0331978734606109,-0.05962236723527113,-0.04295265651175732,-0.022665998176580684,-0.001329967125262508,0.018731193599574224,0.03214443876505892,0.035050871214448276,0.027920840064540497,0.014697317439290918,0.0018573340468255324,-0.008923804627262392,-0.016138387467707068,-0.02167383023600074,-0.01831810756869792,0.009841087522400335,0.053340506234158785,0.08254648394321464,0.08932638472546028,0.08099377813455877,0.064804153167359,0.05070269261843627,0.040962176424190935,0.03972184422429296,0.04566094946738343,0.05957233326837244,0.07637898824681795,0.09289067462938583,0.1043474089530301,0.10051678331702008,0.07837882638289606,0.03903055416333893,-0.02279424599040621,-0.09151766790125612,-0.1302922212734863,-0.1302672375304938,-0.11304414965856122,-0.08732183716843546,-0.06095143615980349,-0.03736515063599947,-0.02202703624639749,-0.013707663249465452,-0.010883128816402096,-0.016546432594104446,-0.036949257888116226,-0.07226208563400609,-0.10674117024730291,-0.11494569578417584,-0.08193913566563557,-0.038940136465671425,-0.0064880625047435666,0.013469598879364528,0.012751784917252805,-0.004898725463817759,-0.015395722318625224,0.002335766725885009,0.027787923780664654,0.05239592053406077,0.07079342618092867,0.07619234462367235,0.06847685760520406,0.05469890498287234,0.05246665883760148,0.06205513977750389,0.058369772758078954,0.03896995538901407,0.026959810199058642,0.03124914423667563,0.04610466118083383,0.06078975353808832,0.06697914132286813,0.062108890332604666,0.05318097222930871,0.04243414782984065,0.03193674507017273,0.023541930821178392,0.018203086681072563,0.015212364741186495,0.013446853291504609,0.01692113287160402,0.019982442615979153,0.029685154673419513,0.046388372736040254,0.059747398849019175,0.0550221846906705,0.020742527424135408,-0.029531537555443927,-0.06510186000094738,-0.06920427496132625,-0.054815794026667926,-0.03421270720432416,-0.011125860796105383,0.01214043036142841,0.03186167434181394,0.04548102889823351,0.05815145998145,0.07374370119197872,0.08995572610245256,0.09937639082093659,0.09821683163289877,0.08938268741804546,0.07821097909030153,0.06702038919684813,0.05546926864856897,0.042718229258311806,0.02808601571844641,0.008916320623676347,-0.01125197769415073,-0.02530534412461453,-0.030506430441306406,-0.028856824875288456,-0.0227526387320566,-0.01117567884484528,0.009031118855644494,0.041259992047293255,0.08812321592732701,0.13951632072035514,0.16778728087263975,0.15311957340702254,0.11059599204721257,0.05982489276557836,0.013413634724246996,-0.02055397999766167,-0.04397874142659462,-0.05788669438820459,-0.06408177138327156,-0.05728169825243592,-0.0396729142136051,-0.016904920334324492,-0.0013883530611577355,0.0009553833062964158,-0.005007296928586317,-0.01300342040144659,-0.022104433053245342,-0.029353059697660278,-0.03387284042267355,-0.0433301237254509,-0.06562271428062244,-0.1076511952801202,-0.15361452157378558,-0.18933982281436948,-0.18083291579344718,-0.11262792453293702,-0.044112017298451545,-0.002328233168814276,0.019227145312188616,0.03246009304609703,0.04311725684683033,0.05511467406943216,0.06574830790260272,0.07054321427698897,0.07449328987845791,0.0970653430909218,0.1351584045137766,0.16945651120696706,0.16374618324147797,0.11536040709281488,0.07310083175040041,0.05277141643223917,0.0437134363511382,0.04122064469506106,0.04696085745197719,0.05727721357337877,0.07126334317052428,0.08196722118088312,0.09305612184700653,0.10102354068819366,0.0981339047184799,0.08989779871277823,0.07516638400137998,0.05509665075486137,0.037385637894902485,0.02390906909573009,0.019385778033484062,0.0192161240606273,0.024285392325031817,0.031071251801502074,0.036144761902866494,0.03079910840815233,0.019777099062942016,0.017620310319559754,0.03236010624288605,0.06216368364212402,0.09096624359751453,0.09787105454947598,0.08048247647259613,0.04592390995593022,0.006307739115112869,-0.026234772207822624,-0.03654945569235678,-0.019929309759501287,0.00734395312591795,0.02665996501795768,0.03165640097515263,0.025486760426101956,0.015653638650221673,0.007491913198331288,0.002404172538540885,-0.0013604524130988859,-0.007949474518425727,-0.014144676755662822,-0.013784489052173093,0.0019928918660845987,0.02051164700628091,0.025649007103455267,0.01799394622196557,0.002557217614845775,-0.01979210370145335,-0.054412168876876506,-0.059808845878046836,-0.03100563037751924,-0.011371338988101812,0.0007494303312733418,0.007720350974127632,0.007619955837623328,-0.00657445108497279,-0.035053801901973665,-0.07119061865500255,-0.10303176055565383,-0.1285416342970325,-0.1375951459458296,-0.12077303255339912,-0.07746198822648954,-0.02570747034830726,0.007637618267061361,0.014773813655767968,0.001071717163882789,-0.021852841772501314,-0.03350493409386639,-0.03380085104400679,-0.021535557719691723,-0.0014364047167977204,0.018310976190289756,0.021689922882344802,0.01784960209306365,0.016369323336083,0.026546362883886565,0.03588695537444284,0.034592851476984765,0.030818301589357455,0.0355947448875028,0.05092679240579702,0.06819016125775322,0.07645891936742996,0.07326874893135468,0.06291029179576142,0.051673029260009856,0.044454706914713496,0.047023272855056114,0.05833991731953403,0.07122092374448799,0.07836758158093947,0.06539141172743057,0.039553878950107105,0.018449923286962672,0.011429521719091392,0.020177194302396093,0.03663433006270545,0.05376488516585585,0.063947630565387,0.06422053566064329,0.05459317799117468,0.04168460041427811,0.030763679323420605,0.025465048327224328,0.031369473951167376,0.06051444975363915,0.03842078859505316,0.02927226422138758,0.025290489216659138,0.02374437839396489,0.02271117657307475,0.01993188910697829,0.013719008052224839,0.0037660464033690386,-0.0029344163249186493,-0.0008559758066826587,0.012087069076083666,0.026417269823403505,0.02573499726332541,0.006427848012759919,-0.030070095262104485,-0.0770640920354266,-0.12852880557341492,-0.16557915133305112,-0.1770159992828349,-0.15320832043805294,-0.10431595559908634,-0.04871542506611185,-0.0031052470889972508,0.02110689057221655,0.019044048528699235,-0.007887842114220925,-0.057293142152883614,-0.0946210998645651,-0.09220021949934065,-0.07828490018418754,-0.06464385846825019,-0.050620314606023405,-0.037729423021888066,-0.024431621079216446,-0.011526099961385015,0.0021114391774300664,0.019618113186858833,0.03716415536873721,0.04723897235476766,0.04193157904163131,0.0262360510175402,0.01494057513255807,0.01398704558538544,0.020598050552503196,0.029552421167657668,0.0350723706897748,0.034860596374449083,0.029442202545136693,0.019147524993074372,0.005045740244447305,-0.00908106794330784,-0.01696369869059587,-0.013893907780848603,0.003934893536944081,0.026097975224638793,0.03110642085628569,0.02823429323738398,0.029127865437475312,0.03485198586861268,0.04090468420821841,0.03715786677514646,0.016783304633186037,-0.007197753833356038,-0.015373484829935771,-0.004386878749896521,0.01587844468912135,0.03660237699540328,0.05563801510758758,0.07719247735122527,0.10369085300039378,0.1378200498198676,0.1708266239073102,0.1839755811920401,0.16885135983908775,0.13955716502816304,0.10826668887554516,0.07591866984299232,0.04675352872477608,0.02771013744177755,0.02579301916466222,0.04095279969420489,0.0709929603802147,0.1049535680292966,0.12782541246257573,0.12131556716451637,0.07811595071171365,0.022743299171292076,-0.02447734674041538,-0.05649703645705239,-0.07391661382048301,-0.0830323473827709,-0.09204202621042387,-0.11014945199466804,-0.1264894913156463,-0.1237612999245972,-0.10215591589656038,-0.07369404925640477,-0.04438068884291832,-0.022679738558709396,-0.014975327312651098,-0.021047857418075654,-0.04023907221634958,-0.06336320577543424,-0.0816004281128995,-0.08853831108935625,-0.08155814943451056,-0.06584648268649146,-0.04328448301158479,-0.019003254892754312,-0.004116539493036402,0.0016292959877831769,0.0029545641219671775,0.005500836411217196,0.014299268913830793,0.030090131033402644,0.04855146036781237,0.06474484575363436,0.0658896395911848,0.04970185758408978,0.02357508066589064,0.0007593838238642293,-0.009479602172189544,-0.002654998337162275,0.017828780596286783,0.032227472206870715,0.026260086288319807,0.007410461426152228,-0.011232506431255182,-0.022921759410447527,-0.024158765201320136,-0.014906586479892719,0.0021026323941603243,0.01618520334413869,0.021919801922404343,0.019768054607589236,0.011639319975499786,9.400206376545289e-05,-0.014110402637737232,-0.026474683586799403,-0.02169665285063364,0.007173057078924466,0.02860891356092462,0.03903300539980144,0.04442808516689049,0.048413818556335024,0.05378019894512586,0.06402535810248987,0.08664917230821026,0.13094049101811447,0.19738391091869725,0.25879700592093874,0.281643532575317,0.2585562174673656,0.2003886492222455,0.13073303439194708,0.06455205031197403,0.004001789849094196,-0.055636979573396333,-0.0699659769541181,-0.0500982971859794,-0.037046723301261256,-0.03265233685731715,-0.037625017331901885,-0.04715288622829471,-0.05288963638736271,-0.043161536523899306,-0.006962846112895274,0.040577573792534495,0.06937699995372235,0.07383787650004882,0.0657564345826813,0.05145795716492937,0.028527965307710686,0.001893740399955207,-0.021715975809861728,-0.03705140865667029,-0.02932633296230141,0.0030737916107234638,0.01962411110623817,0.02096089838128266,0.012259839607655025,-0.001304907479938904,-0.01765204177727658,-0.029109414708957067,-0.03719465018740716,-0.04219077910635043,-0.04246792722646564,-0.03025223250374986,-0.006984210491129667,0.01275123946316446,0.025074947272218272,0.03196898382516321,0.036559116723759756,0.042045094617346575,0.04945769194284212,0.06273556744112707,0.07920624708177985,0.09563100426817679,0.1078600059220706,0.1143316711362685,0.11968619718015135,0.11714460254046768,0.0978676851379597,0.0665813068996766,0.03871171855712677,0.02094067379429956,0.011190733335360246,0.0025757880844504144,-0.006232413489590409,-0.012260156648517666,-0.01250064883970596,-0.003546186136234225,0.013105736628027807,0.032191628002023874,0.046937754092114474,0.050388402540594415,0.04207658447246184,0.027016832798984525,0.008286890266554015,-0.013006005833099793,-0.032286334249137356,-0.04675248593155628,-0.05400881888262646,-0.05641207204167768,-0.06068036578798008,-0.07059599567186207,-0.08538843936561374,-0.09886898200236165,-0.10203860274106842,-0.093518756005641,-0.07361769788967192,-0.049708935322649195,-0.02766487900443224,-0.011685376666301275,-0.0003087444098825608,0.009944454872442152,0.022560655811273277,0.03757780334249117,0.05316573234131154,0.06414689732565429,0.06878180340095373,0.06740793514910955,0.0598239825133371,0.04525642436015355,0.02199290295701625,-0.010458110409460621,-0.0417367205481876,-0.05871810734149048,-0.0521346046356094,-0.02835278378787317,0.004298419646464376,0.03126228221159554,0.045564775093145736,0.04584360115007528,0.03548689578877395,0.021083253048520545,0.009877775403196029,0.00540591650903989,0.0082674478967476,0.018023836026096307,0.03280173565921012,0.053981303877633904,0.07381252441008453,0.08495157813914295,0.08758110779037091,0.08523312220984759,0.07713819835352817,0.053536336425126584,0.025114602689975604,0.010196184858242356,0.01041111537637537,0.021410349977179336,0.0410266471249511,0.0640076716804444,0.09304532095287198,0.11085299403121872,0.03294842874489794,-0.025327886237320824,-0.05573286300123445,-0.07768667608610551,-0.09397522365566498,-0.08799410963498491,-0.05656975484317433,-0.017563793358334974,0.011342136545560969,0.028395249989655508,0.03003025750202559,0.021744104674904566,0.007582428912531322,-0.008082094283424384,-0.016846081503564713,-0.009613614999245792,0.01421544798698625,0.04429357971333873,0.06818720589807648,0.06606819521953504,0.020362261655285336,-0.019556201022254947,-0.02913930875771353,-0.028124498890937565,-0.029256963370220088,-0.03217438834295409,-0.031846721114382186,-0.026028848868525314,-0.01639699635051877,-0.0028220232035712912,0.01323879952168859,0.03195656789613917,0.050952539381269216,0.06317824393666961,0.06413768764130731,0.05857508993965911,0.051427323009372104,0.04516034890222875,0.04101705383484661,0.03794398934990792,0.03368506322435164,0.025681200264975293,0.016461330369538833,0.008893264781332521,0.0038349261919127,-0.0034849622869299966,-0.018385670870306278,-0.042080605228741415,-0.06618197705128166,-0.08381604646932961,-0.08896652036180622,-0.07250303052447127,-0.04106779831498563,-0.010988669321250383,0.010363591593024555,0.023995217580241014,0.03187065113268851,0.035985377202309106,0.04517352436018485,0.07162361570378648,0.10707318553524615,0.12455239738953242,0.1449982158366083,0.16084713995880132,0.13652652515608205,0.09686567783170939,0.06936593296695137,0.050246283885720694,0.037035143163328454,0.031700832016928644,0.03338312935197325,0.03724946176715107,0.03700042600909984,0.03307633766998811,0.02734777623280293,0.02087530859997812,0.013020817844400293,0.0029010070341488133,-0.0075894295108549685,-0.01383376970225162,-0.015488358170577744,-0.01755202780498248,-0.022253812577939593,-0.025367494487893646,-0.02240164725968043,-0.01576603354831986,-0.011677411991505663,-0.014975716326706683,-0.025322584552805092,-0.03389574861199432,-0.03242481836766553,-0.024927284397464295,-0.014510672624409561,-0.00413844212259238,0.0028393115082223116,0.0073657443602681135,0.010670877877598392,0.011874819867726765,0.007979203756154955,-0.00330028730301051,-0.01592958136504925,-0.020099417151660363,-0.01436883628972221,-0.009200530136264535,-0.010752035624117792,-0.01722156476693226,-0.026046045703964415,-0.03395858562298489,-0.03731895428713579,-0.030509205838888463,-0.012379995781485995,0.008446321836268481,0.022826165368688908,0.030522219689724905,0.031598000645082655,0.025249987254040766,0.013040783760250002,0.0011588548181275186,-0.007145483147579143,-0.012232550954171438,-0.01451818278050448,-0.014371274069135161,-0.01136242023957479,-0.007562195424423609,-0.0016143999862624032,0.008377413588906623,0.025483653016887757,0.04368909368880915,0.05697936478350089,0.0639139947291154,0.069531837601259,0.07565661031144445,0.08482462691932675,0.0966332566779754,0.10697773240678496,0.10020210236305761,0.07047951508228313,0.034129606909410054,0.005194651458162665,-0.013650727485649772,-0.018650826689229207,-0.011323154645025788,0.0016036635406315694,0.012556322067975748,0.021200236002806048,0.031027425067299604,0.04568127200133247,0.06749288654857181,0.10374902775779839,0.14338740437301767,0.16411416825165184,0.15258370606749364,0.11312933069134032,0.06422696348654201,0.0203884509101039,-0.010277283367197703,-0.026953226791069963,-0.03597040193421628,-0.04834931711938426,-0.06401849856897342,-0.0739280065317194,-0.07343878595308395,-0.06950186265325956,-0.06959611622804007,-0.07330864841151796,-0.08088882984803179,-0.09149552230559478,-0.09743886691570208,-0.08626547980512256,-0.06002555089663401,-0.03031234576280312,-0.0008891652545532115,0.01582404738818012,0.023527065932717424,0.024369940350858748,0.0174298418781862,0.0016089888516483512,-0.019071127549151082,-0.03787906520400072,-0.03636644779633594,0.004107695585646726,0.058161725262357265,0.08781593973525129,0.0923789920750934,0.08897454575341382,0.08271094317131662,0.07040528474215535,0.05123749635352905,0.029655576506164873,0.015935485660259527,0.009743480275803788,0.005358287649567135,0.0015323989818863265,-0.002224472371055629,-0.006241636541399917,-0.008239346793876542,-0.006330030363710101,0.00010089984071725959,0.008315556617650727,0.011087489815655851,0.007547884087492771,-0.0032857017720964387,-0.01942378489179248,-0.04033246923353576,-0.05877632182042874,-0.06403511742245603,-0.049453087950922535,-0.01950170497704309,0.013096693420708435,0.026601627917799926,0.03436600707598579,0.047375823614207294,0.06465053869425547,0.08610681629822967,0.1073318985481117,0.11324032828434918,0.0985592905195991,0.07900489937175985,0.06142559585172047,0.048579868670241715,0.04149168909003036,0.03993390225117412,0.04373078221469243,0.045339396585208226,0.03898737688537826,0.029804508823358545,0.03032736178034488,0.04078522203627198,0.055304352081546736,0.0682492988305537,0.07583388517466325,0.08032849597012162,0.08513618192238329,0.09351192262025887,0.10486124198580017,0.12203178858949355,0.14071673482873173,0.151521237020234,0.1519210081272801,0.14778161804480083,0.13835201452129142,0.11306024438203255,0.07569982551317216,0.04046011896485618,0.015455587664045348,-0.006725923134201429,-0.025240552202466408,-0.03622416610801935,-0.036512542699738776,-0.0339487545708521,-0.03753696849786999,-0.05030165589605286,-0.07281611718871936,-0.10135644791303829,-0.11709935805591706,-0.1107721415053559,-0.09524735094568806,-0.0780752869151528,-0.0636765856719394,-0.05141599601789727,-0.03837744588033708,-0.03258342847023176,-0.036643945468292506,-0.055291629856848955,-0.08143530537083399,-0.09659392445550494,-0.09088349113039852,-0.06994147394976885,-0.0474530325895049,-0.03312556894589558,-0.028898377731268434,-0.0289270287263081,-0.026567393636646335,-0.018829403178291945,-0.007274206976172782,0.0017096397737488911,0.0007942304289735141,-0.006320680062170358,-0.013612873998349198,-0.019415162223523127,-0.016302151724169343,-0.0008976407640854018,0.021472847867384168,0.040006376816551045,0.04714456461315841,0.03695928096936899,0.00869442145298375,-0.022248491028095722,-0.03197249472252971,-0.012715140959057807,0.024400338506919098,0.06517034420850538,0.09451086338553456,0.10644100963894745,0.10763581821202582,0.10702726292898265,0.10738064682375302,0.10699255762825978,0.10209268858100681,0.09263141693695434,0.08424790131206139,0.07509305320141248,0.066278001989655,0.05488328125101891,0.03668120225301229,0.013431032292399172,-0.0025402366763496434,-0.0024492227826406862,0.010104149707217935,0.025811460815342864,0.031645845229664474,0.017125406805095684,-0.013367871148401596,-0.03777923873905955,-0.047046144101159953,-0.046864683513444756,-0.04231475536516098,-0.03006516647789381,-0.006427211671137057,0.018163119915645554,0.03164218162924886,0.03242628709844431,0.024417907568412292,0.010802483803608803,-0.003332807176174443,-0.013121180534706534,-0.0188150839065788,-0.024884583956469242,-0.03388714975014721,-0.04651966501693619,-0.05867550132348992,-0.06160488449696711,-0.0539927424297497,-0.03863431699967643,-0.011701588541729821,0.03380495323308545,0.10192756370467454,0.1641984070446848,0.1698187762807458,0.14367154342609434,0.11161606740944317,0.07456873512455438,0.04392867551346101,0.029610826624794237,0.022377827509011176,0.013358329921988116,-0.0009131676731183404,-0.015000532617847213,-0.024884970351554323,-0.029852748128197513,-0.030684887632675673,-0.026295858005776104,-0.01274721535961444,0.006269900534412275,0.022865251774575376,0.033403034783247354,0.041673728219756866,0.04575435829542112,0.04013771500425606,0.026169045138707617,0.010044339417007957,-0.001090144376674069,-0.005960204382608187,-0.005299403538641532,0.004687450137679051,0.013757884348864585,0.013411621785073012,0.007065039837767262,-0.0006262219880112137,-0.006835759934996018,-0.011384888093614072,-0.01835803576059797,-0.024315901581719215,-0.02595810614339116,-0.024644381300384797,-0.021618099372768523,-0.015426464331199709,-0.00327916822732102,0.013512566479220334,0.03261041654678331,0.05059644302295985,0.0663542852423291,0.08320829951022474,0.10175553450493982,0.11877607242272477,0.12374147246836,0.11096882890508288,0.08576700377766294,0.06347474192651979,0.049499117871001745,0.04223574252928922,0.04184640053172917,0.041645143917018436,0.03906822646561881,0.03200326733746371,0.02280479841156977,0.018411397785976186,0.018416285267743183,0.0206732687725771,0.024424320390673392,0.027600307332342318,0.02955518362575035,0.03080124551981881,0.030179476092375278,0.028415130513461995,0.02516267150304598,0.019605470636878862,0.013602621359416485,0.01504022379663947,0.023923097577760025,0.033182822322225566,0.039946521830479254,0.04818640065354629,0.06259100734630443,0.07306841323485008,0.053623650745173924,0.028027724679321075,0.007924005337288006,-0.007810864566571254,-0.019430977045385964,-0.027449339058826457,-0.031188539885056824,-0.031785074657620135,-0.03067415762013105,-0.024911393275341188,-0.017501089060718105,-0.012496929599246453,-0.012887395071893095,-0.018800354819318084,-0.029000805697386164,-0.04112636381176409,-0.04027915306959451,-0.018703015479022516,0.0067074993527840914,0.03051887272095635,0.0504668296308408,0.06660403496980628,0.07407157768863046,0.06860780945101004,0.05242436451781815,0.031139704923345293,0.009967065208388878,-0.009044118528565959,-0.02598562020112744,-0.042436910230005884,-0.050452317033082755,-0.037620853201712316,-0.01994387955664305,-0.008147652743627047,-0.0010902747732774599,0.005114003894472645,0.010185676093968882,0.015262057458058304,0.017291893649181447,0.014853642218017339,0.007407123456489831,-0.004580094306147855,-0.022027670885446597,-0.04376722831656163,-0.06370907672162832,-0.07848366433296222,-0.08636908601781415,-0.0802178686063061,-0.05834632026402895,-0.03467807984603675,-0.016110830386008055,-0.0028216293443894857,0.014334806033768873,0.03519254035290958,0.05887387026945862,0.08307000266326899,0.10374666810156505,0.10787896868255463,0.09088643909600158,0.06625664550274671,0.049472020080603585,0.043674791124290895,0.0497705417180472,0.06128933956092981,0.06827179010800659,0.06500127051278301,0.051356990533096766,0.02672190338024548,-0.001732889562239864,-0.020885226552361136,-0.01651055897866858,0.010339166158568827,0.04273260462827229,0.0664831572076647,0.07847940792793058,0.07498356827854481,0.05922257792878411,0.019999676621578734,0.000974579240611276,0.003698830413217264,0.011703908513217384,0.015755667365218336,0.013580032138475188,0.003913073734678928,-0.012580679731005757,-0.03520643135573605,-0.05647916799241335,-0.06702664358809513,-0.07319888898804357,-0.08612156603070074,-0.10507349365088198,-0.11160254202546943,-0.08992620173831761,-0.05042523900809353,-0.009541629942446169,0.024717380893275628,0.04595404583511327,0.05397473655366267,0.052450275674804335,0.050220820793501895,0.05497002831087324,0.06303075512927404,0.06771376669505932,0.06687711253196076,0.06257472341765971,0.057329960688974654,0.04916981253239655,0.03413916576778598,0.011890921814721475,-0.012027539828404732,-0.02694168737169627,-0.027338388139782913,-0.008557623333241763,0.01184716242218405,0.008380935302315784,-0.023983553084318064,-0.0689114175286829,-0.107071543464463,-0.12953802156574393,-0.1339383628241121,-0.12552949135537775,-0.10560732939954283,-0.0724972385740077,-0.03399435920690461,-0.0009590829065409659,0.01941592530559664,0.027247466552783716,0.02874233211267628,0.03034093871222511,0.03484014829289687,0.041684172681360813,0.048503596927082136,0.05684719661822913,0.06307883507211423,0.06477798288747103,0.06752910866993167,0.07453600631734462,0.08482493493781931,0.09418995496289012,0.10384134984442635,0.11168395873297787,0.11415665829298983,0.11024911787975324,0.09181957040142377,0.06393927901788288,0.04030076384049016,0.025035203752367178,0.01429674992743468,0.005559496710465171,-0.0009454972245618262,-0.0020219909413981448,0.0017333658265486906,0.007400648003136882,0.014987004272060149,0.0276506366932905,0.04313196055336627,0.05407318429658196,0.0472208992401115,0.03472977484891518,0.025698402912449847,0.019649685483262343,0.011909332926730994,-0.0038704685258640205,-0.024925665663614115,-0.04808509426615684,-0.06403298786511724,-0.06571004625190063,-0.04892022175251815,-0.015750955624380825,0.025156581028274675,0.06539207267529755,0.08695614768554763,0.08219802468126623,0.058758434877303735,0.02861109396708255,-0.004495633412959682,-0.03476706924839578,-0.05411901714681951,-0.056626902685165376,-0.044865512884861146,-0.026796673648251054,-0.009640023272088896,0.0022868935394881676,0.006517997951734492,0.002984956632882522,-0.00636642791404225,-0.015769823104624228,-0.02239985328026412,-0.023375658965353326,-0.02586802096408115,-0.030305477293661134,-0.03447019219353707,-0.03529699428373841,-0.028991921964533908,-0.00798227615286166,0.029825343254934158,0.0621655745504791,0.06627531762160124,0.051683669009496905,0.037929253882077525,0.03087990963292309,0.02704292587756288,0.025962155267062435,0.030436958664966117,0.03921897030188323,0.049821739704749124,0.05485033443116507,0.05711773268883896,0.05998696305755689,0.05314267932833366,0.03349333100048699,0.008703578272412983,-0.015739692096920787,-0.03836240202700518,-0.05398365322683688,-0.05782754270519318,-0.04583515752287917,-0.017712766951431137,0.02182840635610531,0.05662024063886779,0.07469148088611567,0.07599473664848118,0.05986884684818128,0.028241712849257226,-0.004106226263602817,-0.01629185251919522,-0.0035902394081785242,0.028058522096694398,0.06722699466793439,0.09544447367813372,0.09915773518281182,0.07381740178423012,0.03812201770281326,0.005819706141096545,-0.015594947575496048,-0.02344080458183419,-0.01692941459186027,0.0008304637189008317,0.0208952818017265,0.035769793856014434,0.03897482105022159,0.03528546438590648,0.029687069568594827,0.02847660789744773,0.034162366543119875,0.04590303278594208,0.060756075226271196,0.07784796929303874,0.09576479543808768,0.10450769573267249,0.09325687414840139,0.05652539065149518,0.006267041733757383,-0.04053142505941005,-0.07226079138041915,-0.08485592824817595,-0.07360377417403335,-0.04298347083321482,-0.013583980534790067,-0.0006456903533506886,-0.006227286373765338,-0.02509498706995993,-0.041640579115246226,-0.05181499244778301,-0.05696796247585073,-0.059281452359223295,-0.057148912893014374,-0.04093112480816987,-0.025989775572687085,-0.01728221770286327,-0.01064166676607807,-0.0006431587031096272,0.014871934622478744,0.038218442027732426,0.06860922523032274,0.09490842908331024,0.09135321871937425,0.06260907269077097,0.02999342015738274,0.004858620583247612,-0.00789817256754285,-0.010010358687075848,-0.007550063828490292,-0.0051862970685392145,-0.005375290695840525,-0.008115543132279227,-0.01228371265325693,-0.017367462243796553,-0.021765932168196233,-0.022088269262927684,-0.016496246124135052,-0.005927888517180633,-0.0008355846940380162,-0.010540853037656695,-0.032362709290227214,-0.04656397630061508,-0.052224612168362224,-0.05246360729338709,-0.044631231548492696,-0.016041004627305858,0.015890843932505398,0.030265287932750146,0.03532477447257303,0.03730491146180272,0.03961119322621851,0.045128017653470215,0.05548929790918198,0.07339462428157197,0.10984172365535895,0.1746681779985483,0.20910752995929716,0.17398731684029187,0.12771476102299448,0.08639703948322018,0.04573749737515206,0.011784821164873512,-0.013935610959445724,-0.026290831809437705,-0.022819686019078283,-0.009105827716349187,0.005181105415854535,0.015049945092762146,0.0182959624562978,0.019177843736431093,0.020879111501413986,0.0269132288785868,0.03357748076532951,0.038605496410080105,0.0384145697126434,0.03562593535049672,0.02917913281667482,0.01977089387741354,0.009747357880481571,0.0015465123696034935,-0.006166381059633491,-0.01212247405299185,-0.013359761446743359,-0.002887191087622344,0.025713153802365513,0.06390298046137004,0.09569413434107914,0.11506321599220587,0.12965037289027354,0.14393323780051834,0.1536421394482571,0.15895189934260626,0.15766417543214786,0.1317497642441968,0.06582468636624308,-0.021117269011206106,-0.07070184689768207,-0.057744542258281926,-0.03847597084883903,-0.020809418823978004,-0.0036808105873622986,0.011728584082309867,0.022103769987784336,0.02432572069119822,0.01681281709552488,0.004019214927808523,-0.005894262530054268,-0.0026709932084587142,0.01614057006628954,0.02478460205252014,0.01817562085806426,-0.0008781258251513151,-0.028347504088991306,-0.0518291070479833,-0.06017580604658628,-0.055073176120590525,-0.045859460930874826,-0.04246071682584112,-0.048117368062322245,-0.058957680381362135,-0.06281686573121097,-0.051632114945562586,-0.030966654185331784,-0.004016228382732757,0.031185679549837628,0.07311660364195831,0.08743253146698281,0.08073993241956204,0.06963367373357286,0.05866410117376221,0.04983471662631836,0.04239363425413822,0.03716164780533044,0.03284721290414049,0.030856111540847633,0.032979544836079046,0.04151809164743711,0.05159017610895678,0.05468306998839745,0.04786310555479289,0.03661686354592328,0.02794498808450394,0.02459178091862022,0.02427926150355371,0.020341153700816274,0.009439191094656471,-0.005288101624247977,-0.01667949321199799,-0.021144460772680656,-0.023843620313301003,-0.025928517960565355,-0.02833056248421645,-0.029512248584875906,-0.02778229809680896,-0.02216104257120843,-0.01208210710435219,-0.0005872395332726487,0.006771660428625634,0.009252717922823655,0.008405357394970205,0.0069510880929637645,0.004950947907371272,0.003404533984899398,0.0020303166534349107,-0.005372201523739792,-0.020807544684774238,-0.03590929400020376,-0.043953974478559595,-0.05050441358850755,-0.052956100447736125,-0.049007462268754826,-0.03736765424546676,-0.02049730287490958,-0.0027554760648688245,0.01263158790461198,0.0236202656917446,0.027821408599037846,0.02532346684936706,0.018374564603449377,0.0053978458784929555,-0.018341972198477458,-0.06283432050225342,-0.15303194743470205,-0.3736245775444523,-0.3592316695687335,-0.23193435488761902,-0.18048172545920202,-0.15348448257960406,-0.13130940741437644,-0.10460646985452832,-0.06716710651607592,-0.025174000372217866,0.011940016038719286,0.04326743475516414,0.06919542943185235,0.08904946002441565,0.10436943708457934,0.11486791818551058,0.1220596059582717,0.1202511843170473,0.10405001665562102,0.0778790623817781,0.055046448362426705,0.04922670851677758,0.06264014459947391,0.08383571470096754,0.0946327584155919,0.09430804441887311,0.08422921349931187,0.07285554194600093,0.06878246263651686,0.07607494812546226,0.09383787913184018,0.11067409867821061,0.1180328006979926,0.10299792534929006,0.0743603592729901,0.043488014435015515,0.01833593639040393,0.0036211157383902637,0.011640317098829575,0.041436175294003265,0.06941689705207274,0.08538287418349558,0.08459260469411166,0.07222572819688093,0.05785005942045154,0.05265497250015333,0.062349446505580136,0.08371145204910407,0.10944166362360416,0.13099836987532576,0.13290615371696665,0.11043634106253966,0.08927668942904252,0.0764159024649709,0.07066455050833395,0.06737188916051659,0.06205068898954265,0.052494539617008895,0.037759664189033426,0.021659602127941203,0.00625249636735662,-0.00857640922385569,-0.02113013298441665,-0.028500580458659476,-0.030978139714132366,-0.03129102616765665,-0.03285337873884041,-0.03400401522575824,-0.03639520998528311,-0.04503288325669139,-0.05820179856622156,-0.06886740643438317,-0.07126878499382205,-0.06459280656889343,-0.050273186779816376,-0.03230665942800315,-0.015814822723007365,-0.0015719610954268472,0.010678856971607474,0.0161033777574307,0.008509818782465178,-0.002339450552117132,-0.004679184346974742,-0.0018216042942782883,0.0003669086489233097,0.0020740056471505687,0.00313786234697801,0.004612960769099695,0.006324020479073795,0.006534097390265051,0.004020238451896361,-0.0012523527117085276,-0.00392371132731552,0.0007505992710727383,0.009309245758550825,0.016837920332735845,0.01992904663228006,0.01880257123176149,0.014608604421231764,0.008479997640479364,0.0013605052057333335,-0.0052050555610490615,-0.007572073479336789,-0.002433495429172663,0.008710238592686626,0.023783812491650794,0.038703992024038944,0.04769456515951852,0.04420111055004201,0.02925490125817124,0.013445024014024235,0.0036863363522422156,0.0022160012663642726,0.002771319114812822,-0.00011039663994050776,-0.008589805083788978,-0.02482786460002821,-0.04030923612466486,-0.05634528927982008,-0.07549649844276705,-0.0870348362563541,-0.055513878421090346,-0.029323538532055878,-0.01959584816993533,-0.01767677360310826,-0.018817634680174663,-0.020574691400655234,-0.022102340194091335,-0.025737850001882695,-0.03860085912301198,-0.060181478376851505,-0.07359961782344085,-0.07024094454686566,-0.059928750705947054,-0.04778638862551505,-0.03656851487391747,-0.0270028381404291,-0.017359998348752965,-0.0035945512448097225,0.015453948841330424,0.03608016660294682,0.05307548179076625,0.06104818705526764,0.05941630427893392,0.04864461798456116,0.03108580075456193,0.006185237855315835,-0.021179415855956885,-0.04087082263808987,-0.049075699371131334,-0.04747143241560587,-0.04123370645899338,-0.03329132410012269,-0.022694431988712762,-0.00897207625501733,0.007137346991418835,0.02092425913522393,0.02976347108109999,0.034429312437720065,0.03363872256372637,0.027579369622450688,0.019395185318190823,0.01344858770566778,0.01407203974181856,0.023015373860914613,0.030470921028731987,0.032923662781924504,0.032898884348300315,0.036360776204818035,0.04643924314581717,0.06107140368207264,0.07901095691080093,0.09445283649057969,0.10014043923418908,0.10032298490809761,0.10109687884573612,0.10430729553953035,0.10934503547742636,0.1117740478639947,0.1047913736944699,0.08216472098810747,0.05189754715318205,0.033044395029875655,0.025832793781702827,0.024887379477961113,0.026356142062662822,0.027363856536897487,0.026296776210564577,0.02470837899581498,0.028673450022977262,0.0350687126772226,0.0440614183008575,0.055245554253478775,0.06472726292130655,0.07248167744043492,0.0780553568574903,0.08348947721757273,0.09156626061394108,0.10875558640666082,0.12644941459018164,0.12843649550692318,0.10096937754640029,0.06202603474110406,0.03162411156022831,0.012426046354556877,7.21341204345041e-05,-0.0073496419864256925,-0.008665971291525246,0.0016933558685027254,0.013437313097772094,0.02271964713228905,0.03259978726642139,0.04230748357706173,0.04691652663643014,0.03904654854791948,0.0114295701305556,-0.02784477046374449,-0.06351770782903787,-0.08666190394533105,-0.09570148282335268,-0.09388746648782417,-0.08122199112380385,-0.06451825030850532,-0.05548634804666984,-0.06489578173156087,-0.09283221466137741,-0.11824119117242289,-0.13063244285445838,-0.12510533584485067,-0.09961284758698356,-0.05980542411696984,-0.022907025217688528,-0.00643916850792489,-0.017577940692910382,-0.04806180954564698,-0.0848275499811304,-0.11607818088321531,-0.1421241530935922,-0.15361296388037973,-0.14062861778482516,-0.10792903037475818,-0.07103146904713745,-0.03748117296845132,-0.015390964008328328,-0.006942785516203597,-0.025301912297946722,-0.06173717412737807,-0.0863559612938266,-0.09443645840542571,-0.09229354943432053,-0.08186695064278221,-0.0577982269272926,-0.01702233195960639,0.03906388627746177,0.09829340205457258,0.14023620315810315,0.13815312023453885,0.10299762152582444,0.06536220263464848,0.04398456245001262,0.04450475602919364,0.060553241191261195,0.08109388755864382,0.09981401278992255,0.11247462089300124,0.1099234968631351,0.08467061397633324,0.05440168578082794,0.031468064855808636,0.022186859445219236,0.024046180689324348,0.03022427247676029,0.037031570735560355,0.042936922807337866,0.04728048085599196,0.049520650225429313,0.049866218902759295,0.04649326609838394,0.033599994644364264,0.014353024773450044,-0.005032317012713175,-0.02061589369411988,-0.03220591630972064,-0.03262876941159999,-0.013648564854578887,0.013787316181979967,0.03289436757651821,0.04444375683812942,0.0501051340386022,0.052034294088853815,0.051480393953481876,0.049640829066937765,0.043989469158460255,0.030123275956371095,0.008545487331595174,-0.01202586178596337,-0.027672661030549713,-0.035639153655231647,-0.03266040775996881,-0.02173590308548759,-0.010191120920806592,-0.0019062931942334356,0.0029528155832220554,0.008654284141607373,0.01428840671249336,0.01617325593995529,0.01225491268837293,0.006606602516463955,0.0036103406668641846,0.0033755102106015874,0.004166787714797074,0.0039959093259782225,0.0008851034168513682,-0.009829223493073101,-0.028741159286585816,-0.050808597622747344,-0.07214531738580612,-0.08474067578025413,-0.057573044253262914,0.005464696162127236,0.02713112596735197,0.03399026780374145,0.0349609746836179,0.033612459201484195,0.03295522352667938,0.03977204087371889,0.060253033219463396,0.08760839554556077,0.10897799528055375,0.11253554854905999,0.09817260854198112,0.0770006517718805,0.05811025979052904,0.04256093499090707,0.030329498324574582,0.019735815619472182,0.003684502717786936,-0.01813969083885911,-0.03410748201141259,-0.03355081419254598,-0.02412242215525509,-0.01253552354400649,-0.004201294670956137,-0.0020570575939919096,-0.005728739171207873,-0.01290038018173031,-0.024556122039082633,-0.03805334399522052,-0.04959883108130536,-0.0498678511134996,-0.03988085623570921,-0.027077722099296913,-0.020141728499922962,-0.020402711110759444,-0.02480146880486761,-0.029896227211907295,-0.03245728074686598,-0.030477487283279737,-0.023511796608776357,-0.016145785666830104,-0.013400818336932092,-0.016962799058531142,-0.022926995412534665,-0.02491342835693341,-0.019756952111487935,-0.012247323721885282,-0.00983801580657445,-0.010072586378715446,-0.008060791888144039,0.006888591418051268,0.030058197705787576,0.053940999720030615,0.07333523846013326,0.09003298170174896,0.09748337167370272,0.09308039345426108,0.08000250953443559,0.060410026433370935,0.03762039555564963,0.017382641359434417,0.0051679219039515315,0.003138917027329464,0.007241791055360489,0.008613546573440014,0.002265852262587197,-0.005662738560431497,-0.00898367185417055,-0.005102385613285867,0.004493052978300276,0.015260962799807985,0.02350894139970541,0.02827270937012518,0.029956601420944445,0.02876305974928224,0.024475295255852507,0.016319032900436948,0.008160637555128542,0.0038434523462955138,0.0035222806777013465,0.004259337744107714,0.0029903264496147714,-0.0030678061583454814,-0.013776362741473954,-0.029046441569606743,-0.04720128904759272,-0.05924219015911424,-0.05378248985321617,-0.03551783599052292,-0.016358818148537516,-0.002662161840915952,0.004196193624627755,0.0070961780557311045,0.009259466839075482,0.012236602432262442,0.01795085930648038,0.02526297168722559,0.03174761291585854,0.034960698958298994,0.033499877479715626,0.028415744528416838,0.02313532434661316,0.02110148609946718,0.02644288196649835,0.03690026962822088,0.051025368325279395,0.06624536699248271,0.07926815434082675,0.08469197638163935,0.08246313247053588,0.07393146444021984,0.06306286285417675,0.052828592761240564,0.048191321104351544,0.052351021642431134,0.06207461960208051,0.06728935743604915,0.06484999283813105,0.06108004062959287,0.06327640096483458,0.07478719201370812,0.08936110806162895,0.09260712192467677,0.080033662931063,0.05662712233102854,0.028288608257574163,0.004097381402671986,-0.016528937077497734,-0.03392142213468261,-0.04376577143897558,-0.042341722255205744,-0.030561464132587705,-0.015405710876521626,-0.007704655148499176,-0.008859227660727768,-0.014008630634183065,-0.020079853066581714,-0.024407395875914815,-0.025497822499345495,-0.024646851103514028,-0.019775713532090528,-0.014636897192062267,-0.005500390296005368,0.007027503554684203,0.022141379212766467,0.03348866882981805,0.033950532495458645,0.021688897003784853,0.0007217197683869183,-0.020174852037309884,-0.03715442708951286,-0.04764663257323516,-0.051152108306482785,-0.046532399241587745,-0.03458910715017461,-0.009019811238142534,0.03135442042969096,0.06338952549793776,0.0754964883367879,0.07797001052874543,0.07921175155245656,0.08103404878582234,0.08289385907005874,0.08184665352393625,0.06985231990085519,0.011740222720097821,-0.08181332682365866,-0.10988317933611563,-0.11574193106500907,-0.11196283607942821,-0.09758403605012983,-0.07248124544776573,-0.04450780068567385,-0.025080313845158683,-0.02145415177054369,-0.02545824574137707,-0.035075620301360175,-0.051147616142907346,-0.0718818844522498,-0.09256321703619827,-0.10130927090764731,-0.09482391391985401,-0.07586398268803655,-0.0490842180974352,-0.021518804300591807,0.0027706813693018557,0.022603572783960753,0.037137801419177115,0.042395049172477266,0.045092801607750525,0.04977440290949376,0.0491896094665661,0.04151384693128501,0.032673455751900934,0.030164383312627815,0.028062006800765944,0.018056638392037937,-0.001695467388984504,-0.0292276716126628,-0.061343150561944476,-0.09762253308078246,-0.13057204523970456,-0.14928799835707698,-0.12376365666844233,-0.0461137833095319,0.015334425631098452,0.04061143216434066,0.0431412659444733,0.03795139093644482,0.031310911228255016,0.024078006274359635,0.018959826541353374,0.014818092713322566,0.010413014231773458,0.004908934180451504,0.0016708612110482733,0.001773803829359016,0.006753137199238902,0.015773378334121516,0.024803196122404197,0.029984886259994445,0.0344646272562279,0.042881421465614356,0.061104251870580564,0.09165304697818451,0.10138967573387099,0.08243013884992964,0.06662855463501331,0.05706005772267139,0.05259426497785166,0.05509986576508399,0.06468460970120724,0.07879124199307738,0.0904289457028717,0.09952487935154662,0.10311788519316001,0.1001503721536442,0.09025842264712158,0.06444128731394959,0.018601080587996695,-0.02978842929882452,-0.06777456123992025,-0.09323983359602526,-0.10644778763556846,-0.10755704791431082,-0.10046381769395399,-0.08913976460659309,-0.07002737600529968,-0.04104456081559456,-0.0038649695080414,0.03033793631556912,0.05054413222549166,0.057311142410901954,0.051395883591734165,0.03916243862788523,0.026570071205358706,0.017433466875216425,0.014041001201065642,0.008346418652466029,-0.009452756555669135,-0.029509387199245046,-0.039780603647109995,-0.038677528668835844,-0.03379148110755056,-0.03014751546900542,-0.03396406056356842,-0.046937765768782065,-0.06884420477443123,-0.09612268541998209,-0.11693966851842393,-0.11486665475526506,-0.0853125597003954,-0.04893446696435855,-0.021064443481683,-0.005110048735516822,0.0034666451834533775,0.008093102527719654,0.010277928773151371,0.014480220070275279,0.02019768963001142,0.02558775014538432,0.03273958829746182,0.051223953262025536,0.1090311170604502,0.17089311833906823,0.11513029171735682,0.08764266371454559,0.07191450309204481,0.06551292295568742,0.05862936070890002,0.03573465528292821,0.0017556547287209646,-0.023737546482951757,-0.04400764059580731,-0.058891575265991064,-0.06451215262800772,-0.05687447022967689,-0.03463088846682129,0.0032493847646667953,0.06010252531921214,0.13493962984425892,0.17396937367680126,0.13306893260723465,0.08640211963362042,0.05996659129462245,0.04538543886528866,0.03700178151737151,0.03136928243706288,0.027503961642574334,0.02253373786072227,0.014295991298879268,0.004501234141855213,-0.00587448795775796,-0.009877171684345692,-0.0013328874887166542,0.020902227277993925,0.05533340679664364,0.09314467433045288,0.12804723039588062,0.14566338605638915,0.13790388555820776,0.11181617706385247,0.08135360819365804,0.04946142954948623,0.013612547544269476,-0.0240037773276283,-0.06153592875858604,-0.07908612665642671,-0.08667613618553745,-0.08873360223924129,-0.08938065161864504,-0.0822143877241579,-0.0670118823585527,-0.045825207258103684,-0.026458762136816322,-0.008826206435868195,0.004065749605927617,0.018820437120053924,0.03851193217803485,0.06731072246855824,0.09912090993423422,0.13080641278772925,0.15157405508436209,0.14764391863143803,0.12487515145576547,0.1113465810172498,0.10629700135832129,0.09738488511063767,0.07536206792004864,0.04653294787051666,0.016898778474358788,-0.009562440246206056,-0.027442139528188476,-0.028776285604665712,-0.023704740188202594,-0.026574461779763213,-0.056856870468151806,-0.12475802171379553,-0.22411240218753053,-0.3493189579144855,-0.49142906503909634,-0.5094427439720189,-0.3665764885228105,-0.2148411732021139,-0.09247379473602146,-0.015182947737996284,0.01115836596085894,0.000496602622698296,-0.030099378522989773,-0.06833136138890818,-0.11008591786209539,-0.14957825310974066,-0.16362972176889265,-0.14220537960887714,-0.10662833393278552,-0.06781387343321982,-0.03416811321513878,-0.006107624287568133,0.014750829725562945,0.03249223327598643,0.049261090917343923,0.059698836356891626,0.06428367741023396,0.06697632730975199,0.0714315628012952,0.07505939746806542,0.07511401672724027,0.07270556795217935,0.07473260646609622,0.09890954669624712,0.14929069834704844,0.12102936827153896,0.10057782128734137,0.09406515636588547,0.09169686353366618,0.08912169947461135,0.07933649335368717,0.053711373943843205,0.007886037501699502,-0.05067925558146841,-0.10496452838544153,-0.13951676951406605,-0.1460568420079359,-0.11627781338674906,-0.06298513224855404,-0.011457160379624342,0.01763746079634303,0.021399695335019286,0.00398076212664545,-0.011355400921934137,-0.007038365959084087,0.013185322127606936,0.03752066591145126,0.05883597411156332,0.07619691495500959,0.08906595483490934,0.09107287856752083,0.07868747395852095,0.05478744462778737,0.02259394481819026,-0.002992010899015447,-0.018026978561490915,-0.027196214617299454,-0.03675208578882571,-0.047302720481602625,-0.05168032635327062,-0.04391537000320653,-0.021201077432805592,0.011473635639574648,0.047200804625346614,0.07934275409112396,0.10547187621661334,0.12289096418531723,0.12282785540139661,0.09319544183421967,0.04962334802188308,0.0190345099589817,0.003452041535486634,-0.0027746813654419525,0.0014301323270689192,0.015480862383991885,0.024269577972832652,0.02551613427369189,0.018960998743576766,0.008520093557316661,-0.0011430978446468312,-0.0034130085808912925,0.002827565179654936,0.011055293472051753,0.016330770313187658,0.015470180431860363,0.015833939992344746,0.02584765283757037,0.04364564443687995,0.06394763922939167,0.07026291187803034,0.05868791978706146,0.03303368950134282,0.013837305195939164,0.009406592194902218,0.010743001159945479,0.01123913778396168,0.009719695523168034,0.0052938925998268094,-5.58134720478715e-05,-0.0015268569231488111,0.0039558046117190255,0.018446241889099085,0.046628916616565555,0.079453854808947,0.08114609109022472,0.0508432560297315,0.02019722000058522,0.001578065026638479,-0.0035330407162832236,-0.0009224687982175038,0.0034213502958891093,0.005056902985362953,0.0033612278419767965,0.0008142903442393447,0.0036747374200186674,0.015529944596128378,0.02960099945389124,0.040461719474942974,0.047683023012166086,0.04637145223962632,0.027439860232106587,-0.0062251663355507416,-0.036202140655796966,-0.053348556727059016,-0.062709058034106,-0.06172264189326253,-0.04825903794023679,-0.02205067468410691,0.006044724796523247,0.01707929751944387,0.012771493309323444,-0.0012854033226996548,-0.017273515455688504,-0.025470640422122073,-0.02817504111209055,-0.028852755727783782,-0.029530819080134985,-0.02680312354767189,-0.012941737773304969,0.002415642367230679,0.012880485770504976,0.019610471811007547,0.024309937119473057,0.025638331776232533,0.024413064931905128,0.02098242103946719,0.014734359191591679,0.006158872365386215,-0.0034280750077667673,-0.011357558522152684,-0.015301334915083198,-0.015286824169248158,-0.019122797041297705,-0.03746199201132478,-0.07033831961491431,-0.06259168102817536,-0.011545100669182589,0.03123210288964874,0.06291898013939189,0.08069370024528977,0.08393391588257934,0.07505875203089332,0.05756576992004626,0.0348863369531797,0.010692225559541288,-0.01150686926088934,-0.02930307413301983,-0.04366096077676348,-0.055073638650486964,-0.0663096778921259,-0.07185820833393478,-0.07246339757545535,-0.06822168261368328,-0.05784927343519662,-0.044819067160326125,-0.032772376371912354,-0.023924955511570388,-0.020600045980815433,-0.021717126568808438,-0.023891798982637744,-0.02306828482934698,-0.015871813185987203,-0.004129794078732829,0.004164041893186442,0.003777138971698481,-0.006438767657372906,-0.021648155537904678,-0.03339302752431665,-0.03351693483055848,-0.020016230091936735,0.0021112281071700555,0.02270079190465661,0.03367941463281032,0.03687298753042806,0.03692232961031368,0.031984849499808565,0.012539119482963677,-0.005682645220348469,-0.018713335242758294,-0.02819544606828916,-0.027688448640935448,-0.012215267335527394,0.004959084917364062,0.018909554261697104,0.0283558731491149,0.033350093415156594,0.034335814286681955,0.033226949782397285,0.030864779066178308,0.025727066341003125,0.01771811109879389,0.00788926317790857,-0.0012352995497054151,-0.0057947314794012505,-0.0054823307792279405,-0.004625377920659236,-0.009215649566814598,-0.015801224962772437,-0.019420885005749226,-0.016527156415103588,-0.006451700661896197,0.011315719784676173,0.03418499179985755,0.06387906089718573,0.09664377343880275,0.10794979512093592,0.10452108615011553,0.09415915517929092,0.08119453920400396,0.0708424678602903,0.07141174435357091,0.09013356735121004,0.1201964783709135,0.149279625788677,0.1568548176511403,0.13470164832650666,0.09961970629392995,0.06872460647731242,0.048155316204921,0.038265421195895905,0.03656653590876978,0.036824614424669604,0.03781908310571049,0.03790547847450136,0.03981993938532632,0.04269455656144408,0.04597728397923337,0.044765044117211265,0.039218477773067605,0.0364808292754323,0.03810465422484652,0.04407949116541243,0.05004937052931859,0.04455967282411356,0.021390095029092112,-0.00917886975833326,-0.029469034902048857,-0.034274152333849034,-0.028692459665669474,-0.01684716002502687,0.0003265659509705772,0.01883481830293341,0.030615084367779058,0.03327157064499991,0.024984453927498065,0.008668699414593242,-0.005658566323200696,-0.010854182840370662,-0.014979552212365124,-0.01911502474914003,-0.02209142387352772,-0.017354455288908877,-0.0071566382148374,0.0077304802194631045,0.02771540842794141,0.04591330442438639,0.05162297610216588,0.041229283952158,0.011642588462067118,-0.029355771524336046,-0.06358098986363582,-0.08234518954358142,-0.08794789488408426,-0.08283862981316313,-0.07081061169151018,-0.05359017802098531,-0.03241144741702563,-0.010239241673014652,0.010319860599702158,0.028398818506272874,0.04454631869991487,0.05300455213211965,0.04280367076309964,0.01634091191159323,-0.022959995585316983,-0.06777335959056419,-0.1125994934032036,-0.1314117619074898,-0.09779650600505832,-0.033907955473528685,0.019107035951570834,0.05129255797945145,0.06682824521751575,0.07555962680269675,0.08455239566849002,0.09566038212051582,0.1035750643277208,0.09616321385007566,0.06114880725062134,0.0034885809082245804,-0.0416990027148379,-0.04665396554363808,-0.018511669178413893,0.009652443223309307,0.02273555917527808,0.01535359735253166,0.003933159279778353,-0.002295103930977165,-0.0012955499782892278,0.0061610140239041575,0.017787464343851683,0.02848898864578549,0.031331127710420584,0.014980012257633625,-0.016469534250864098,-0.05476555209853609,-0.08229261714915466,-0.09134690040364188,-0.08892336629800007,-0.08335305382325374,-0.073963179516071,-0.05917761707660349,-0.03614195828809307,-0.0072310582134064395,0.020872701284617594,0.041426399458550055,0.049358038667540786,0.04704479192233951,0.0370059456607201,0.0022299063521684704,-0.03911066854235345,-0.0384111554586074,-0.03244681956719672,-0.02697313058565853,-0.022076092234117314,-0.01686541925923082,-0.010128358684871053,-0.0015560676858967712,0.005702683135515899,0.00708258341957144,-0.0007549009374147384,-0.01407653050049896,-0.03001359909416588,-0.04894170950675495,-0.06789221935021733,-0.07168441558488882,-0.04677875519325135,-0.0036788109204568312,0.039944730263391626,0.07597660296071429,0.09483624187408242,0.09324250449201714,0.07629021644833936,0.051911764886258364,0.027803422387627362,0.014678978422184191,0.016950706064134714,0.03233015027294641,0.05601886974981296,0.08228530549273474,0.10794955376240217,0.13580980768704515,0.16767696548942598,0.1728348871528194,0.12958808229230895,0.09878317091003258,0.08144775829673838,0.06653755922063684,0.051366614636579544,0.03899592831723646,0.024401472101125234,-0.0023429451240387328,-0.03717886761633334,-0.06212129064700984,-0.06831556006241646,-0.060871975630031064,-0.051151187705082604,-0.03733575873804139,-0.014438585671786039,0.022238875436357986,0.06593277148339594,0.10299736334255216,0.11410324851092786,0.09617582161071875,0.04833961888351768,0.010278909459328406,-0.003934324086153207,-0.006666781988235618,-0.0021566664735351614,0.005013671194143068,0.010253889889062319,0.01282734674695849,0.015847151693972137,0.023943708085657017,0.03690961195193013,0.05154175136848104,0.06497273510761056,0.0709657222599741,0.06508530811071489,0.05502709865564025,0.046154356166523164,0.04196469973268071,0.034367387301294156,0.020758382661184422,0.008754061137019835,0.004973769001691423,0.011342025309614387,0.02761043796412985,0.040885001062997764,0.03966467586754145,0.029728239818785175,0.02230066225147582,0.021738559952583468,0.027276842363436846,0.03261212544012747,0.03217163278921269,0.02325203473163644,0.010654130519483034,-0.0035914029244748062,-0.01714744292841139,-0.023825002064091078,-0.019355300259732977,-0.0036492985252078902,0.014563847280688467,0.030476501840212323,0.04329681470671931,0.05161562702971739,0.053607564932889054,0.04991879093183223,0.043054930125541055,0.03547831307647594,0.02964779503372992,0.026584793626115717,0.027562610421906247,0.03197775720354033,0.032265003906931954,0.023354798859831234,0.013965136419739644,0.00987627282727533,0.012040681124177931,0.01922598285170373,0.027838603861466388,0.033441836673423285,0.032827709458051205,0.023480896483385645,0.007143888119963554,-0.00894547801379796,-0.02035830411922415,-0.028998546294049486,-0.03950248691318952,-0.055797264572621325,-0.0723480626879448,-0.08246065168130264,-0.0829044927979468,-0.07460141067314476,-0.06009267452418581,-0.039971974356438705,-0.014630117624374824,0.005062159594128401,0.007412139101154372,-0.004769547008486642,-0.01657520476071685,-0.014344583628372517,-0.0012703735856824973,0.016793840925187292,0.035319055384969246,0.04917991765243676,0.052554111376392904,0.04981704815567102,0.05597933229433176,0.06794321626995804,0.07187625746791096,0.06485696896302494,0.06057955775134491,0.06755845057453432,0.08120532629375543,0.09717959564702391,0.10579079039433313,0.10090231813657972,0.0790863715943624,0.054126462832414686,0.04237245560569992,0.04145872716809113,0.04656122537592712,0.051990938930096195,0.05743640123632446,0.06270061504876356,0.06683872957889025,0.06921958215581865,0.06793238739468029,0.06096038041170666,0.03629309845528701,0.0028344915051076386,-0.023056771147450254,-0.029152027549719853,-0.014217386099025776,0.01172215723879389,0.03122822325862899,0.03218764896188573,0.012005979757049099,-0.014178624745626266,-0.033956741852565156,-0.04047967168397436,-0.033595080294527555,-0.021754552727038388,-0.00961138645007148,0.0017758050163116505,0.012445448312575144,0.021933395665812917,0.03414375072402065,0.04718291765517634,0.05525661406088724,0.05252917284088114,0.047965625321845416,0.04595998614086442,0.04405119347827101,0.024967661696061207,-0.012489505197215187,-0.053439413927096086,-0.09056073664976624,-0.129508614750932,-0.17796018762232427,-0.21156045689043462,-0.1630010217613716,-0.10075389048214684,-0.0652795329399648,-0.04496684566664738,-0.032969145322785366,-0.026583455893335668,-0.02260353387426292,-0.0197158029486727,-0.018195599277595856,-0.015737497169348514,-0.01421545152279461,-0.015426405883092615,-0.018711834624353062,-0.019877999864724483,-0.011874844187304145,-0.0009811485190733306,0.005887084902932109,0.01208301799079391,0.013628107239856819,0.007179552032748108,-0.004635110234015018,-0.017557739929175507,-0.0268511512895267,-0.03214483942586068,-0.032215497153681154,-0.02485462933743414,-0.012957918079727862,0.004433292581340471,0.025036853828542843,0.044321161550293295,0.056750896929070344,0.058938046345191446
-0.08309261920638306,-0.08736118962694547,-0.0758748764136291,-0.05038452977417133,-0.02417818797428814,-0.012678264306250025,-0.018336822497426665,-0.035624123354741376,-0.05633292758340909,-0.07734419706837334,-0.09080441808945793,-0.08974892242545986,-0.07651195366519928,-0.05393486581585968,-0.026876957456069696,-0.0009793271883040766,0.01930993128922956,0.03462327572075309,0.03914807889393592,0.030172350926878536,0.008129523518755226,-0.022292957232779843,-0.060727053648462606,-0.10134013462646302,-0.12803767290715554,-0.11606932622458989,-0.05929506158913761,0.011706047318412734,0.06845599362950923,0.1114348880415751,0.14450866510783952,0.1697578082568438,0.1606164110730554,0.12740638488466643,0.10145060117217089,0.08921972813421966,0.08949638985815912,0.10313342883651495,0.12075692844555623,0.1320600504059649,0.12690505812707098,0.1060616093494623,0.07786375639817643,0.050412818076139496,0.029415339539784625,0.02092599229374479,0.025737757058082213,0.036987276064197605,0.04188821658555524,0.040195601446409546,0.035012317385531476,0.029986410255196903,0.024194753678308784,0.01843393823601865,0.010172058229432289,-0.004300540899161928,-0.022981183109545774,-0.037486546675075345,-0.04068232075975891,-0.02753807850301392,0.00016086318377135566,0.026385646997253227,0.03400474035508124,0.027983880058570765,0.01791097734723455,0.010475930019248165,0.008297084201848085,0.015293562076648434,0.023767843350696278,0.026335307142256032,0.02040515353856604,0.008988504247001925,-0.007520770890199189,-0.025486530927996805,-0.03383419958403034,-0.029192956547405904,-0.018667163722031335,-0.010309949325170027,-0.00706017680018252,-0.004237404190274822,0.0019020322214439202,0.011897430814296575,0.023237323257121252,0.032673909460885046,0.03654028621998272,0.0357586904697632,0.03442475288280124,0.0346135135412187,0.031390344270828964,0.023886976263474004,0.00901508914634225,-0.007215390266155594,-0.019463163842647818,-0.02860204600697086,-0.04124044825669391,-0.06238850053725907,-0.07710656237738035,-0.08003032472157215,-0.07860798575731222,-0.08031258410673063,-0.09204630339248003,-0.10469628603086471,-0.1045052783735766,-0.09059174358812708,-0.0749187048031253,-0.07358203635703911,-0.09142431810545915,-0.1198963542390181,-0.13253543794566905,-0.10017994613814227,-0.040921742707717354,0.0009073093706877571,0.020466260289417525,0.030526569606046938,0.0422569595033845,0.06996844669710242,0.10692401218655075,0.14153972968852332,0.15898534149776983,0.16326081600292522,0.15641220232653294,0.13936860334380197,0.12394257362501185,0.11815007532177126,0.11717423257148106,0.11558455267044832,0.11208031380562175,0.10832984286172365,0.10097955155520821,0.0828886083059037,0.05195801721440868,0.0259464622258229,0.021261678178258542,0.03719508952263277,0.06769834146556925,0.09899478465036247,0.1253540562017878,0.14594135820009652,0.1617138553328632,0.16955295423611247,0.16172462831984374,0.14989776764156112,0.1351679921824803,0.11092710786966108,0.07547991411749237,0.03428003439257762,-0.003033308182023618,-0.03321542089320869,-0.06121171537656902,-0.07700998132910711,-0.07610847528735712,-0.05156962947417652,-0.010863416782503684,0.024392016965443908,0.039901380161714364,0.037370891703279494,0.02426839046471929,0.0073349623588369935,-0.012394853390383492,-0.03221458783362697,-0.039049817051553914,-0.033871575907129775,-0.02611172343495001,-0.017616301075335475,-0.011314263743904786,-0.002067909893643816,0.005961133253035455,0.010176937538396137,0.007113560074171863,-0.003049106441827841,-0.016029948537079185,-0.02625477832229047,-0.03209062678303193,-0.032739208099980634,-0.02956896161484738,-0.027215740978609716,-0.02539347611271975,-0.022164659679493205,-0.014934867318403048,-0.006453241009300607,-0.0006923451366540145,0.003142670044843503,0.01297072110042218,0.03167836291364513,0.058857447389655156,0.07866487769042027,0.08642668646513486,0.07612989986449549,0.04482676690809568,-0.00017066198241863243,-0.029499873365701767,-0.03194422250335918,-0.018180900219441038,-0.0014471700535737253,0.016085839713316636,0.034652428129948856,0.05731612200646071,0.08283598490309245,0.105922799741079,0.12342110722314541,0.12829220717347878,0.11453065627440168,0.08804495786588447,0.06438638866405899,0.04259398071547187,0.024629554049832702,0.01697281306933854,0.02581294254478688,0.056982608871297864,0.10973761983864765,0.14855005844501326,0.1379756424942285,0.10356415629022765,0.07293661044162215,0.052020468797345704,0.04265159203971615,0.04151410070760331,0.043870570267832004,0.04502386742673568,0.03781532991016701,0.01450528881462726,-0.007714529637645315,-0.016002581909318716,-0.01408115073908954,-0.006340302295518212,0.0035633714739196107,0.010999302664483833,0.010758998149957615,-0.0017733476650041383,-0.01415781530622198,-0.02088708372747011,-0.023367392209931098,-0.025051398861799103,-0.02841873841190689,-0.03179642486351753,-0.0329549038710634,-0.03148156430303321,-0.027633192527589834,-0.025387170437000495,-0.027914568576875,-0.035384865356789516,-0.04599912983155073,-0.05669806149149812,-0.06687009253553734,-0.0786255085265952,-0.09625800013703688,-0.12112996108495044,-0.14830364865037277,-0.15802279673250905,-0.12873001751374857,-0.07383080786249077,-0.02331148729506864,0.011593337494503772,0.03658968820379776,0.053710319709227725,0.06307066115228194,0.06735798952676969,0.06656576209473293,0.061627250228906326,0.05566661353367049,0.050599346217778784,0.045019302491203984,0.035063651655465995,0.01637051679697637,-0.011167239593604755,-0.0379057960837606,-0.05597160151037101,-0.05739715198487303,-0.026850951301494296,0.02807553986211427,0.07815786621355529,0.11575827218947901,0.14511591680498426,0.17063761829087498,0.19601694474538134,0.22043789655974924,0.2298852964079262,0.21943929309713986,0.2132715083760587,0.2178963184495017,0.2204971178440101,0.20977576548738985,0.1910434276091065,0.17459371043415314,0.16050498826649545,0.14535438405573048,0.12595464528721326,0.10595355380827336,0.08403021947760714,0.05952387567056793,0.022349127851508693,-0.023312776404795597,-0.05730558785898397,-0.07084193216182759,-0.07085497374057868,-0.06552331425532577,-0.05941932500673065,-0.05422414473576161,-0.053567882007126096,-0.05725145085643722,-0.06335455166954689,-0.05713432221187743,-0.03492182837486637,-0.01771827708573079,-0.008707947635382997,-0.00517946680370037,-0.007949697489644534,-0.01402453233249843,-0.014314006614259531,-0.006912136850998647,-0.0008291221774721516,-0.0028409275020943505,-0.011026612601637249,-0.022802291370687632,-0.03928455930435695,-0.07791795864139639,-0.15538748413623682,-0.024909730148571424,0.00015551205811696058,0.012458806445863831,0.021601959368802565,0.03127641751030783,0.04298540177453747,0.06186923118903732,0.0965214361216556,0.1512263584320807,0.22007327963034834,0.2503705195102343,0.20010781414924286,0.13181677817595994,0.08367896418486157,0.061368589153757695,0.054771961674110164,0.055984111843484716,0.052497337253831856,0.046144548157229764,0.037859549361210186,0.03027739751242763,0.02172382635632418,0.010000032027826554,-0.006956830407192036,-0.026847298638422546,-0.033461377794996396,-0.0038978111691167655,0.03561693301343998,0.0709819694746713,0.0952566969912669,0.10319626599366297,0.09224245788149463,0.06227918219450565,0.02957346849471286,0.0077323970345519535,-0.00342005731366748,-0.009643814479070706,-0.0166159346759776,-0.024738137309765346,-0.034148375028514255,-0.04936940402499267,-0.06770897125031239,-0.07965001876325006,-0.07888771642795157,-0.05867255357264195,-0.023660531952243692,0.008007092298024031,0.020627933324834622,0.021173968504046608,0.015110771368981814,0.002701424490425719,-0.010578002072991068,-0.01749265394603379,-0.02151541083353768,-0.02360315390640701,-0.030470991907051527,-0.04112156263821851,-0.04921590994167138,-0.04446572011235266,-0.02477423900736308,0.000219273647348673,0.026146808538863916,0.04557202790705479,0.056981147192420326,0.05391863110878962,0.039435213212535666,0.020154151518696203,0.004344271008081002,-0.008106914343482402,-0.01907410556477726,-0.029723345141326577,-0.03338576296437271,-0.023090489886732467,0.00028722291137257426,0.034714303835619825,0.08436521644531537,0.12129209777729803,0.11151331673838803,0.07408132994919615,0.025754825000948795,-0.02887542991466287,-0.07689243544995494,-0.08501142660965358,-0.0554325860936027,-0.023850711531283875,0.003909259025819413,0.029619344037168902,0.0517424378952327,0.06447955691192457,0.06789465295277856,0.06023723022811742,0.044912374545484114,0.022704437114918336,0.002102971532325059,-0.005511230259355581,0.00034975026008962623,0.014591697494480615,0.03018708725186313,0.042134252930759085,0.048170759859317874,0.04873571978809986,0.043160415430915505,0.030737945438544714,0.010423228293507534,-0.011332878806837449,-0.028164192786751436,-0.033519705402025896,-0.01906365283144668,0.007712934568030456,0.030198077188283642,0.04300512047192509,0.05134349840229864,0.05789266594897833,0.06282757275015322,0.06505789808264523,0.0665183148617405,0.07140918167556819,0.08043798044031292,0.09425063780094314,0.10795708814374942,0.1079982890188212,0.08735945289116816,0.060569055370563694,0.039656165263076366,0.02707124446847429,0.021594307663311323,0.020192922967317936,0.017671035893496598,0.015126745359260502,0.011464021489502103,0.007538080073441699,0.00341396085703233,-0.0021990106030071004,-0.012057224112155408,-0.02754128919764423,-0.04380642374147369,-0.05622796258566839,-0.06540562696153064,-0.06964771012050049,-0.06579946375716035,-0.05116051918079914,-0.02303203928937063,0.004769212441722938,0.018529533869098815,0.021647251815027642,0.017560726031217166,0.012344323702872962,0.006015063755750105,-0.002595907905266401,-0.011403986574398542,-0.01820277687519642,-0.020054565768138778,-0.016002433989485643,-0.003092790002093262,0.016648649933091644,0.03359452868059741,0.040713461604151624,0.04255149390363608,0.04505561478479129,0.04268982065331888,0.03900456637748502,0.03641974757373092,0.03645178964908431,0.03688331677436446,0.039453191223280934,0.044568686981633146,0.04835395700041447,0.04286399753365467,0.026554675232882234,0.002640034042219167,-0.017393454739014626,-0.0277758973838189,-0.029755769991009918,-0.028960324356913533,-0.026993857215792505,-0.021352348794417567,-0.01577905847274651,-0.021539600093997333,-0.04121601140610032,-0.06281293360875957,-0.06974127621797716,-0.055872210461208154,-0.01835500063333573,0.035965948059182545,0.08963728742282918,0.12998522358700387,0.15295176946274425,0.1559595393138436,0.13942208323803323,0.11289651996591149,0.09079045309795601,0.0817906997634892,0.0836405237213906,0.09071749425051157,0.09849524828732807,0.10640973434882627,0.11408270762219191,0.1222701951371397,0.1264795479683692,0.12031363245291296,0.10909785703261733,0.10117476584599376,0.0951642250231954,0.08597848426904181,0.06901821929010189,0.05236152815933556,0.04725664327771539,0.054455052049404595,0.06325465213371585,0.06492608023024123,0.05594255600468126,0.03432844169554407,0.0070999374425873354,-0.018621721978952364,-0.04107418782409627,-0.06492482065273064,-0.08845970033663272,-0.09845440387693552,-0.08720487159352153,-0.05611075970902161,-0.02046504168781943,0.009281981152535842,0.02334470563317211,0.02025919391011309,0.01010785176163018,0.0010228341664976059,-0.0007318530174157213,0.008055388975430136,0.026950006661757637,0.05456472712566684,0.07877517293863656,0.07794914389419873,0.04652271541294181,0.002691680136380377,-0.03201481853652675,-0.04481776149179808,-0.0333984101962978,-0.009163248237474098,0.004775753428467966,-0.004715656782197169,-0.02843287428295624,-0.050931565820993355,-0.05381747091434567,-0.044710377824319,-0.033497989718363194,-0.021904750619117574,-0.016104093777003996,-0.015094374581659206,-0.016670087098464365,-0.01935776845327206,-0.025216514265034077,-0.036302061249057035,-0.04904428914900743,-0.05928433504928575,-0.061044546183329884,-0.05099707746162414,-0.032237173734770044,-0.010136815947022874,0.010373418107074964,0.026125330400205912,0.041092251384524436,0.06094238665161114,0.09066914322656362,0.11347299345051419,0.10740657928656165,0.07967848389192606,0.04904857633741754,0.027185811421924614,0.013798103836232018,0.00837728218655989,0.008242785790121979,0.010566358290361231,0.01641927032202794,0.02501125962842578,0.02898703188513109,0.020040524710153173,0.00148188840346639,-0.019104163104349182,-0.03528582822158837,-0.04303644435138473,-0.03731177811060623,-0.008745568074498526,0.04742669057671232,0.08439753176404771,0.07055465922082362,0.05347447160877637,0.04983960187093328,0.057342404737723306,0.06646384505832083,0.07036481476502549,0.06573472819797654,0.054904548035054755,0.038718493318564175,0.022441030489431718,0.013480024326356883,0.012023625846388875,0.011024842881561707,0.002294647946794024,-0.013162498145996796,-0.02886464299905688,-0.037087896332368836,-0.030610049458814088,-0.008226890696078489,0.03100822712973444,0.06782764943376002,0.08255759393164169,0.07779676588489919,0.06906483169029924,0.05755718120581962,0.040088594577332964,0.02096633848419423,0.0016466005567005977,-0.013094050991635757,-0.019504062424035226,-0.022117337065361925,-0.022632050293279214,-0.011411980795296303,0.019530280104525382,0.05077297533142118,0.0701217499304219,0.08723124269435273,0.1003257712394518,0.10575361849770641,0.10512203222391257,0.1067325011581957,0.11758189649823582,0.14384409656333846,0.17025241767178098,0.15236333777992012,0.11972242118600185,0.10194744966124707,0.09397387007740662,0.07698579735967409,0.04521809111289078,0.013844679653688921,-0.00024207103278358285,0.007232924589078141,0.043424017952834265,0.12143990989427625,0.11708215818096143,0.0904714555371471,0.07799462132679032,0.07375013266269027,0.0711613651143339,0.06740664832894042,0.05969475458997935,0.04339603931734343,0.028095448230472456,0.02272379170738028,0.022532905180807885,0.01663790061765319,0.0032909910735643894,-0.012689999573793544,-0.026619862713028,-0.03693931413293974,-0.04391479937504442,-0.04874272896173858,-0.05445283869250816,-0.05661453044792224,-0.05137747458375843,-0.043159366975199384,-0.03984043966675282,-0.048960090279476905,-0.07190156532632837,-0.09731814389135608,-0.11233848339201921,-0.1104077897989402,-0.09442945714473978,-0.06925160382955371,-0.03987199599043031,-0.014493174368545771,0.000530570367514916,0.005760798126998229,0.005749200762134011,0.004517800442762796,0.0037688551377961827,0.004977475616363733,0.011573290605910138,0.022272613062276677,0.03387484855945154,0.04200820206927194,0.04736697847970493,0.048292077960618185,0.04691137493452298,0.04634299442312229,0.04327721594370005,0.04173705829899838,0.05014843705932253,0.06087951752856319,0.06367808147815109,0.05734353933572269,0.04708133931950666,0.03759497914330973,0.032426106898120616,0.031053747530185583,0.030502992006363017,0.026999093664792168,0.018572703857441995,0.00793904404790544,0.0005053447580795892,-0.0039852624259566665,-0.004909673989803472,-0.0023736753864067235,0.005579810272214038,0.017696852405690366,0.02725416522599667,0.031997182754852325,0.0369932404537324,0.048713790142127886,0.06695422265514885,0.07694111282306298,0.07176412942836932,0.06028243915266324,0.047482551355099344,0.03472107717641962,0.021689073765664917,0.010398211224075487,0.0033761022457855124,0.002085443488272435,0.006108133229267163,0.015148549882802129,0.026376521036494408,0.03703507022319991,0.046212018811103595,0.05118812158960536,0.04896159134175905,0.040471419288614675,0.02945079415007328,0.019154180434854905,0.013062900013030884,0.01360009144339232,0.02196908822957082,0.03779193509741502,0.054753021649275674,0.06918587174386175,0.07893828354385767,0.08250837409144801,0.08114636511710574,0.07659842379933528,0.06868264574296674,0.054044545614253224,0.033724627747763074,0.012509593682992414,-0.009926928008194303,-0.03758900511909258,-0.06724988993718166,-0.08748010875340391,-0.08754089744119124,-0.06632552835103309,-0.04116314889107762,-0.0234935353870315,-0.011841034020460668,-0.005861107080348927,-0.0007755762716076262,0.009546967396968581,0.02776110283156719,0.05372134430904474,0.0805414682626188,0.09958428129680284,0.10426416553308125,0.09729891508977931,0.0848735217750651,0.0762723091208444,0.07550972885500865,0.07082893719299728,0.05482439097719964,0.03122539103435334,0.005486165723409287,-0.01682243605674418,-0.029842781166874884,-0.027219943196921698,-0.013376162905249041,-0.0008431956590975666,-7.955368884720809e-05,-0.010957012036595189,-0.028225395444242254,-0.046987513304936765,-0.06956747538281116,-0.09647420735253417,-0.11808196068445774,-0.11620813955211327,-0.09507802582688568,-0.07194856599580922,-0.06889185460088934,-0.08041343533948063,-0.09428330456959094,-0.09540886770978736,-0.08456597318402959,-0.06853336530925982,-0.05286196747766434,-0.0427033044530391,-0.04097883539933434,-0.04597291864517994,-0.049504066066397734,-0.04475275697935826,-0.03147805746335472,-0.014904888464988993,0.0017748488563331477,0.02511481758119044,0.05947114138069723,0.09349676252301367,0.09846880396479803,0.07428513067484914,0.03684732763444104,-0.0022936624898619506,-0.03173521728471076,-0.04048520847917804,-0.03703248951589432,-0.025138416990712543,-0.010555236327726343,0.0013738242792786105,0.01633868286896771,0.03712885317508523,0.0648275968024564,0.10373080238882872,0.16183915200424612,0.20499503520354578,0.12553906783391888,0.06391300079425771,0.03300840245233221,0.01612688043374973,0.008244299728398206,0.005383151607633848,0.002366180114115474,-0.00044221873126657526,0.005976752500121566,0.024098692472137327,0.05533426833860915,0.09565052150859113,0.12794952736326728,0.1419271002006753,0.14191755806233544,0.13927683377445338,0.13744152017771794,0.13190319878535384,0.12433414780487533,0.11481724142366259,0.10157321958662531,0.07480755901891539,0.03246431856352759,-0.015108806330035238,-0.0557315093281014,-0.08451576079300423,-0.09816786783851536,-0.08838312668990266,-0.05777784968660728,-0.013455388393532707,0.035459961886694646,0.08085541492819717,0.10286091916606281,0.09158303966560519,0.06635429793717783,0.044242558455427634,0.028752407949101423,0.01651355567366672,0.0028976851351220287,-0.017743518625527793,-0.02835008751957261,-0.033816150594383365,-0.04009977909455346,-0.04586815530933416,-0.048569936795715606,-0.052117992172976794,-0.05900457986885047,-0.0681992315125774,-0.06906116045751375,-0.05324742973599713,-0.030591634285266366,-0.007333617398982673,0.0104143396316052,0.01951591494904802,0.01869362551109686,0.014687476683274608,0.009322559186838024,0.008142024970328855,0.01128718473120787,0.01508835451165209,0.017796386368308964,0.01903784130538393,0.01774161647036687,0.016053452228951024,0.02035740905090346,0.0332928119157752,0.05120339075190699,0.06624019612006725,0.07311732558141895,0.06866153767082721,0.050053967913430135,0.028075070210938902,0.017540536820666034,0.016273940362235825,0.016559868965156297,0.018025362991789463,0.021245615631366385,0.02834487170784153,0.042838571001449895,0.06820502627576841,0.0908008332881679,0.08540211562096336,0.06548304758821412,0.04612323563852623,0.03287323631966678,0.026037113901982923,0.0267440572943735,0.03597521874136362,0.05388516129912633,0.07762192030851395,0.10424196056322825,0.12461220157410184,0.1321205983714275,0.12356720912994709,0.10029525609938446,0.07337171404948017,0.05373610473091723,0.042431654271489885,0.03843740936090999,0.040368503258567494,0.04516804279783269,0.0524154916535048,0.06272944807270737,0.07653574274686901,0.09359171537713515,0.10778015549281104,0.09628227230536111,0.049658341684202724,0.008521546321183158,-0.007996697660095005,-0.008844965779842076,-0.008175537622576279,-0.012643312996051995,-0.02282028276847696,-0.0306561141195648,-0.027657511718853618,-0.018923791184856122,-0.006454586638125849,0.009804672686590684,0.025170517834511973,0.03412585822137299,0.028117550993659476,0.014099242170919521,0.004590785726250423,0.0004336704728408609,-0.0037029946660490517,-0.012216122713865362,-0.018561251636341886,-0.01884949856748253,-0.014873047287856298,-0.008677929685783724,-0.0060583079974280045,-0.009437242867250386,-0.01880694453074843,-0.034743815271562076,-0.055193537605402895,-0.07112643697004889,-0.07176084375082441,-0.0559164397293674,-0.029984117347405536,-0.007447123350336404,0.002500050190622859,0.0014774805886154346,-0.004593581478514495,-0.008674310343759508,-0.0035044424403936547,0.016068146015571494,0.036536356790564425,0.05054963185941406,0.06233268395741069,0.07268807906966458,0.07854316105218086,0.07968772859694541,0.07537062842065609,0.06616769789250107,0.05461287296464739,0.04429380302996488,0.039343330410953906,0.03956943973344788,0.03703837947329083,0.028373137758680243,0.01251760745939803,0.00014554427656415003,-0.0033016477948431024,0.0017228516154367908,0.0091090496009745,0.014458189994814604,0.013342170235956238,0.00744565732745153,0.0016065692600989682,-0.0008545880239369943,-0.0011404444336179174,0.002533001014314279,0.006397725757362157,0.013558619224856672,0.02428357450467149,0.03723524158941633,0.04544496423060975,0.04752119142162663,0.0452760388268309,0.04487187353837615,0.05088342236659415,0.0609002927749422,0.06913608715576013,0.07194139041042877,0.06848658148654184,0.06281274126193691,0.0524013235043005,0.035967652553006775,0.013647405400808159,-0.007337150522922908,-0.021580973069740435,-0.025928286336621593,-0.013142416161833155,0.021415849896562356,0.0586861421119398,0.07096409892616269,0.04231964066433752,-0.013362343449418349,-0.06235851761134802,-0.09434359845742109,-0.1098622422672139,-0.1154642852874551,-0.11566027425868021,-0.110005664651745,-0.0876659343288536,-0.05579073403789803,-0.027210305240781614,-0.0017394101582182617,0.022401651920645065,0.04414178659030827,0.059324622845569885,0.06642654788697235,0.06587928382344314,0.060925852631152716,0.0479992869968321,0.02951784840913608,0.011427481255450221,-0.0010089346613466493,-0.007174162008102513,-0.0037615977804475184,0.00835539176520773,0.027032129015412472,0.043549642001339185,0.05148803250988975,0.05246863200595304,0.048528512561724656,0.04104345306916607,0.027721974685714853,0.009068715918489133,-0.010104075209173223,-0.024091105171299566,-0.027542008428822512,-0.020126258154357732,-0.00580363645096433,0.010868577505155042,0.017799631044974232,0.006000964536914884,-0.018544458140413035,-0.05067338764635103,-0.08331356461933698,-0.1094990472903088,-0.1167777321118687,-0.10906768816751695,-0.09377512333557253,-0.07051663995785293,-0.041987333734797946,-0.012213316931780264,0.01529468335702922,0.037364992099467476,0.055158224097158176,0.06965284548227627,0.0748821887124678,0.06662031472400765,0.04923923695389563,0.028122699725336285,0.013869352440848656,0.00692808940220933,0.003560340084685314,0.006385354932985635,0.021213120557424428,0.04636360731803756,0.08194180980282556,0.1191417617851809,0.15313944385313238,0.17209494860317104,0.16678522333189136,0.14449139870760833,0.11965181801704623,0.10483298038151768,0.09892611350116444,0.09143873399001522,0.07344587387397097,0.055176803389784077,0.043033035570369936,0.0359677210410253,0.023075017052869483,-0.0013412524253457697,-0.0363720447758897,-0.0718979447537937,-0.08690976560981817,-0.07295071443358984,-0.04445294523558866,-0.016949676902073038,-0.0028107731718508442,0.006489507374500288,0.015459247578419003,0.01781014205353676,0.015299906322632123,0.013020534534609867,0.011223692411821772,0.009573378563678823,0.009290595701343904,0.01193741680877621,0.01795899181238289,0.023934255369804907,0.03127282872837751,0.05081038993418459,0.10721340575738146,0.15385009042431444,0.10378117520811085,0.07736263957997475,0.06957797467794022,0.07357276685679684,0.08571489714405732,0.09740523345755231,0.09511124762013973,0.07774845568790428,0.05354759806185307,0.03307772676647136,0.018786269934265125,0.013091616327649573,0.017555945605710707,0.030864238434979773,0.040277963557473116,0.029080119211023613,0.012313267322048427,0.006294571083452531,0.010528955123283166,0.024669887584182683,0.044285593672728524,0.05441329498729847,0.049599927374089345,0.03740747188899857,0.024930265724253352,0.020600059883447295,0.025428691929142044,0.031810918094413373,0.02671109643711897,0.012393418161073533,0.003006316545700428,0.006402771781366109,0.020556535579055176,0.040333511599364005,0.05676314350729661,0.057375703757561784,0.04864034055637164,0.04167339592359716,0.03890106682807797,0.039399962696298384,0.0416690119690202,0.04258916031965512,0.04024027099696576,0.02831784067951434,0.00035416839339956794,-0.04040195156933672,-0.07753766117134149,-0.09557409509959566,-0.10069085635164511,-0.10079541053883226,-0.09703413213569402,-0.08773960424287579,-0.07617400022657582,-0.0688018525269065,-0.06740732813458554,-0.06740452220844403,-0.06438321822270823,-0.057843397721788745,-0.047434589223374624,-0.03503785160701828,-0.014907599414102248,0.010465632167542423,0.025674498474994572,0.029025576217752622,0.033302479793309206,0.04022669944114581,0.04620821203888737,0.04688878605857272,0.0450254025856154,0.04543376145818531,0.044785890496063616,0.038186898565051496,0.022043008985249624,-0.006918375795803317,-0.041274891279039334,-0.06353265072207691,-0.059014450299379954,-0.026686704788999576,0.0108779139005537,0.035564601982320504,0.04520517317739624,0.04604660513452414,0.04634062604012863,0.04919985696220457,0.05755560258045703,0.0687391750580374,0.07645338206324058,0.075222964288332,0.0642678370500928,0.04335531220546519,0.018444289887699077,-0.0024496036892581023,-0.019446202104975812,-0.033726864226569155,-0.04350864120555972,-0.04864721443431326,-0.049715657173828934,-0.04775737176860351,-0.043361988593229005,-0.03586925013410445,-0.017993094784626337,0.007992629611105207,0.023658167863039835,0.021278264303674903,0.011891569785420775,0.002142890918199547,-0.00639343295380665,-0.012453818594663466,-0.015008535192096013,-0.015181823611314036,-0.010657275986866395,-0.0009010616405491946,0.01399596988611681,0.0322645077823644,0.04923463043839171,0.05735980967651618,0.05629424074629422,0.049833884605977576,0.041152258551721346,0.03584995529406921,0.042698256497285966,0.07250248462155535,0.12676772956178692,0.15543909431225678,0.14505708857653993,0.1266528367388644,0.110966247078309,0.0961114833939364,0.07722484606507003,0.05304759068412077,0.028544906798762423,0.012949273585397898,0.004755723990830148,0.004366394806789343,0.009477071019912261,0.013485278550628534,0.012830939288406774,0.007151838054921449,-0.002058018224098949,-0.016599853406997878,-0.03050405338700151,-0.03832109756379324,-0.03669307173189109,-0.025960674644150313,-0.015503556553278244,-0.008345764392626458,-0.0035770662276311213,-0.0017873834301663583,-0.003504880504310185,-0.007099967521535911,-0.007618477258884005,0.007636947222779081,0.024700361388371,0.03868555103613332,0.04840317723923376,0.05172781048533533,0.0509629671577618,0.05005652214462457,0.050708443460882005,0.044780497709898136,0.03296168960114272,0.023997189740548135,0.025252064820890176,0.03220762685129845,0.03678324982619814,0.03158286116506564,0.020768845288178166,0.010405402808324521,0.001809490480331581,-0.002176977197781694,-0.004365166594614242,-0.00470964985701837,-0.004298020969624955,-0.005021142007273542,-0.006279773381689121,-0.004481667533919448,0.0031739606195079484,0.020217781576216145,0.03936288231921951,0.05011355236194479,0.04936030067325737,0.04527825760549892,0.0482986137314476,0.05710966025005879,0.05410042427390518,0.027503208596899413,-0.007775297814658685,-0.030195535109003333,-0.026215613003933644,-0.0022039924240447903,0.02546034256281669,0.04377800835410985,0.049832924131446014,0.04661891583593367,0.04565065589115125,0.05017560855969738,0.05769300630093585,0.06388491641339143,0.07005219639353312,0.0766938341170164,0.07971203467029662,0.07749494255942421,0.05977308140895875,0.023009951842922264,-0.016052682168907522,-0.03469467807337019,-0.026964607086052986,-0.007716631933702057,0.011228601937525475,0.019093631616639167,0.013721416728642634,0.00421526707878251,-0.0004306223776971787,0.004922772042522666,0.019329918249497736,0.0397224327693644,0.05909932586827744,0.07007695374414515,0.06842601118824249,0.0535244464312456,0.027573496559574508,-0.013797383498513994,-0.08014183965460217,-0.0870849074635761,-0.05374648858828507,-0.02922587244197222,-0.009249989831128328,0.005730602326914779,0.01549806258472851,0.0187258892362424,0.01647664817956406,0.009584892354972539,0.0007383483186749942,-0.00505039628959024,-0.0034294405272541793,0.012337942084511793,0.0375984518358271,0.05555308316297372,0.06012688803320885,0.055109586161498185,0.044424676232433326,0.03232616393570485,0.018146788674329686,0.009611653354080752,0.009414917650238998,0.015990024330217716,0.021212750221660862,0.022500406831184448,0.025117630344381324,0.03131418416776178,0.039809604743533115,0.050802200546054437,0.06538622326984277,0.0943529063472303,0.11534718115455707,0.09251670894333267,0.030736102779835624,-0.024168623590159265,-0.05503908335092309,-0.06724649320363849,-0.07045892760239271,-0.06607247244099701,-0.054064180299809604,-0.03210850860713757,-0.00441488329159082,0.027373314001272086,0.052427010464702016,0.06140196172760905,0.06273007230156796,0.06421726987902988,0.05797156716710974,0.04263404480265053,0.02001494314812681,-0.008463632023386465,-0.038473814810930186,-0.0610533238809428,-0.05614511149766999,-0.031895102287346884,-0.008648214778339939,0.01468247068285504,0.04364436327064795,0.07645725961941514,0.09430431313373834,0.08557395788361624,0.05783431773849557,0.023739038827386014,-0.002217895010230366,-0.01165449311386474,-0.009822750116589058,-0.004279395752081045,0.004909777844704457,0.019276520417566553,0.032588389371151535,0.04144205441411622,0.04743385130616143,0.05472784691299127,0.06826891754197015,0.09069168999469383,0.12052824159740343,0.1401412760558604,0.1330406883633703,0.10961993659431984,0.09683979249758921,0.10607240423408573,0.1321102950798917,0.1596790084016311,0.1585316102403665,0.11533864827103509,0.04766684952436176,-0.007099612522704802,-0.03421385021910824,-0.033696217511636914,-0.019386911863638646,0.0006780428067505801,0.020021420745052976,0.03995734566643871,0.058467284589446125,0.07396646106362531,0.08380139974336821,0.09070200743174943,0.09572636723758328,0.103001334972854,0.11488105368396281,0.13344145380999647,0.1487866582829982,0.15371739561183614,0.14467328928574114,0.12112449599359665,0.09287980919213362,0.07098879139128793,0.05784889003036275,0.04564392723315225,0.03385090913637322,0.02626027817694089,0.02434783518662374,0.03233239468911797,0.055052262148034964,0.09770834588867233,0.15165998636346872,0.1852341289039702,0.18251055353952664,0.15634355597925284,0.11976816342033864,0.08045466967550777,0.04295305990888488,0.012363935483448133,-0.015951144967098943,-0.04099658931242713,-0.06239219711529615,-0.07737113388586987,-0.08758723540209336,-0.08841692466669716,-0.08054109679913266,-0.07563502251821633,-0.07379306371618834,-0.07370340383029496,-0.07119892193699995,-0.06591244504916834,-0.06565622985103432,-0.0789773853311843,-0.11462038620903287,-0.16495923624588854,-0.2194332931543896,-0.23202046355957645,-0.1625723826604529,-0.08398730404658762,-0.037105032754273945,-0.01671380101798034,-0.0152150458857546,-0.031489191011843214,-0.05777820504078738,-0.06947427169752665,-0.047178124798430844,0.0013873505095016506,0.035069683541214466,0.022017901842642726,-0.016179480775808427,-0.04639016751941939,-0.04556322063924058,-0.0296283277536527,-0.01607969685870207,-0.009806269991446005,-0.008413973097788617,-0.008293760763863988,-0.006766928736071719,-0.0036036148487293396,0.007098975490040737,0.033616175986309366,0.07302563872438647,0.11064099328269206,0.13005781244276085,0.11586818511252835,0.07214363152789949,0.02552613971903924,-0.005650910935844939,-0.020976127267518213,-0.028394819817255026,-0.033887976753054404,-0.04025436619328121,-0.05374572295459595,-0.07139523659015533,-0.07453451827711435,-0.05517787499429753,-0.023408422273424073,0.0041355233123696175,0.01948736379888645,0.022168957993633182,0.022576411993466355,0.024115801588462205,0.03256705889650218,0.04978582652840872,0.07245350688047705,0.09285308574384755,0.09922217657711402,0.09118334824637767,0.08137215377610557,0.0764034644768754,0.07306453366711244,0.06996157404623832,0.06489393474377927,0.06110687584603179,0.06164658777467019,0.07303216142742038,0.09829899092813224,0.12815079008275976,0.13271414839719162,0.11413072272213619,0.08663257071120493,0.06675500752129604,0.06419705714972239,0.08588807416994157,0.08958514896743826,0.06861389022050335,0.06354835554262145,0.06850525292575073,0.07613352387451487,0.08346177784364966,0.08737121838516786,0.08298025989924925,0.07312490050456981,0.06859957018903488,0.060461811621647155,0.04237706772266904,0.022197194466330068,0.014298588631176298,0.019116636671269345,0.023209609870583965,0.024199179887282898,0.023579372454568946,0.02759470820879706,0.04217056201763273,0.056630291177241776,0.05235486326123074,0.03297473807854052,0.013092900928586249,0.00253559684331642,-0.0016422393208951121,-0.005772246186284906,-0.003150556741516509,-0.0056544633255873515,-0.02153085377636952,-0.04555354698825364,-0.061771356828137385,-0.06179591736788404,-0.045197289028059445,-0.02094276421555838,0.00012858999560073702,0.016348548192991127,0.02786306240349248,0.03485818214565549,0.039068092175577676,0.04397520045684985,0.05928374831656897,0.08654384929543903,0.11403323605227648,0.12874291715718905,0.12540362871634386,0.1120496704725136,0.099183952221865,0.09160038650215213,0.08795602251375378,0.08103060001920834,0.06472014614801234,0.04278905586535745,0.02471505540833295,0.013647753313262213,0.011170765035408436,0.02330049146928337,0.07026209052851201,0.05243268852183691,0.04070939709323257,0.032824480780362056,0.022957615266258093,0.01110163653232261,0.00017864680918321655,-0.005991652583583518,-0.005058467676618519,0.0001262764549658698,0.0009161584765107819,-0.010082866519177112,-0.03306422908717811,-0.06359336934858714,-0.09740805922937729,-0.12804839090118844,-0.1491708734207395,-0.14799150128760477,-0.13640258298169558,-0.1192154459296935,-0.09375019079686735,-0.060358261821806466,-0.028483843208521573,-0.010687742566023414,-0.007130034751098701,-0.00953615657936328,-0.007887842114220925,-0.0014795114668063997,0.007107336181221851,0.004682425891001482,-0.006608189938204969,-0.023528431015669173,-0.04153694395771527,-0.05593717392110498,-0.06789842564154318,-0.08008501195059024,-0.0924974936906496,-0.09920267308825122,-0.08622801513401378,-0.056137243002897075,-0.028800578181779436,-0.011611040947677618,0.0011826229923429241,0.012493007051659007,0.022545932029419423,0.03132118792182099,0.03855022334359285,0.04235584468855384,0.04028117170321341,0.03089224049621355,0.012837002482285592,-0.009409016346228226,-0.02560449875987099,-0.0286796116152073,-0.01228007604300484,0.016386363331102646,0.028315897247814307,0.02511058008565552,0.020184598408733528,0.014401558960991542,0.006698375875377544,-0.00242183967483554,-0.006507410582978743,0.0010942785794184947,0.022415236725125555,0.05010331657391755,0.07044911032822379,0.08222700840326758,0.08774768614745386,0.09109889966807524,0.09526722720076056,0.10609947028155339,0.12473694794810995,0.1352563333350423,0.11608684580959103,0.0785055200285712,0.03973580418172622,0.009313477578983806,-0.011011424087583438,-0.024170881416483242,-0.030090367157723653,-0.020931018718774137,0.013078858419666262,0.07310024420761496,0.14317824680592275,0.18811614879621763,0.17607955463845107,0.1272671782134964,0.07606873756826879,0.03399823809764123,0.0007969785966471429,-0.026080411383282515,-0.043071845642296866,-0.047453479274072244,-0.03207692384218348,-0.005398612525493803,0.013337691119573955,0.022265427144051258,0.029766865275717626,0.035869861028325185,0.03442790927524937,0.02031544034854244,-0.0070124488455894805,-0.03880600964211956,-0.06784075462771136,-0.08670673838449965,-0.08570893219389213,-0.057029364762953665,-0.009428558307284894,0.033401665346557384,0.05234965968692326,0.052106181363422946,0.043200942130849504,0.03478462128192162,0.027855249085038065,0.023143618087797784,0.023283679517215806,0.02622966241203684,0.0311684165025446,0.03596089501419412,0.034132943284148766,0.022796882146070105,0.008947254165411051,-0.00012073781111704562,-0.004930466195291875,-0.010996853065611444,-0.018932967437700884,-0.027744799649010093,-0.031267998429763015,-0.03165342535792338,-0.027721985820260295,-0.021001683389479546,-0.015732297866976264,-0.014024266592389086,-0.011537085953608368,-0.006569475565664297,-0.0009805132694787023,0.0026762172296861046,0.009412901338920912,0.024969914506054153,0.06243021639853968,0.08176231619398641,0.07038110872005625,0.05580609378566867,0.042120920908704895,0.03150262416201504,0.025912619291474044,0.02595457236359341,0.032346604325804315,0.056693294337640095,0.11172821791252532,0.17866539025057657,0.21409398194193818,0.19307025804477593,0.12784722384842956,0.06146931519148116,0.020526810604018578,0.011430684472695725,0.026584162220676073,0.030143505408588855,0.013376613094720914,0.0009416064649250149,-0.0123598264159939,-0.027145265989357546,-0.03740946353789345,-0.04199726832554773,-0.03852418476819591,-0.014709487570429855,0.024937791299992868,0.06114813685396889,0.09128382108403003,0.11089141610692188,0.11405051625290408,0.10290282024642373,0.09137517937469221,0.09148211964108387,0.10996032590413486,0.1313305340602612,0.10533259841566735,0.08001062414880915,0.06984540876824957,0.0695705773603395,0.06877659353259903,0.05676927868543982,0.02785609083107081,0.0002226553078075268,-0.001840106696228902,0.02027039922447924,0.05002921622218875,0.07055822708401381,0.0760669030380016,0.07446918602662163,0.06864838095008328,0.05770857212489563,0.042630091357961905,0.02597561151331072,0.01809076749696392,0.029306273722199513,0.05565295016695934,0.07877712732012553,0.08594856113776358,0.07358294579276305,0.04567908715944145,0.012166033458523703,-0.009513741933506794,-0.018145375409942717,-0.023542537122388806,-0.03219503132598999,-0.04224893708539392,-0.0538563008165384,-0.062485171780774014,-0.06452350492164802,-0.05794371527334043,-0.04835978960741998,-0.04285708664765768,-0.04301089085623566,-0.04429279260374563,-0.04264679992112758,-0.038997015932332006,-0.03596751054016411,-0.03599350621006419,-0.04283233769597177,-0.05383012574423362,-0.06418086928227361,-0.07556084331470435,-0.09652354307853933,-0.12259209609223554,-0.1414522244469779,-0.1470547650543045,-0.13538132740188738,-0.11167424208825473,-0.08460601338803664,-0.061594976336176964,-0.0418812572640536,-0.015406753013981353,0.01891598936607327,0.05251369739611579,0.07742796299250881,0.09523634015614194,0.11256430923571203,0.12967844818375102,0.14399309873185137,0.15046539502759881,0.14437317133909097,0.12382523458651298,0.0914572997178649,0.0543325712149938,0.024526707697595195,0.009636621934332817,0.010477376227615728,0.02294382920975238,0.049432527874601714,0.0897309860236113,0.13119828659228103,0.15640074397603096,0.16487033087501685,0.15824769281329157,0.14444894130761624,0.13100815379581185,0.12533387934746018,0.13330136083540736,0.14987336353699587,0.16861586414742946,0.18057651840524966,0.18236950000046778,0.17405256387157658,0.16241486836091057,0.14756879974583761,0.11294345384796688,0.0721295473326617,0.045740225485116366,0.03586851285353087,0.03734028420852892,0.04708730340932303,0.06195481670326987,0.08214231380345359,0.09575766569559066,0.0320018929373782,-0.02101710014544392,-0.04814753414039218,-0.05595276265294778,-0.05036404058680635,-0.041204869310586985,-0.03566016134500069,-0.03734377878250911,-0.033604016448025596,-0.020631438816442874,0.0007446124554458519,0.024298269896359952,0.04689197453258217,0.061117007693382394,0.06741108754617116,0.07016111715315318,0.07398154440082508,0.07838703904380873,0.07647144097566876,0.0585387033701814,0.01667142771443138,-0.025284551800089723,-0.042969989289016415,-0.054033238111086346,-0.06888133515039803,-0.08674850417706838,-0.10021935662281004,-0.10522818143234886,-0.10169562033319589,-0.09417130777379448,-0.08980819877499448,-0.08712199243922154,-0.08158168621856017,-0.06882827048758693,-0.05543183765914126,-0.041208099661721065,-0.026438785801880287,-0.011108836356950858,0.003887407633973022,0.013306624331394935,0.010601771510071172,-0.00033856093488955977,-0.010473503863749149,-0.016050596966764495,-0.014968202682222194,-0.004687977483925408,0.014469059659274157,0.027039846988253406,0.021370432339987054,0.0066466900108540315,-0.005001847931084629,-0.0029312606097493003,0.011613273279600841,0.027828927896167508,0.03980477517100024,0.047395485143108054,0.05051832553891161,0.051688499492962676,0.05889231526797116,0.08319358810122959,0.11141463917651952,0.12730923210069597,0.15397423230350973,0.1824509089802453,0.16732682544101996,0.13428846281270765,0.11244684190073036,0.10056229312415141,0.09243059422312405,0.08307757611785879,0.06882125786716174,0.05603394121921298,0.05129146835874573,0.05353860564749223,0.05880367672130991,0.05969415070959401,0.051489258751172044,0.03830476024610538,0.025785437277356375,0.014373252168544081,0.005888798546797313,0.00013513471527836824,-0.0035262009123095362,-0.0065161596654299625,-0.005899280862463302,-0.0044324328199266995,-0.0005868481055249154,0.012554479294715967,0.03042590980619484,0.044047648488869495,0.04663622643598833,0.0375645011668405,0.01985553780349649,-0.0010054404304100234,-0.021063642265832874,-0.040707245808899076,-0.057990319104661125,-0.07364591979036074,-0.08647229474600805,-0.0961773833304442,-0.09691873779226759,-0.08580571561677688,-0.06697566845194158,-0.044680993113868986,-0.025846775147159055,-0.01648798700260987,-0.01791487323606491,-0.025749466451614852,-0.03206695145301716,-0.03138398370260409,-0.019240073802715533,-0.0022327917516713936,0.012793987262130763,0.02398018436037255,0.03251557244345276,0.03515978884655847,0.027883191486039346,0.015680059772585957,0.0036883383588952566,-0.004186465259725594,-0.006114101521740347,0.0006764068401086571,0.0172448152707217,0.042772827809081385,0.07341684142486331,0.10338576774825306,0.12394725759910857,0.12867052703857984,0.11921497565326203,0.1020828685230292,0.09150493264303515,0.09418746372875747,0.10569759621942412,0.12037799075371527,0.13214149256970206,0.12768340571181333,0.09488062157152545,0.05087660334989069,0.013232756999678007,-0.010432362977566322,-0.021581009449249507,-0.023345997648661427,-0.013522915845036346,0.003632522523682396,0.01760316891856106,0.02187239787937086,0.01952291406451158,0.019930756885354027,0.026825508001655056,0.0380752904952513,0.04768532709273572,0.049678096911220146,0.047267381787306446,0.04942060120759125,0.05831287303767032,0.06805514868727615,0.07373442378681379,0.07730512839907559,0.07825887777443367,0.07432410128683346,0.0616399036242863,0.04396874634826287,0.02533714766173481,0.009940868394248173,-0.0017096333387504597,-0.01180795445037134,-0.019929982943334614,-0.023891046350441373,-0.018875823285547596,-0.0005043375785544297,0.01633369925954196,0.018902109832039483,0.01669319850549744,0.017738992569248387,0.02457891725031169,0.02853451590768119,0.02616123343261589,0.01643460248237292,0.004173352909708288,-0.0022012150503821506,0.005185993413529112,0.0217578054027655,0.026246995612630306,0.018913405518353334,0.006988749104856057,-0.006074025915731523,-0.020783656647903388,-0.033106502841196456,-0.0400453999229233,-0.04298683060334404,-0.04321539251616076,-0.04463386279028786,-0.051996397047378747,-0.065179167703258,-0.07734297258197911,-0.08342685535495874,-0.08059080251709626,-0.07147404959452956,-0.05788840593193873,-0.043502095596009364,-0.035539510236960815,-0.038635865038734285,-0.0534885823253852,-0.07788068795663755,-0.10490609948681968,-0.11884986996165925,-0.10062072283592717,-0.03878721783665023,0.03139523689214697,0.05124104714054819,0.04607961927450298,0.045192830871737144,0.05241476156089471,0.06797180612370474,0.08741503909392312,0.09448226843850702,0.0850121711799275,0.07849145271131207,0.08034366976243879,0.0913264272616142,0.1084034808841738,0.12560671048331126,0.13628085255261832,0.12781341357506812,0.09824198271915319,0.06306146338931991,0.0436321026036324,0.04697424794241908,0.06002802045389088,0.07162494014053694,0.0748112430382654,0.06958997963664992,0.05915910302187426,0.05381738631710427,0.06207702086072534,0.0894632809854568,0.13215477785064522,0.16183904638597094,0.16628208619022175,0.1594175260024115,0.14400976168677243,0.11053293209761401,0.06899659118845321,0.0356894046369757,0.017482733844146666,0.013849773605549455,0.020824353667184613,0.02973195900545685,0.03356690985788091,0.02904578800559704,0.01711626107957796,0.003367292122350307,-0.004629533607186445,-0.009209026234821277,-0.010002448996328078,-0.017330151599972806,-0.03607689928085272,-0.06474997829906207,-0.08639961211644563,-0.08700187355749922,-0.0650999114004961,-0.04124091793016337,-0.031291301007575364,-0.03424408581520942,-0.034425502093566936,-0.024471885177565104,-0.010265676154482222,0.0004399140935853586,0.005171261334490555,0.006784460509379983,0.009937720988009586,0.021145714947933117,0.03409404884645254,0.03850931451672588,0.03158909251012099,0.017866138762147463,0.005842032466272627,-0.003093773078070913,-0.005538697696243018,0.0027054338534666794,0.02471837708940001,0.05750902556712615,0.09045755505130192,0.10765569371412742,0.10102601068398469,0.07344973105464059,0.04333254921139328,0.02543832892955408,0.023465969606990208,0.031703561418823065,0.04484910670675878,0.05314377961701682,0.05373584667117028,0.048938583275003604,0.04082827236667602,0.02895012159259217,0.017800584146623017,0.007492747889454782,0.0037819297827765418,0.005996862315177119,0.01479649728705136,0.029159966787771035,0.042927640604521464,0.048430336054091874,0.041567473611642744,0.024149041192874234,0.0036877329989086346,-0.007409733511661101,-0.0016274058663895388,0.01692136547999799,0.033949806150420814,0.03754243191058973,0.029276529286729774,0.02417421015307301,0.028511855040031252,0.039356909080672735,0.05073849642748239,0.05783963287559108,0.060511203687812855,0.059347791061304084,0.054078792384149255,0.04525831414215169,0.03209918393909538,0.01645287826693503,0.001650865634367087,-0.006153920064932001,-0.009563370929323666,-0.01574712203684499,-0.025383271263371632,-0.039513129715029946,-0.05652679454470757,-0.06504456954862314,-0.058517574692913604,-0.04097129981366806,-0.01805863579728079,0.007279223483780652,0.03340335090911442,0.05280444695386319,0.06014569450969297,0.06694264182819394,0.07397785861830895,0.0734591985576118,0.06611506545365539,0.04985640461904275,0.02729749187173878,0.000107897265072062,-0.023094326842108992,-0.037921539529722,-0.04938986415934449,-0.06098360322400837,-0.07324272054303153,-0.0796421014715584,-0.06706497242441001,-0.035271227788137495,-0.0012011368669930349,0.028220964975781398,0.05305288339462526,0.07311914264731076,0.07980954039656073,0.06458053238045254,0.03903774150934871,0.019371060376650907,0.008406381668682059,0.004408572822870204,0.008967337655714324,0.020172549116302174,0.033037565566970406,0.039040656359945615,0.03066990731159427,0.007438432756196822,-0.014534152379744054,-0.026638263990448014,-0.033738842613359014,-0.041819154708735776,-0.0400494177660539,-0.026222349607699598,-0.007747263326810481,0.011349510945201376,0.028905027749613,0.04239619944332143,0.05420208479745196,0.06556345779339816,0.0746283716671739,0.07922423944965372,0.07728173040162449,0.07011191248801131,0.06206770824818846,0.06123543335194738,0.06572068584651437,0.06733896969137625,0.06534976018607695,0.06413970870934087,0.06709700409515257,0.06931554603568009,0.06881491379218654,0.06353557643249699,0.05767793361053006,0.0515828984664766,0.047819106152465644,0.045502870272893646,0.04802111028856562,0.05545689508554979,0.06553975256610522,0.07010528700118884,0.06909553371640308,0.0679273724483448,0.07052947261466079,0.07854751120008784,0.08755989805196093,0.08827495550719817,0.07815910465619927,0.057538512314197314,0.026965637705401464,-0.00019455242550073888,-0.023642527234753574,-0.03713967492915174,-0.03326722199536097,-0.029660627298023684,-0.03027394472285279,-0.03145042605267438,-0.027449339058826457,-0.02069957601214684,-0.01367995873375635,-0.007857818675415025,-0.005695149874593087,-0.008521710103117829,-0.0183401146086686,-0.03579682562685332,-0.057893323029053416,-0.08425709863610978,-0.10885414473605022,-0.11893775933151432,-0.10141897963212597,-0.06737549427028808,-0.03341215090596342,-0.004222051973073393,0.015975481929176895,0.025582867167601983,0.02559039885956503,0.014466832104236178,-0.004374563244906327,-0.025446914161685975,-0.044317799847148516,-0.05970268103127512,-0.07084525644294241,-0.06896300371922147,-0.04359890658854955,-0.016195680223214916,0.002789570579502517,0.014567080176974483,0.01895666296671556,0.017751763446045576,0.01765625979015849,0.023544674446545056,0.0351868878168462,0.04516060191800185,0.04752425758489446,0.0410241183342904,0.029075331442758822,0.016619340933206023,0.01323828580210456,0.029893517798221175,0.06072381321956948,0.08768627285116647,0.09903041688906533,0.10310451126029804,0.10830486997590416,0.12318139289348759,0.14375056797434208,0.16206749083780955,0.1737173880838889,0.17301847885681748,0.15538414349453436,0.12037076810435078,0.08105142869591303,0.0513128790079138,0.03609771349836469,0.03382186437989298,0.03988856126999216,0.044643529923830846,0.03981625612607176,0.0258477400850352,0.011341615160225478,0.00155392733882445,0.0011709712060270375,0.014934929687191538,0.04226911689327372,0.06924418203001304,0.08846173358066432,0.10214320430913096,0.11032386647764335,0.11751994744838294,0.07098467138767779,0.019556657350405644,0.005751943381209186,0.005425765718461247,0.008340887120648923,0.008669467344025515,0.003913073734678928,-0.009339036208985801,-0.027581004409670814,-0.04541116147715225,-0.05370703779438826,-0.056685728761074035,-0.06056106661493679,-0.06408576076691523,-0.06031602856013265,-0.05653146369624915,-0.05458153018029964,-0.05231795614743246,-0.041486700604047244,-0.024944022433055473,-0.003067756972784764,0.02014194866290095,0.04016131525169499,0.05392743244165038,0.05572267830737578,0.04734827189619603,0.03455293945545394,0.018347287575742628,0.002918139269282536,-0.009137928184253083,-0.012979994331917568,-0.012382606088020876,-0.01289949807312225,-0.008851880785625618,0.0012463142774097923,0.012854467037507037,0.02302417615707601,0.03059468387646004,0.026590725489667427,0.0034059764510914045,-0.023081134138144645,-0.04373302868602391,-0.05978104862351564,-0.06640277058716136,-0.057230594716473536,-0.04219856997159732,-0.028909051309594,-0.02153679441373754,-0.017157656896487895,-0.01043429499883205,0.0006557512362740702,0.01803215118468009,0.03922810001106644,0.05796212125267659,0.0707577927575891,0.07828524672633991,0.06979523836962195,0.05726368339722587,0.054382989716787275,0.05876806846687217,0.06184763894303804,0.060194556112385215,0.05939745039087491,0.06218802169857034,0.0719557668253891,0.0827226314045764,0.0814887180005771,0.06357662597680137,0.043031790702435874,0.02544423708142386,0.009603522360108814,-0.0025793240744488954,-0.005835129162455131,0.006742247936570673,0.028437568369598223,0.04513556725555023,0.054426949064033385,0.060878661504044806,0.0767970248763371,0.10184316652593965,0.10996989846879647,0.09537590802850618,0.0733936948645423,0.048747633989179105,0.020160759870498163,-0.008663337865091806,-0.030250767254484934,-0.039988737726767476,-0.03751540763299158,-0.02573035634653867,-0.005534522959043478,0.02096020447323244,0.05314801938519095,0.0804526726519725,0.08927994414885056,0.07216454442534458,0.04058489105854368,0.004950580132511574,-0.023447999755596048,-0.04241869878092014,-0.05606841621256122,-0.06628367973845857,-0.07128777761569646,-0.06728971400080457,-0.057127725883775085,-0.04477515361694992,-0.03450532736897813,-0.02946192821129766,-0.03144373835733492,-0.04229916563065975,-0.0541884837063026,-0.0572862390547829,-0.05667961658031114,-0.05694128006260397,-0.05549666929588719,-0.052456665436033695,-0.04535421950666987,-0.03164724420613046,-0.008760990894105185,0.014014065497250639,0.030523090634791306,0.033268261857968384,0.02386390480339507,0.004710262255874425,-0.01749400083902207,-0.0434197599534303,-0.06700917446922235,-0.08024622736227456,-0.07426393009100159,-0.05150752474788115,-0.02480900666660527,0.00495702062536691,0.036564151461706454,0.05882666831652248,0.06371190883422975,0.05234408732280781,0.035864759380143045,0.026978897942755514,0.03447540138223169,0.05994645068727897,0.09809562499979559,0.13889905978882686,0.1690350628682708,0.1821815754585938,0.18051830465188828,0.17282116706734402,0.1637173348333171,0.15134369719774998,0.13651719487628936,0.12398048885881831,0.11174549406865013,0.09370997164939081,0.06998214362383716,0.044039451762990164,0.02606687173045974,0.018370851356363387,0.01490629963704506,0.012540906637848275,0.011609077269631183,0.018097812512291422,0.032295177072705086,0.049123274521641044,0.05902766694700684,0.06003680906012055,0.05358859425068913,0.04345537606903293,0.03623216337358112,0.035750517024172083,0.04385673264978285,0.06165584099770849,0.08634157918762549,0.10864510678584055,0.11009747750902181,0.08242561804336739,0.038361315859599954,-0.0013501820024674582,-0.023849551332839915,-0.02770937453038378,-0.01581841161114964,0.007527722990554518,0.03475506431225299,0.05302173504043783,0.05607191764723015,0.044158508626353475,0.025522403752912006,0.010845662481822565,0.0017284017368019058,-0.0003068893072884834,0.0009352616026280646,0.004211349459395021,0.0023382125948453124,-0.0025020737351392065,-0.00597443264004289,-0.005045875037414807,-0.0006431587031096272,0.006133138759075802,0.012253334562448903,0.010102000547851724,-0.007206225706971344,-0.03818629910019129,-0.06771436952187397,-0.08115879999719589,-0.07422548679112614,-0.05719936753781238,-0.03642579197934082,-0.01599359957434921,-0.00034805855828193077,0.009974201438122431,0.015184152974564939,0.015961257395813874,0.012758878402292222,0.006414025646942786,-0.0037559832356333853,-0.01830146757975712,-0.03203628448982543,-0.046307720411538175,-0.06616978785926245,-0.07895706536300308,-0.07229098671003155,-0.06137459392084781,-0.05060571042773672,-0.03665270951407924,-0.016041004627305858,0.0020484343055007055,0.012030956987240344,0.01779025130781551,0.017851055441949634,0.020492197182970233,0.03132840008769855,0.05191726126394295,0.07781867568735042,0.10362338438032846,0.1118503635323852,0.07784705350311805,0.03396996598097,0.008248168697354109,-0.009131082585842814,-0.021349413854875474,-0.026607810299637227,-0.02780258174530085,-0.029323405038426825,-0.031306120243535886,-0.03289329444897578,-0.029336007206159146,-0.0184074572981148,-0.0012083460258355257,0.01841544975914803,0.036205879487637684,0.051103758584412656,0.061897529340550095,0.06951135802936312,0.07256192838310588,0.0728101082273567,0.07244109693948059,0.06528891784107176,0.051825339174851,0.03322000006443724,0.011630482504614653,-0.00682651575310822,-0.02049753191663682,-0.025974132887851973,-0.021200583903629593,-0.005822348653053536,0.013264136024910108,0.03117670683596401,0.04568418459272164,0.05621310016235249,0.06221389921679369,0.06111551087377642,0.0539483657220978,0.0361083421439556,0.014986976729377358,0.011664232769061296,0.024274827167106324,0.026353685110969447,0.025600668514728638,0.02762524318550793,0.03327620316104688,0.04116941829471044,0.04779686168504029,0.04870483458259433,0.04595410152676328,0.04773170845346092,0.06292130734310926,0.09840446370588264,0.13018899893140665,0.13405070215755197,0.12516736790475894,0.11116408654213465,0.09676707889474195,0.08603346172849151,0.08119503590343079,0.08216968031054171,0.0839395654641897,0.07778426113783023,0.062256741895272916,0.044176949199945546,0.03312155646529488,0.028378952382186913,0.025393833746093847,0.021154300535697973,0.018462895744105198,0.016149341271233877,0.012900501787793723,0.01029390244518256,0.005667653630174645,-0.005755669271391072,-0.026080273735469714,-0.05360586922822058,-0.08327662868134485,-0.11042325797458974,-0.13666884534707224,-0.15930857376621008,-0.15571368435545221,-0.11924936535191806,-0.07550367450107569,-0.04537714932492822,-0.02634571743474108,-0.013903559178477324,-0.006641930559329681,-0.0032119907900559587,-0.00200700538176281,-0.0025788565741532996,-0.0058539591345714665,-0.007195210716948548,-0.0064460837199832605,-0.004138253395963473,-0.0013299488030224893,-4.146940442825764e-05,-0.0008496493925328041,-0.0008008027485789858,0.0030680253983313053,0.013497667690690388,0.027828846947338313,0.04061758751220862,0.05388547475547522,0.06879909648339495,0.08116107662370382,0.08232445105408298,0.07010513437455547,0.04999772717769071,0.030702350233479225,0.014233119187368675,-0.0019688936047814565,-0.020460497049138784,-0.04729606103318941,-0.07782685074910357,-0.09911470928078678,-0.10151777564663397,-0.09082161963080562,-0.0772804039892443,-0.06702021982267381,-0.06181787609183406,-0.0624506810894227,-0.06855830490716094,-0.07586638306380068,-0.0833775542642413,-0.08990704846425307,-0.0989135661568432,-0.12035771325036318,-0.16201761081479618,-0.0955342627168371,-0.054426448757745355,-0.05006835973356389,-0.04933740187826866,-0.027329199796083507,0.030193134237530308,0.10544879410985691,0.15487932736923843,0.16955759887395216,0.16977321684120472,0.1707247819769038,0.17711229270473622,0.18531177389599185,0.1874888682517419,0.18531918098403727,0.17718672813378308,0.16427642948089888,0.14807724636975927,0.13763953762358788,0.13989533187281694,0.1589391514566481,0.1812708540959045,0.18609797587456428,0.16384391426741735,0.13523382528185532,0.11171280711802369,0.09258563583202788,0.07826715644654998,0.06727619888537038,0.05632531244132805,0.044795088311203414,0.027530022397008146,0.011094881324870135,0.0015863757255702576,0.0028154400189243896,0.022107201944807982,0.050715727117475407,0.06034359020191296,0.04804324150487784,0.030371960749737806,0.02448524339046926,0.027887666387038046,0.03902811399422836,0.054002049556406855,0.07083573005865652,0.09122064057211166,0.11559971025119338,0.13699120518065333,0.13469313671645472,0.11021661288668652,0.08854435398641815,0.07512240625936477,0.06562383977305104,0.05674106316518485,0.04201538291743876,0.019164066612119925,-0.007437765874701068,-0.03554104034864039,-0.06224673656137465,-0.0861620406873623,-0.10076641321814575,-0.1031599121740126,-0.0935895565695759,-0.07470282846259675,-0.050213916637588625,-0.027925272262045307,-0.0149211170773798,-0.016557279903712495,-0.03722166866471802,-0.06530919103242509,-0.08814049473468166,-0.09995603523881422,-0.0982810311211934,-0.08572534947813602,-0.06684333332400808,-0.05012910471221548,-0.044451859303751166,-0.04681231989673302,-0.04882936152579288,-0.0440303059529764,-0.03365883308129184,-0.023589035310842794,-0.01392353204365929,-0.006026094348916954,-0.0004690574486833259,0.0007444959888582544,-0.003796440406547845,-0.01496412858043217,-0.02265510594128892,-0.015216164163044214,0.004739544161638549,0.029676924719764623,0.05350207324762723,0.07158914306182726,0.08262798602105136,0.08755738000600616,0.08842872357183719,0.08937661237424095,0.09194244104997475,0.09911744408647453,0.10823498447995446,0.10853817764326656,0.10330745665727206,0.1025065333611037,0.1001785610764324,0.08914553170470688,0.06968084373728227,0.04760164151242918,0.03236224255507261,0.02910155870979425,0.032756017497577915,0.039937893405279444,0.04913013761353666,0.05777540409976911,0.06735214885241166,0.07190095540733853,0.07100682159489191,0.0727241507390925,0.07244797278785568,0.04712698473421492,0.025055304713268937,0.01056661452867019,0.0010776098625111215,-0.003575189691636012,-0.00418688891463759,0.005044968984278975,0.025344747702727984,0.04662943164821562,0.049071171491587955,0.025845194818453515,-0.007877909672925048,-0.03446606015228867,-0.04991510312967699,-0.05745165274873067,-0.06521924547727258,-0.07059034392565904,-0.06942425883409688,-0.05276338190164017,-0.015091816634211587,0.03373342314849293,0.0728468018098463,0.09046585902853473,0.08082690082588341,0.0490163098231894,0.0071310478598237675,-0.02695184467384718,-0.04654800648257348,-0.05042404661988873,-0.04689340329151052,-0.03870280079595429,-0.02907883805709781,-0.019959823006102086,-0.010029727278133902,0.0026408013512286815,0.013093476057586253,0.016090409109597133,0.009900729626484053,-0.00034731955936349835,-0.008865351003741754,-0.011275951801606107,-0.006268311331556645,0.008099833324737236,0.028856906925779625,0.046810788817056796,0.050433738427570936,0.046604919258674195,0.04431240164558889,0.04600241307080867,0.04628624731049127,0.04274857032420506,0.03510993562131838,0.029924497043503914,0.02825481085697789,0.030263857380215815,0.037086872853143556,0.051543739134139836,0.067073038352773,0.07062630464791537,0.05214185687090718,0.023560968648549806,0.0054724260359158275,-0.0013780651699947218,-0.0031475068901537324,-0.0008706897307031113,0.006439080318345035,0.015425251389824127,0.021318418373265296,0.024108294294401703,0.026278271520358443,0.03532991552643147,0.04781938848590528,0.0565148098856526,0.0582176505402337,0.05593143821856061,0.055498665270877184,0.05847674957513163,0.06241692361327427,0.06462160362505028,0.058134908366608264,0.035647063920750933,0.006712377315789507,-0.014984777537213131,-0.027719712900842238,-0.034779088858292784,-0.03626294347110618,-0.026044337496578633,0.010361435272199791,0.03722049026272526,0.04688693409289862,0.0518306747106256,0.05220708946257063,0.04391838290705856,0.02847160499318332,0.012014513452556993,0.002953814376109413,0.004294511861897945,0.011451047422475566,0.01630055340486305,0.014989084429157853,0.009808821850341362,-0.007309340695268653,-0.03649532764111269,-0.07058336225074291,-0.09911312295118549,-0.12103400414481012,-0.12984923870941614,-0.11842158521529055,-0.08844715868291089,-0.04865606744661242,-0.011896698751311538,0.006219858659206062,0.00114862460064189,-0.026424507845064667,-0.06113643084107934,-0.08422775859241594,-0.08928333366943195,-0.07715658435449481,-0.0528032195755125,-0.025583680091880296,0.00016079636259747307,0.024368449603490678,0.04906755897063426,0.08861847415719618,0.1355158896409242,0.13389186218982288,0.08574572662838525,0.03901375503803287,0.009512863275704346,-0.007089436900138413,-0.018637230362199757,-0.02094784676931744,-0.003095634297151137,0.03629929882906208,0.08071040336372359,0.10438757651897486,0.1009860305639346,0.08881602828064211,0.08373115580171188,0.09362278251720739,0.11575490595939011,0.13594966037396553,0.14353222954648567,0.14258840918866728,0.13612746420463062,0.11547642204776998,0.08976203420112087,0.06853905213196526,0.05352984812998665,0.042520724475549575,0.04284856827906303,0.049833975134557645,0.056610189452574074,0.06199783430792001,0.06688973666481676,0.06836437033423086,0.06639881535097635,0.05932170241359134,0.04572531087467479,0.026583289422673247,0.0053508216442957075,-0.018665002553190813,-0.042457954549361375,-0.044717180132688154,-0.02564619046157959,-0.010702178348061057,-0.003818382417752882,7.354550333893923e-05,0.0034743275896718826,0.007652470350642306,0.011948805343926044,0.01485035030741007,0.01326656601723409,0.006529127873475106,-0.005779227117413583,-0.022981800237605078,-0.03873179807158562,-0.05114976911536383,-0.06114745617835159,-0.06677558049907664,-0.05924120990118558,-0.04453034990362637,-0.034236516391406104,-0.026864978984270007,-0.01998276771926569,-0.014340498996155748,-0.013231214253019085,-0.01833045572911221,-0.026812232201656298,-0.03543312125667447,-0.04235959822980058,-0.04369407339247973,-0.0380257457925041,-0.029159573349711743,-0.020574261229824677,-0.014343348954991703,-0.0005192919124109719,0.03275948557188195,0.043364536006789016,0.03880771914308878,0.03723752591952365,0.038504107443918585,0.04051869970313276,0.042206033980973036,0.04349167978372905,0.04858294905204926,0.05647407770617479,0.06696787496779907,0.07827878245244833,0.08170131065943768,0.07747149354331799,0.0688809250763701,0.06003181491511335,0.05440063880324145,0.052042184695532866,0.051217578291450204,0.05194158937056251,0.05393589673249647,0.05627510318522992,0.05851496496410079,0.0594518813760933,0.056653142790292634,0.052147236663142214,0.045052453673583175,0.035647481997295796,0.024158018053802736,0.008792707537203185,-0.003917262517429516,-0.006660699035630747,0.0006763639920152394,0.014469575412549823,0.03249354636986497,0.04699067230935954,0.05289856847138967,0.05017925063756591,0.04139275293039254,0.029887595252020116,0.02034122724606533,0.014268772483243288,0.009505191886140475,0.005325424337215221,0.0027363332122012905,0.004530365572441399,0.010427474177452632,0.01295063466984895,0.00617908725825624,-0.0062699176178085975,-0.02249901498885032,-0.037746725288138785,-0.03860923533283804,-0.020985452932732,-0.0006312704186706093,0.012296639717875861,0.02419084409512997,0.038078804307112885,0.04674532224920937,0.04757726129514543,0.03899157448748999,0.030819558426387228,0.029455258903251128,0.03706418190088018,0.041548341782573966,0.037839543721937596,0.02327445578732163,0.0077814314022566,-0.006535456836908554,-0.012945843835795562,-0.008247345679823912,0.004361923865681071,0.016588079988155396,0.0206387209104609,0.01585146181520631,0.0029806734607058117,-0.017776007099778036,-0.038337857940451345,-0.052295857051611695,-0.060066911428685,-0.06728393083033275,-0.07474093381180201,-0.07884456539433767,-0.08026106126033322,-0.08911740851114287,-0.11226898690001585,-0.14209886968418162,-0.15861009150997996,-0.14244940052344307,-0.09935477494082445,-0.05734414239681105,-0.02930968984204646,-0.013028500796672686,-0.004767331854411784,0.0020622371276768216,0.011311775696818308,0.021920442347791978,0.025998994600135727,0.02211911727916019,0.01596485027321053,0.011780959667980423,0.008140494594601979,0.0044168443505106575,0.004177293683643635,0.010401171574215612,0.022877468654961625,0.040868656007155335,0.06164093164570838,0.08195458307148576,0.0988447479024913,0.11002776221347463,0.11291366413554255,0.10973336365909792,0.10302774843064856,0.09249195001683028,0.08130585949433645,0.07649792289815986,0.08232495565549901,0.09020664606538317,0.09850892314727418,0.11386853118108009,0.13649105738335482,0.15929403836681208,0.1750604312655156,0.18354377063706978,0.18292845196651605,0.1746199987840268,0.1638597417860489,0.14906085857321177,0.12986772581163464,0.10675299145969634,0.08396932731134284,0.0655082627127045,0.04783049338760388,0.024061765095489292,-0.009695375424089511,-0.05059924851102672,-0.08903972817314637,-0.11668395097503144,-0.12292999501530592,-0.10889951017037833,-0.08283241665081875,-0.05181738729921194,-0.019754484411985955,0.00042738716630387626,0.004621573161794716,0.0001747182104568411,-0.005131189385429071,-0.00838136586004734,-0.010026104297353294,-0.01176653484037347,-0.009234249379661547,-0.0016404731309424968,0.004105151734071702,0.005192664183461024,0.006941611334578678,0.013717190593174158,0.030986883585485032,0.05076335908452818,0.0633029372876908,0.07137054617413273,0.07840423759890182,0.08772881110727467,0.10228275046307729,0.12658104646460838,0.16635528562501725,0.191549028203806,0.0790326472666937,-0.0060187187321037675,-0.038628664559708974,-0.050929305480520756,-0.0517861600455337,-0.04330281475598107,-0.02562056073798679,0.003621892407801258,0.04008094418507148,0.07973431386991113,0.11606061591957999,0.1335029639851059,0.12961214915972652,0.10629668632316491,0.07628389504447725,0.048765020924763126,0.03130055012080613,0.029113852533897443,0.036799174817636775,0.04828206668371249,0.0530928325656786,0.04058174135602665,0.008379282159025035,-0.032771320268494344,-0.07377264076437036,-0.10572309808522876,-0.11744446060524631,-0.10056120403807925,-0.07080197310853514,-0.04508171885434553,-0.03171471488494327,-0.03203980405724193,-0.048729062291057945,-0.08116855757064442,-0.1321189436804007,-0.20225448059353854,-0.28872634390346474,-0.3409099457159182,-0.26715875187946225,-0.15161449782660372,-0.07885060160708557,-0.04246848784238397,-0.026422008718463598,-0.020629618705069908,-0.01855852265796099,-0.015060645108212855,-0.00902502398439408,-0.0029207493180084714,0.0009915894815613205,0.001168161299784195,-0.0029579873682879423,-0.007037416249389004,-0.006860584137397688,-0.003030941640269755,0.0010185095420370005,0.001998266413654034,0.0013540771098625632,0.0020946869496779076,0.011663978436289413,0.029940555634285895,0.03999804264295497,0.04129044909252669,0.03979935574805006,0.038800676154958656,0.03823325735350693,0.039166342673631255,0.04430422751475997,0.052156202233403864,0.06469430007225888,0.08816780526328166,0.12181102451199735,0.15713186851642819,0.1708447709401743,0.14586549914353203,0.10502171132992984,0.07279225775424204,0.05368459400556213,0.04324926264227143,0.03921363845702882,0.041026609314296095,0.04551386004496408,0.05264448068225363,0.05625157726590834,0.0514165887288515,0.039468313887853795,0.026477746664727634,0.014870955654720654,0.01015882468529815,0.01384673099026801,0.02128450472678012,0.02250542047865847,0.015662391207041177,0.0062950777659529404,-0.002479952008761307,-0.007231384977001513,-0.0082028631008996,-0.007892892261862771,-0.007521252523165406,-0.01008899035989536,-0.017645934492223344,-0.029633133177894885,-0.039555198035552824,-0.03899911209884715,-0.027788441778470997,-0.010041196394507974,0.00711025545708875,0.019503546881483,0.027669325529313876,0.031052529958852593,0.02952143760296637,0.024531202252172302,0.01868000485211513,0.012265667705573746,0.008249744648583163,0.01113954704826592,0.02546931076460209,0.057019175109943816,0.1254890871819004,0.16960150381241798,0.08050966652329493,0.028561410776491557,-0.00401450553086349,-0.01549021444573167,0.0006343641589313442,0.027933926340298777,0.03987544669784416,0.033457605168012314,0.019242829486948873,-0.0016541877814199803,-0.019674366450180406,-0.02847004690882871,-0.02637647307480219,-0.011320305753349056,0.021610561102693743,0.06742198248092461,0.0959749016647549,0.07902673541519364,0.05584670769488625,0.04283652131016581,0.03626888034823931,0.03352014807941589,0.03193724621592275,0.02915968272586963,0.024945114063490627,0.02195735852910484,0.023583441680279794,0.032531184097870834,0.046558077133468906,0.05861971935271422,0.06487769537654586,0.06720958129565409,0.06728787955982508,0.0692890700039225,0.07621656185221257,0.09304688309240595,0.12018389080638063,0.1483099579736509,0.160684130086255,0.14852785014294184,0.10376077856603513,0.023152296804917573,-0.029573678519425106,-0.04319180802606201,-0.04325578879890178,-0.048814193794851836,-0.0616918205098476,-0.07100103087956397,-0.06941892289656384,-0.05946666957866651,-0.044269159874207174,-0.024892450164046773,0.000826720348930827,0.027227032375882757,0.05464003868793136,0.0739981718248725,0.07974812017774063,0.05888698564914568,0.0181736038743868,-0.023839513303400464,-0.041149922398067355,-0.03627722115726743,-0.016892656607088052,0.0012826940147833044,0.0033248980915468627,-0.017900067815717822,-0.06354791063073166,-0.11317027973150748,-0.12007908134750277,-0.09615587249806971,-0.0631059876860219,-0.03122137895549203,-0.002464708521987862,0.00033962071286627247,-0.0411652028359164,-0.12267273913542714,-0.1864450226732389,-0.1521205691129726,-0.08013059039183049,-0.017513199955879306,0.017650486860430508,0.030315014444552493,0.029945587844627076,0.021725249777535784,0.01613001527766473,0.016846459780216694,0.018887839092024777,0.016389645231314604,0.006007796777062559,-0.0006836556024760507,0.0015984350432014878,0.013980326711007577,0.032250195396811704,0.05729665531729215,0.08125024011219868,0.10013734616803208,0.10693420614443813,0.09746946065646664,0.08138102754711732,0.06771132058823666,0.06101301119638305,0.05826024184092818,0.053281195493188355,0.046727228803017676,0.046647163105402734,0.05542524814366666,0.039943382621840835,0.03055537196483272,0.027445740803550153,0.02407562071182591,0.01603950561104828,-0.003430200057128078,-0.03764347083480722,-0.08496718988215761,-0.1392819175928629,-0.1961410174486513,-0.22502203723338537,-0.21897046350167565,-0.19546647234800005,-0.15368928870001397,-0.09651250105507501,-0.03979054609531656,-0.003474578952828648,0.015227060668476212,0.022993709163512222,0.024427833495945336,0.02391363635691662,0.03074624036792179,0.044839172952215615,0.0630925518035038,0.07446157518258982,0.07040145331791028,0.04833093236885929,0.016254229399799668,-0.014947558452904195,-0.03844260471994033,-0.056447036479642734,-0.07121760673069437,-0.07385542814266922,-0.06067562834476501,-0.03447926094183918,-0.002207811896155948,0.029329679418911816,0.05938328822890975,0.08747060694077745,0.11730593067220497,0.14523924691852344,0.16187195717753036,0.14626546755952988,0.08868966363774244,0.01895177903662396,-0.02427870428433631,-0.04070540123986006,-0.039124920016263894,-0.01931499486124563,0.006182820350843569,0.024937986359979753,0.03509081672490074,0.03842932535217093,0.04281721806184274,0.056464545673080554,0.08590845440607026,0.1085053107176256,0.10740909087683614,0.09143627451110072,0.07181380699388336,0.058621677672200195,0.053457100876450864,0.052059595410984774,0.05289379751755367,0.0517592942815135,0.05157817058123767,0.05218832257497572,0.051436870122089196,0.05077077763974422,0.047073534543256704,0.03949082459145292,0.03202559455232996,0.027290557233971925,0.026596097019077225,0.030536575791249184,0.03838920591312829,0.049359154549599465,0.06398468256874536,0.07762202423418363,0.07121895699021512,0.04863861609930189,0.029122623517265425,0.017655893426617657,0.012635350150548626,0.011076162134671759,0.008201620025754973,0.004746842631940345,0.004444396489014947,0.014090053086762231,0.03713330450107779,0.057413072142174955,0.056604553869124434,0.044817753516538196,0.0372925450350936,0.04399549225430637,0.06434001950531677,0.07256923876486897,0.05262147386455447,0.022151757770168742,-0.004393089905608696,-0.02116706641872157,-0.026721140723237415,-0.021085458594749373,-0.014579983824133213,-0.015141858811538905,-0.018166533843919974,-0.01216305378959576,-0.0015339053286360896,0.0064119366039821005,0.006863206102904731,0.003951142041477576,-0.0011059922923887114,-0.005923020199208482,-0.005564292747166795,0.002798504933063237,0.011282787457390085,0.019610471811007547,0.026952024874029205,0.03460181001694263,0.043294735879450374,0.049386005124855484,0.0522355329354304,0.047401125786963746,0.03553253517640607,0.018209567824534593,-0.0015603697005716931,-0.026284322479720554,-0.055414007863946596,-0.08339068777090848,-0.09062024519461762,-0.055251477002152556,-0.01974547293140993,-0.0023511094181635187,0.006618083682053988,0.011956089823689892,0.010206550747653614,-0.0026164405229079884,-0.022924721403748655,-0.045688227413347535,-0.06194168390445521,-0.07273409440519424,-0.07721403938340356,-0.07845562841896526,-0.08197675961804615,-0.08733500387283298,-0.09389894511199395,-0.10150581392865773,-0.09996440101944436,-0.08586145046178575,-0.06764036467679771,-0.05540464982060092,-0.05061619494980566,-0.05009902524530979,-0.048867238744861034,-0.04184559215008782,-0.023579463854212775,0.003844485561213045,0.03046631190077945,0.04943321897100862,0.06066084577772021,0.06436205586401379,0.06057933354861959,0.05311282781995493,0.04923829358622445,0.05427984305055476,0.06425499028082422,0.0705126447261786,0.07424461478411425,0.0862618771615225,0.11569306585765066,0.15614632368770695,0.14145172871968428,0.09808669578264988,0.07648376763860605,0.07487972633774843,0.07786044764575621,0.07169702100246576,0.065699251581054,0.06460806798371192,0.06753395573953526,0.0726276232736193,0.07586196491463355,0.07705747381087343,0.07413435163854486,0.06544723048344897,0.04992810482304832,0.028369395918376148,0.003116032160157477,-0.022783127219822806,-0.04600578486200541,-0.06572069740210415,-0.0823915943861195,-0.09042735464597682,-0.08971920506679269,-0.08491782546311012,-0.07592359523225482,-0.06582459602929601,-0.06613599577073043,-0.08096961562437723,-0.10348653018583677,-0.11333997919212617,-0.10611330728504936,-0.09066331975839842,-0.07053136793093565,-0.04260016488841517,-0.014294898029877143,0.009538607580046326,0.02780624136931991,0.03951194539557469,0.038676629455510016,0.028189761580692606,0.019963576724383376,0.015381152388490216,0.01287742448008003,0.012029099767166887,0.012621198459575402,0.013420844255280735,0.012565748705522928,0.009109973976255275,0.0041758032797601504,-0.0003142918733556798,-0.0011090963117775239,0.0017890093667653011,0.011854065596256182,0.024289570462129432,0.03652278358676524,0.05313914120863603,0.07175368250029984,0.08922848145922255,0.08825359827568185,0.062942196027496,0.040288841630215816,0.030022714948936765,0.02893842642537373,0.02967256362777718,0.027156074333429505,0.023918771591087625,0.028318202216693594,0.03886837585799982,0.05056609857016449,0.05171218421932324,0.037215096790751905,0.018164487561999322,0.004746636648432226,0.0020843843267476774,0.013025206632997886,0.032022901554651706,0.050873667936577306,0.06033715260246766,0.05820636622970291,0.05013071182422493,0.03889440279633469,0.028857636113436117,0.01499183197152979,-0.0021864236488141936,-0.01312625064035992,-0.013548621349039152,-0.009599080726404734,-0.007352272354612753,-0.007868665953056726,-0.010318157137364508,-0.013800908398978162,-0.015425736333646196,-0.005865418312837186,0.030204933427815037,0.08196531313173588,0.10519671760805756,0.0726034474593054,0.011294428760516007,-0.053642793984747715,-0.10964615894426984,-0.14764724568461013,-0.16890565034255828,-0.15627699032135384,-0.11419350943571768,-0.07640069029072553,-0.04693384640144552,-0.02396314682668904,-0.001765874082739075,0.024601613558549725,0.04741828556180145,0.05865530143273334,0.049382393924142585,0.014739720265880305,-0.022864747423839694,-0.019136303843105874,0.038136383292917596,0.10554301867401335,0.14910816805121827,0.14445574855093393,0.09032841743988614,0.040792575725926664,0.018265713566161402,0.014337613853184406,0.017809567213712477,0.02591290072216594,0.03611373067584872,0.04722062153865597,0.057648310267095784,0.07225855499627604,0.0896579428814437,0.09745616376651522,0.08865394719162492,0.0679915711461393,0.043372384578663145,0.02139338778648369,0.0077735380773898055,0.006094114646273819,0.012157718242416845,0.024880440838559732,0.04004375718342174,0.05718134930149226,0.07917549102858791,0.11607333028492002,0.17883300287479958,0.0890776701114921,0.0241500682716027,-0.0010779334072497405,-0.014149918128814179,-0.02167084789213495,-0.024737674487851583,-0.023320020470597513,-0.01838699621421707,-0.011518535415066386,-0.0072727991365148905,-0.009154340258364754,-0.013141487069521413,-0.014958265889320707,-0.012289163370189059,-0.0018572099757530023,0.016254855628341617,0.03153976343636991,0.035204017216267335,0.0342951510561711,0.0362896560504512,0.04099142490189867,0.04727677087879148,0.0492334581136645,0.043160571351382265,0.029628844516743594,0.013887214149079575,0.0021930094996298454,0.0003830953674474713,0.008180168983588008,0.021639615804806108,0.04084709015551573,0.07323332995232815,0.12245320060463288,0.14807232141670482,0.10427172286154734,0.05999312507435134,0.034305314883941014,0.02201043206808052,0.02246479919497961,0.026984751475044328,0.033203966997906544,0.040509178770410846,0.03910534696936519,0.023650727481906265,-0.0006419925389317703,-0.02430467104000759,-0.04268503837660304,-0.056491836201034144,-0.06487395356809983,-0.06350530671508223,-0.05923226766166453,-0.064998466539275,-0.08788980008128938,-0.13420270894342237,-0.18762079152939898,-0.2003409364348935,-0.17588287222602791,-0.12740483335580338,-0.07140476424420805,-0.017986152791617725,0.019905932706957077,0.0363156644732083,0.04072684555598733,0.04527074412573869,0.053113182023679324,0.061122056324630324,0.06538840165539947,0.06208415364737608,0.05911462057135432,0.06132734789414491,0.07061137851336234,0.08039323945167871,0.08398078764575083,0.07951760717577985,0.07177210535650036,0.06923570105021226,0.08028436447193443,0.09985713370315973,0.10761448748786646,0.10299927251472463,0.09711165079972144,0.0955359664996881,0.09861458971135603,0.10523386925810459,0.11041791513672922,0.10831175552692437,0.09630598874421856,0.07384931600511269,0.051429155248592644,0.0361499096237388,0.03133750570614239,0.03509607285062085,0.0405042192648488,0.0474118721886761,0.05683560915008058,0.06905308138266636,0.07934864614675881,0.08239395702346607,0.07973017710539836,0.07831108741248995,0.07723794977061252,0.06853366618850047,0.04840307179751323,0.015145115767547127,-0.0275398352662743,-0.059368173763504596,-0.06952716881121714,-0.06430391770764164,-0.05780424399852312,-0.05577418648780434,-0.05463206398689838,-0.05045907056498187,-0.04080717979057922,-0.026351499372831492,-0.012595005306543018,-0.0029537701194863237,0.0019112562849239927,-0.000945611000104244,-0.010629278032230245,-0.026306332572182563,-0.043378018639838443,-0.056534478671890216,-0.060558188607741426,-0.05600647178170368,-0.04585882018375646,-0.02700923952870818,0.0022613028536678033,0.037998599516531756,0.06188578145114648,0.05648745964790815,0.02313861203624595,-0.01779439195177453,-0.04962704302884682,-0.06506251945401303,-0.06800781810827079,-0.059445879551948765,-0.04556778134239081,-0.03450993423405203,-0.027614173823365316,-0.01174113329233421,0.014375586697306557,0.03436496508696771,0.04264827046033796,0.04587018042855309,0.04717650182110197,0.05421212016193282,0.0721004099225611,0.09588310037198489,0.11108231846880805,0.10753485440657833,0.088956277035159,0.06560384055083256,0.04448654484910334,0.028047213985085393,0.020389406950893984,0.019230212978092142,0.01771722407053736,0.015329953972895716,0.01284207771675438,0.009260185840633615,-0.0008764406450577253,-0.019957545079138293,-0.038461528680088994,-0.04369550366182425,-0.024165324096740843,0.016496799678147524,0.06480608097905179,0.10369006852416025,0.11375719712944155,0.09434402851703971,0.06873251281115586,0.049567400165209816,0.04353507283646124,0.04357499450813683,0.04671510896554651,0.04800429653136406,0.04479155012295702,0.0357739669396907,0.02563379191962273,0.023462628372673298,0.029761071693839732,0.03859439764064953,0.04772639222734434,0.053278537719797174,0.051232571314421035,0.04405119347827101,0.03321625323793779,0.021751393507554034,0.016329501879117025,0.018220496429072662,0.022764255757091335,0.020473213826817147,-0.0014828836787180207,-0.02497601246321175,-0.030522730900486354,-0.027747059196518216,-0.023508442084324666,-0.020065423611384768,-0.016983752202660612,-0.012502154513479765,-0.006535191560537943,0.0003319235167979468,0.006520198547976244,0.01004742060570273,0.010832782930003304,0.009343650624101543,0.0044851900613829074,-0.0053331155371101465,-0.02361541697715348,-0.046925714120173864,-0.05964587132475471,-0.05375424692432406,-0.03927545371305862,-0.02234927412966661,-0.00498994647062685,0.011677452832895348,0.027004788635499415,0.03963561336612121,0.05123029610195194,0.05851121182597105,0.055512546288244265,0.04170710925641263,0.026552866582305188,0.01575080329162215,0.010451317405977436
-0.35831343229853396,-0.38203200499970724,-0.40055537888107773,-0.4143188177526376,-0.39960254056120925,-0.35770392903024906,-0.32544500955976136,-0.32083803978795233,-0.34024181266044085,-0.37265819458171323,-0.40355630305586154,-0.4231926039916968,-0.42814432362006966,-0.42511363121061163,-0.4132655657958452,-0.3961849674897704,-0.3756208481027634,-0.3531293069254835,-0.33131552410841103,-0.3135287084135091,-0.30370606750949336,-0.3061596110279376,-0.3152793854309311,-0.3261182617227862,-0.3242035915601789,-0.2983630150778803,-0.2480680962890981,-0.19502005226602256,-0.15686776035407085,-0.13378953227403198,-0.11760704488156411,-0.0996244318703841,-0.07386981362416087,-0.057218794834785244,-0.06720223249430171,-0.09685518305204233,-0.13852750990546236,-0.18212337586003546,-0.22000223266846275,-0.23675058231546256,-0.22492868266514063,-0.19391936291511525,-0.15855311521141952,-0.1223041858075975,-0.0822377570663684,-0.03082565134589571,0.03854061291243896,0.134280408270528,0.2561389822674028,0.3938086077974665,0.5282325411055592,0.6352361997784414,0.7052356171041635,0.7416258933443148,0.7450341337902492,0.7003698263404314,0.592429446884459,0.4669289355252101,0.3878500204032673,0.3690859192184015,0.3838230936814514,0.3991888816465413,0.4005957262445128,0.39410238316771506,0.38628147143824176,0.3840994863839686,0.39953063958110285,0.43768761253426014,0.4825151048672464,0.5112178170550614,0.5092651004796953,0.45743971626241037,0.3246079444869044,0.06794620197218093,-0.301708570026972,-0.6234437624025774,-0.7892032747942667,-0.8487074740867605,-0.8545199420891322,-0.8323136946667106,-0.7956065329421433,-0.7559204336645914,-0.72230164869409,-0.7004714989249399,-0.6870973897874965,-0.6697602648024406,-0.6237846235118667,-0.5285029241830346,-0.4004859328080076,-0.2726067656562167,-0.17002281466775673,-0.1104936574962476,-0.10947777432854792,-0.1863510942233339,-0.3395049106843195,-0.4919788918960112,-0.5552720204116208,-0.5532546290499069,-0.5333397902288515,-0.5175076661128755,-0.5081220212939288,-0.4935359210050871,-0.45767651232387435,-0.3841454362575546,-0.27326630259296164,-0.1365923532127554,0.022864550827133585,0.19982062253958996,0.3724371660123726,0.4789497611111699,0.49067551456994474,0.47693209847790946,0.48675086822487074,0.5240879780388371,0.5826789140075869,0.6540694641285026,0.7208621211183908,0.7746772767250004,0.8203453476988692,0.8722192509472785,0.9194667224741327,0.9139193939669676,0.8382181921688086,0.7396436872034271,0.6560049708868957,0.5996245155933811,0.5735628144140589,0.5750152384169739,0.5933774115170731,0.6055445498718176,0.5949041161751535,0.5715081684896561,0.5418033742025479,0.4953170484004341,0.43957512685809613,0.39210267944675936,0.361610651647876,0.3474492072002592,0.34113554758960857,0.3226749343170385,0.2666987040684514,0.18879246399734553,0.11062831408945688,0.03901612891239071,-0.02364637172512302,-0.07736107863839564,-0.12428625526960708,-0.17046755488216878,-0.21878998366876085,-0.24893330674548014,-0.2320711057184944,-0.14683822012030662,-0.009673172161002016,0.11650133793808373,0.19370212970039838,0.2351006272198951,0.2770581166505868,0.34387217240606993,0.44599573015161653,0.5673271679669033,0.6559178239732809,0.6780273064260334,0.6407790999815899,0.5558542542158065,0.41679538476783273,0.2130744631377561,-0.015284843693745699,-0.22346858355997565,-0.4044406030434783,-0.5615749155512713,-0.6913624388186059,-0.7853237372128173,-0.8395926976289584,-0.8563138263582373,-0.8466050916712232,-0.8275849292625719,-0.8176581198742648,-0.823042752221582,-0.8249115123603784,-0.7852978608188191,-0.7080283230930702,-0.6429837597763843,-0.6256463563910443,-0.660730949526498,-0.7121113998272239,-0.7082841933681215,-0.6191538813326126,-0.4421289409971091,-0.172757359930751,0.11087622007125812,0.2976962350351474,0.3646801877299091,0.37089849294813537,0.3629240393450241,0.35898585336725114,0.3603828231530571,0.3675339917108735,0.38056427036381607,0.39717114220293087,0.41350528990881635,0.40832333117081177,0.34431158941046075,0.2395708452977705,0.1388338594958434,0.06090635708425145,0.014714195126638534,0.0038197379688183785,0.03057704621354434,0.10565848230046913,0.2381846864435398,0.37037588288620327,0.41027448985975534,0.3877199146951295,0.3571435520430544,0.3380793304755952,0.3326564572469078,0.3390400660005838,0.3621773461132769,0.41591044919645426,0.4938132103591414,0.5027373031493646,0.41874676375915726,0.3495264555458605,0.31275759448473717,0.29285593474244825,0.2734162809159515,0.23020532759240664,0.13145104037430083,-0.04296694575898172,-0.23331438595929907,-0.3539741780706961,-0.41446132361850707,-0.4548983833188527,-0.4971888670840195,-0.5444896479993252,-0.5881004420050129,-0.6198120759202953,-0.6387293988651058,-0.6452716646483427,-0.64364744444096,-0.6383918514183493,-0.6300378920682171,-0.6195677352646375,-0.6079550839991393,-0.5886569508360503,-0.5455868358674444,-0.459842531044541,-0.31577081557438214,-0.10229809581591788,0.13262530468722025,0.29894737160786994,0.3799283304181256,0.40752039512551647,0.41018902277580005,0.39343028811215297,0.3585372610988383,0.31226492216823276,0.26957439015887563,0.23744605872616212,0.21885807138231855,0.21391834565844067,0.22742779901263216,0.2662353466922781,0.3071908467165201,0.2822198643459693,0.23643926616446723,0.22122886237215905,0.24706707084594506,0.30867426881841714,0.3772844409202697,0.4191632654031955,0.44349994580728097,0.4659369830961723,0.5048227521231173,0.5736251913896249,0.6577744693871491,0.6860358038902704,0.6129006975918844,0.504286688469334,0.41752663614238916,0.35894355685145635,0.32384735481602794,0.30661181694236267,0.3003901196527497,0.2994042885544122,0.3142597634122442,0.3588091747944484,0.43846894129486946,0.5351555681021419,0.627901881532043,0.685949611803998,0.6902287578046606,0.6597703912730737,0.6172009268041793,0.5518463837108535,0.4471506571933402,0.3051956402843055,0.15697982277089392,0.02327295249116061,-0.11341686606318155,-0.3022540917525929,-0.5267422562143876,-0.5899320377931547,-0.581908816568553,-0.6054582214832852,-0.6757370738515569,-0.7939669431359593,-0.9174857197015586,-0.9105734385236398,-0.7167498172538331,-0.4705379257029043,-0.26938725850422246,-0.13814824195104267,-0.05931887615582949,-0.0008610502286665962,0.0916783961261536,0.34818583025903355,0.11266453447588658,0.0656701819689572,0.048412554748830446,0.048209781399684244,0.06520065257968777,0.10098040059478229,0.15397345518372302,0.21326322165424783,0.2673825390272284,0.30224670746598786,0.25952607625294255,0.11993074816907988,-0.028904284738715584,-0.1592814737828932,-0.27108536843278247,-0.351451594938379,-0.37428340169228685,-0.3355437286589429,-0.2646598861355301,-0.19287642613327696,-0.13393039138243576,-0.08755496181357547,-0.04930764151275613,-0.004895963663720692,0.0816476498449995,0.2909873310895584,0.5093705810266772,0.6574022082813589,0.7786953681975033,0.8469493889013762,0.8366527199049658,0.7143575764123957,0.4791241650286736,0.21657278743070904,-0.012214586039680005,-0.2268224658109209,-0.48271956370728425,-0.7622621829830731,-0.8435370292514801,-0.7974517347620358,-0.7658604026320373,-0.7414019488409547,-0.6959493860939913,-0.6089351286577727,-0.4494990333289045,-0.20213270360567404,0.011058205676963279,0.11221953089772171,0.1459293479018101,0.155154375854228,0.1608180622101489,0.17525394572300823,0.19350144900240498,0.20944917632015186,0.23514897858045222,0.276439702499145,0.3313316468273955,0.3941834231519878,0.4544531145105413,0.5119160784454934,0.5756307913715533,0.6434381339444908,0.6985555472308445,0.7140278462444647,0.6654918935331613,0.5556747307667639,0.4292382179336574,0.32389812656461286,0.2517524013188803,0.20857563214285396,0.17845305417021512,0.12440533725133156,0.04229442129101771,0.021172376277687022,0.1202824228633318,0.3493940674225558,0.58454525182163,0.6623636170638652,0.6222914570507204,0.518074901692264,0.35563773881342936,0.0960602003074987,-0.21004183948851776,-0.3799115616704236,-0.4365883090203152,-0.45287155856861533,-0.4524136327798523,-0.4383789362651821,-0.41675626529502013,-0.3962253500310128,-0.3777940824517837,-0.35992359262004653,-0.3460438437976992,-0.33773562802601936,-0.3355859187128084,-0.3440290557080874,-0.3588188994487675,-0.36599409852320325,-0.35968269002961806,-0.34730605108351364,-0.3372053126388365,-0.3340341999807807,-0.332232986421527,-0.3227529708861156,-0.3043689551020575,-0.2766028155456012,-0.2200416719825586,-0.11211837341199672,0.00019028338897374646,0.07768474918431231,0.12909079491004716,0.1673351814402567,0.20023749483049835,0.22995565972357038,0.2532354595010435,0.2642027001594061,0.25989529805226563,0.2460146679855671,0.2288884681659593,0.20479486772830097,0.16952860989104188,0.13898043661287032,0.12678938294586087,0.1322247077412406,0.15432060253107516,0.19168894126320016,0.23699899098792115,0.2900216245831213,0.34834164181850374,0.4080069236101632,0.4641460219175339,0.5120576754577173,0.5475071151247726,0.574489731091858,0.5988538737503126,0.6208539834001652,0.6368243382145492,0.6433368929951445,0.624092730333697,0.5375046457455205,0.30941937684865156,-0.10384503939481537,-0.5298667887023047,-0.779785458103997,-0.8907568791440634,-0.9338980441198035,-0.9430019130765797,-0.9392720066246683,-0.939006228305868,-0.9467535713833789,-0.9529868130665942,-0.9406657983108473,-0.8915392081785575,-0.7893474768570766,-0.6145330055714953,-0.3592259321943271,-0.07295289897727056,0.17940993510199132,0.3545716916954355,0.37088488199166286,0.29587979100007994,0.23364717251694647,0.1924285784282797,0.16750819663574404,0.15900434582562809,0.17139459575964056,0.20572807772205318,0.2515202582761384,0.2824531920687739,0.27234979904975126,0.2105297614650694,0.11577463462621747,0.022577127374208687,-0.04828179376437842,-0.09233292590219408,-0.1155796822376913,-0.12706219873293853,-0.130495274972779,-0.12480629098657911,-0.10285491182069462,-0.05190716015966833,0.03418600978280842,0.15446331348973288,0.29117816375626393,0.39515837219290745,0.43005043531964887,0.4069533849763821,0.35469511782217356,0.2924767173004762,0.2351817697399676,0.195878618032437,0.17546861520527915,0.16685379261547265,0.16644493527746784,0.17095416656460827,0.17756882583470293,0.1892069879943791,0.20969834771701754,0.23199777888257017,0.23740122342571615,0.228410219034867,0.22382906939454217,0.22883023446019843,0.2387983447439126,0.2415485465185955,0.23288714556732437,0.22597421026915737,0.21892291839549824,0.21387380242891868,0.2158756435670124,0.21861488684583705,0.2177175604564001,0.22148982922808344,0.23937706469553932,0.25454979572136605,0.2579191878256278,0.2588837976649351,0.2618546213005482,0.26835543462791583,0.27660092165855366,0.28272527080148874,0.2800711206736323,0.27104235136265387,0.25664424585778783,0.242265489886105,0.22826516909074998,0.22025595439373322,0.23110689307308835,0.275860409594402,0.35340945140026087,0.43313410775759925,0.4733585382535046,0.4833287726016295,0.4870334401712411,0.5000405862310127,0.5163642729067626,0.5242810097929862,0.5038163056745929,0.4263034012662557,0.26119906842520835,0.02713214648564891,-0.19953911486171405,-0.36292864485769827,-0.47800568441249086,-0.5732489499469382,-0.6617291365637858,-0.7331681026224737,-0.7780261423981237,-0.8040738033085444,-0.8205251718490405,-0.8344724143574201,-0.8499604409593546,-0.8661420171402637,-0.8792688787331441,-0.8883454293453826,-0.8921160226200353,-0.8864480407981601,-0.865556919024517,-0.8252839007638441,-0.7631663567936673,-0.6752344469981417,-0.5447671289299428,-0.32935503631195057,-0.002767697202841614,0.34331668080202266,0.5981709399836269,0.7518633308767619,0.8228553185330033,0.8288031736932423,0.7897105566235468,0.7207639063648685,0.6288084555977317,0.5161022595910122,0.382246108745469,0.23538076283708717,0.11549665881762948,0.05031912135530576,0.024413915914407846,0.01983377696558867,0.02904295025953166,0.05282109867696737,0.10466259709846701,0.20673100214317222,0.3197030371054051,0.36577715276476447,0.3744273937077842,0.368365847137034,0.3513926851646472,0.33138259062951764,0.3172463690647321,0.3043212225850583,0.2841017149980357,0.24791772472260062,0.20174130500858575,0.16269267645084806,0.1417310019480983,0.13211870084037156,0.12324311298323413,0.11198029914606097,0.1046662670439814,0.1070969297777254,0.12314176249032424,0.14358427188585146,0.14696539583567264,0.11741309694853429,0.07949450641348418,0.05912141671594687,0.05611212474868848,0.06493550364964636,0.07549561512080143,0.07855156023683278,0.061894243532484065,0.025168822428246612,-0.015568450868024778,-0.05233046198272346,-0.07817651252834398,-0.07623057617523392,-0.01072317425390476,0.08486307801316892,0.14670664512156867,0.16747485722426372,0.152712102968276,0.11282015556377484,0.05816059145508936,-0.0011270036299937188,-0.05694677835056336,-0.10683080366065714,-0.1287316520849451,-0.08329300744138111,-0.014828537471450912,0.04853131781969088,0.1031331645816333,0.14153095136214228,0.15576049334983802,0.1574030321453074,0.1716971099557308,0.22036887716087397,0.3457900107437428,0.5423531971016521,0.36380479118394976,0.1989106146179925,0.10943848497186062,0.04256809446360999,-0.028905315743121007,-0.13262136299836233,-0.2935400227490349,-0.4625592887599918,-0.5383300632723443,-0.5484570348819934,-0.5330161994209771,-0.5051250967867518,-0.468161637729775,-0.42257481443137385,-0.3746865873119,-0.3319000125594432,-0.30699259684042995,-0.30600378055987754,-0.31920777322807237,-0.3262784993611441,-0.3151559852145659,-0.2863337030513942,-0.2532639320984337,-0.23327609799306745,-0.2361026555494621,-0.26245547932275404,-0.29107456690625777,-0.3003140644601928,-0.28389457619691216,-0.24627274547056288,-0.19363156062149536,-0.12893766616997496,-0.06544505132225985,-0.01684351240516766,0.016652709048301066,0.04322382112192756,0.07671706600148304,0.1274472885371397,0.1956755109512785,0.26730403865117536,0.3294375704542881,0.38496631321825514,0.443609175087419,0.5044235856121266,0.5530175402936433,0.5689786745203744,0.5548564224168148,0.5261738994133957,0.4785665831246366,0.40566718374120525,0.32250539078519785,0.2489349121039077,0.19274266844645765,0.15541086971622617,0.1369274039002355,0.1383226169280368,0.16069252168753848,0.2015776433327953,0.24234680360656488,0.24219842006939082,0.20852006316464242,0.173443563297769,0.14461618387335154,0.11899753782805696,0.09463849201062408,0.07264161576090658,0.06093900701235019,0.06958147140048329,0.10623912013443482,0.17627571992245308,0.2695574182882155,0.3195549643948959,0.28811789001413335,0.2172171547751509,0.12526298952843262,0.012202583058084755,-0.11219141801817013,-0.2185852641629236,-0.29037088779778114,-0.3348878101364964,-0.3640275308717574,-0.39222108436540026,-0.43195817054363667,-0.4850833175545715,-0.5440254429629428,-0.5942315850517973,-0.6149735559705227,-0.5922532473391646,-0.5319270254172425,-0.44955576131822306,-0.3488976813390902,-0.23381240359277303,-0.1119942797825811,-0.013449841722521476,0.0272614484790664,0.013383108239006644,-0.02470652724019812,-0.057795838517654394,-0.06815208561721572,-0.045915263030009784,0.00927982993830465,0.0795707901836093,0.12747889516555766,0.14406539646163669,0.16006228758228946,0.1966224580757518,0.2498016013802395,0.3128488404088247,0.37164901900551855,0.41172045093959275,0.43531181049581164,0.4534355002052636,0.47868338702486146,0.5137569494261383,0.5526786407542755,0.5814591483666445,0.5915206514597054,0.5767400933529037,0.529087129469181,0.4514124013190003,0.3525026756206455,0.22837886498939797,0.05766215373360887,-0.17822992760407247,-0.44372327886440766,-0.6616558894514588,-0.7998313439883562,-0.8662433050831284,-0.8776685678512033,-0.8442094902797546,-0.7652986413232966,-0.6413743588252778,-0.49349119132467406,-0.35285331855253016,-0.23343612582684847,-0.1323836201665388,-0.039146296143206666,0.05010347141997132,0.12259984745697948,0.16889448557830164,0.19830613600186198,0.21030441297575617,0.20552749591125707,0.1897571559137224,0.16759532977482217,0.1309909451376003,0.0848487729867839,0.039887656273183386,0.00947697234190172,-0.00664015344087139,-0.017124852728271873,-0.026029455721150493,-0.033772419561847775,-0.036330851954831565,-0.0310801194403655,-0.013236911785562093,0.013009411264950867,0.037319260003966105,0.045196356255547944,0.035711984006513806,0.006652907798851027,-0.042184122236115104,-0.09751746727234621,-0.13932175986568207,-0.16290864265800972,-0.17320413607415916,-0.17377702102696174,-0.16936394170373237,-0.15768300261734516,-0.14023295557834942,-0.12293759183747176,-0.11240742577592369,-0.1129978117858362,-0.12544831474517618,-0.15305505152357277,-0.20945090427808727,-0.3266358047350857,-0.46464407520676154,-0.3235772595627606,-0.1523540660035786,-0.02391261163643684,0.09169689635146686,0.21033847783271187,0.3062297410240895,0.30837801826944244,0.2557051628205059,0.2216641646154252,0.2235088003578002,0.25554277254610597,0.2897053121809315,0.277377118458884,0.20632475040271336,0.12143915903417525,0.06710885430259039,0.058822726822396136,0.09412784479060167,0.157544921382497,0.22801285491399917,0.28345620708548896,0.31456627408650295,0.3261048009799539,0.3452389050654572,0.4065859786905659,0.5257788150395405,0.6720508566317998,0.779821424878707,0.8311738124726599,0.8403495521544116,0.8198877949325729,0.75767872894677,0.6140444206558728,0.40708613502668894,0.23222965054398226,0.11507624119674735,0.03657493678618492,-0.031502952705833226,-0.10261018557294108,-0.13195833876443902,-0.021051577231712,0.1405379747632871,0.27089016773595725,0.3666290034542037,0.43047215366319314,0.45603959547059003,0.41417162218234893,0.2602495118824172,-0.014390509396047295,-0.30410311316539007,-0.5214112527145174,-0.6701982196259962,-0.7772554326418708,-0.8589032605125267,-0.9179368528833436,-0.9517884943356083,-0.9667762527530411,-0.9709457214346136,-0.9674454824018006,-0.9568495141107657,-0.9384007949754268,-0.9085229276228203,-0.8625467118434357,-0.7900952427218096,-0.6583775614559294,-0.41258224935098364,-0.09269103229766205,0.10101632762827557,0.09328813466370003,-0.04664312260664288,-0.19062632457255557,-0.23595204180717608,-0.19435639838880792,-0.12160723945795651,-0.04478727949120464,0.031245528621357467,0.1084761530374319,0.1980169165822378,0.31362975088893136,0.45480979596202786,0.5536926977264224,0.5154606604669181,0.43503943032886094,0.39339120904489777,0.39146980780474483,0.4178464872535478,0.4631385421942479,0.5276832214406146,0.6052607541918981,0.6847988863810727,0.7525136146378963,0.7890205579547269,0.7780687193379825,0.727181251577161,0.6551258168728608,0.5894798069277077,0.5542346974119121,0.5503129836643457,0.5558229948940115,0.5501800099830902,0.5366002297245334,0.5291326385107216,0.5357721430313578,0.5614966545696488,0.6112936375457352,0.6854486552280515,0.740118130616501,0.6607750733750032,0.5143548643237665,0.421121258590689,0.3975774060497152,0.4285271514452673,0.49361252322929544,0.5683583143921681,0.6191643868243508,0.6226279432895883,0.586249716893813,0.5264005858865624,0.455863136888238,0.3807936408700134,0.31023265354430674,0.23712472515342964,0.14555227187322112,0.03221981188809272,-0.08877236466722178,-0.20087641849249568,-0.28812718211419097,-0.3373747051246516,-0.3520124097722141,-0.342937548349064,-0.3214164522198846,-0.2956427079213567,-0.27234670459125954,-0.2612786073694779,-0.2707747215775916,-0.2992068509434175,-0.3331973571112208,-0.3546597919749669,-0.35395074732561776,-0.3208614687178138,-0.2612923483950742,-0.20718823575900133,-0.17948451206232333,-0.18299653679762132,-0.22219604520488492,-0.29911800995392335,-0.33959895049325317,-0.2913052579540518,-0.24152524349968535,-0.21347422690581455,-0.2013315572189384,-0.2020341458623671,-0.2081401230350752,-0.21224339136108245,-0.21185904412470424,-0.2038307542687613,-0.18983383777041263,-0.16915737697086167,-0.14444661360718405,-0.11740079359782091,-0.08553286735655798,-0.04721403633703811,-0.008085770569071761,0.02696479451617531,0.05629366981841252,0.07835632519459156,0.09399613626224385,0.10079702955345927,0.09689869187854307,0.08697846281333275,0.07638947336649528,0.06583060421768346,0.053818652823756814,0.03727731706860458,0.01704869668578029,0.00606084402290892,0.016440269189698545,0.04364176460764331,0.07796991222999342,0.11123365758099539,0.1350326735798578,0.13932252839328887,0.10987378097896572,0.051109450833033816,-0.012623913772267036,-0.07113320313287959,-0.13206866463026057,-0.1923692255275855,-0.21832781052962294,-0.19531865620841998,-0.15643146912448883,-0.11842602917888015,-0.07760251036005436,-0.027566004298613844,0.031206870999787344,0.08273496322032668,0.1122826356148328,0.12362665797855298,0.12538689710968193,0.12359295023490274,0.11682340775498384,0.11120633148008427,0.11782248895784905,0.1387786759901449,0.17533752024052804,0.20134507580949632,0.21011466916052066,0.22095691294494144,0.24208231097978175,0.2756853785374923,0.3222165442395724,0.3729299349985432,0.40543426872760563,0.39336863324278115,0.33062939564575283,0.2321934475340096,0.12629066291375995,0.04356932824868734,0.0023659692669427816,-0.006843411349216675,-0.002064483149738566,0.0016244339136140167,-0.010041834604788006,-0.047987588236529426,-0.10572270120364705,-0.16892309770762837,-0.23177918738662442,-0.29608486620016755,-0.36150004989947887,-0.42610068097746734,-0.4840477475334231,-0.528566806229088,-0.5572745788838883,-0.5722515707453808,-0.582807544639995,-0.5928997047315226,-0.5830428956754876,-0.5289784435172115,-0.4445153956000954,-0.34310390623952525,-0.2100758193644871,-0.05149835617158881,0.09370804272917944,0.1836280225658629,0.2186605579143166,0.22149433898024426,0.21753369339662992,0.21497758619271687,0.21643283021805984,0.2202957740125728,0.2215558280471462,0.22145674609119564,0.2219633930728527,0.22771912238785394,0.24631764620474658,0.2776267289548706,0.316439964607891,0.35803224207949486,0.3884051996212763,0.39507951636414146,0.3822745442718667,0.36728138005727173,0.36344755962003644,0.37081434269509195,0.3951718947061296,0.44060859745064046,0.49376503902527114,0.5483679278060974,0.601349551665982,0.6425655571616101,0.653474649013107,0.6147328210609415,0.5178639057947969,0.39408629643257387,0.2768472439441064,0.19044680094676267,0.1522785867026874,0.17039245721857035,0.2394561715718426,0.3358490187733046,0.4209760018990924,0.46687813809827317,0.45133491965879113,0.32829852222697053,0.06306843054016549,-0.1999775379521239,-0.34523004876401364,-0.41108599992075273,-0.4437747430016264,-0.4666031070662231,-0.4900519825728284,-0.5166458242670128,-0.5432205149704895,-0.5655066852093578,-0.5801792269470791,-0.5829944462178362,-0.5835778422768064,-0.6045166295100123,-0.643188274577605,-0.3208618875779223,0.0608529237827524,0.17926675808705575,0.19889851451723978,0.1505529520128837,0.027630529725268617,-0.1625245204377177,-0.34923956993176064,-0.4455896463285296,-0.42684863140035495,-0.31137055946719894,-0.13313624103553562,0.06921715684844512,0.2807950270341282,0.5025691445869832,0.6571107042921672,0.6147520301669529,0.5361253728449137,0.512879243542493,0.5335797170821708,0.5556222213254572,0.5301535860595693,0.4591976252579925,0.386661921022185,0.3264184594478145,0.2858042122791575,0.2711769047599742,0.2845238949287993,0.3165888914632366,0.35325790296112486,0.3662924806127436,0.3486737387900894,0.33112889596285416,0.33696103079293394,0.36641345816040366,0.3716756688287443,0.3060728147362566,0.22900782517314142,0.17787140531792986,0.14769582901368541,0.12953817921908173,0.1176314920490876,0.10694883023447269,0.09107945608248852,0.061467274292949195,0.011074199076898302,-0.0634317694687578,-0.14730841245368737,-0.21760619450210028,-0.254035559917387,-0.25267432250740557,-0.22789357574181893,-0.2073383381168033,-0.20422202068019935,-0.21061527801732743,-0.21376293199017582,-0.20038587741778222,-0.14626615810468127,-0.05274909569465086,0.05237871453376443,0.15346873224084615,0.25023714246953427,0.2974769107140012,0.23659264147946935,0.14414485570690605,0.06620448204274457,-0.0044905203432998335,-0.08042141044080874,-0.1731671996131972,-0.29413617024073063,-0.4329050336130309,-0.5560208926356853,-0.6380100989262416,-0.6758449547065544,-0.6709387991174238,-0.6292053597494545,-0.5630952149460243,-0.4815340745736477,-0.38937199629419655,-0.3026866473611067,-0.23393115431391032,-0.17828689284065188,-0.12356787363236203,-0.06637671149301581,-0.009629342229999375,0.048105736920923146,0.10486102580476674,0.15944047679430642,0.21519290957808668,0.28666899523371614,0.3742844620672832,0.44179812392402773,0.4905397304625992,0.5423732645497696,0.5967277559933415,0.6488181034038234,0.6900028324015867,0.7085460167310785,0.6937949564279126,0.6349102067644963,0.5129680254235223,0.28880246255292263,-0.04219934735055611,-0.359501004817567,-0.579124264077816,-0.7241271231816506,-0.8225383296371802,-0.8857611203458521,-0.9212488773146692,-0.9344102752144307,-0.9315910718033843,-0.919755641465368,-0.8990158052556161,-0.858068375814324,-0.775338777486612,-0.6417096998104982,-0.4834646886455556,-0.3414234737148648,-0.22773016664601695,-0.12989817203380566,-0.030071062198547552,0.09371013460940639,0.27383900008138906,0.5137445314758208,0.6715160159258395,0.6825460143163038,0.6592763811934633,0.6488704944114672,0.654201539110618,0.6665647460859866,0.6770932046781065,0.6822487862138272,0.6802633337981082,0.6732470915077299,0.6640055185737073,0.6524781842954664,0.63371225159375,0.6092038468188629,0.584934409842315,0.5562599948159055,0.5114274016999117,0.4531623353014901,0.4097099032234975,0.39386422730056825,0.388662971053577,0.3805555679996288,0.3726067615194944,0.3689751714063453,0.3720070606436419,0.38728999250181523,0.42619280095299583,0.46927805743224826,0.4085800811110095,0.2844926061217139,0.20615455586470416,0.1706643289094382,0.15397179619777007,0.1371964422811998,0.10734124776019656,0.05386661910172424,-0.022258534086180875,-0.11559342416741625,-0.2016947226731924,-0.2471001603785981,-0.2556229004160778,-0.24344595774997269,-0.23385544220293675,-0.2395897209977778,-0.2522487368016074,-0.24876495285721698,-0.23499512587550384,-0.22972623521485708,-0.23890254687290163,-0.2617222811032769,-0.30277462442292796,-0.3720452588334956,-0.47716138026507204,-0.6065011509678832,-0.7187766803985911,-0.7840662225145042,-0.8084359640418519,-0.8061985983670985,-0.7888018807447631,-0.7636213161312011,-0.7109120959503655,-0.5964696758813397,-0.43004172440789673,-0.25751706616178766,-0.11040812455055728,0.011964728558164342,0.11061035512565102,0.18380626882985748,0.2315183715766341,0.2610287737280664,0.28636268425480893,0.31284860659467245,0.3337008911909385,0.33520698581157204,0.32811794190769766,0.329072912422535,0.3410777248071455,0.35992223942785273,0.3814145818921276,0.4016810542527038,0.4073600227946804,0.36981406996908817,0.2910766031070789,0.22327332651441523,0.18862091309055737,0.18970557947814332,0.21934882442769146,0.2644993687529462,0.3138450623972572,0.3621682432562061,0.41207395071044634,0.4626982880896735,0.5117284038100248,0.5485814480965112,0.5596263365970564,0.5378435764196714,0.48706958117947363,0.41105061732212866,0.2697905755725875,-0.14390151034501278,-0.5937406592207007,-0.7132495041408953,-0.7802007277979424,-0.8281385648896462,-0.8579302112278673,-0.8743828752410414,-0.8823263305095668,-0.8837995389110325,-0.8753021103666041,-0.8519282733888859,-0.8044478843935662,-0.7178061630332087,-0.5722222120070383,-0.36560696279878496,-0.15495258743279966,-0.019313702530962706,0.025005230821194015,0.03268115345636124,0.042309263790604054,0.0674123332648616,0.11344978428335364,0.17395016602280583,0.2443065344680501,0.31828676492939995,0.38913551353827747,0.45303837663208113,0.5037142572565624,0.5017330742915838,0.3893989169298122,0.24112834918894283,0.12565372233762012,0.035032391592050106,-0.013222334837626108,-0.00901565508502658,0.011537645347040782,0.02554514224944663,0.0312481667527073,0.03303684364369985,0.03742500339381896,0.048208218877048035,0.062416416977238584,0.07401259702269136,0.08862193920242205,0.1100027240734132,0.14900100157564664,0.2195346355750187,0.29955034314001705,0.33052492696352254,0.32934337103539824,0.33431828366438154,0.3443587915662269,0.3480086319734366,0.31362526615860903,0.18118653558472053,0.03092030561750725,-0.05533201911838918,-0.07807222018862033,-0.04936634193174635,0.019237271456141885,0.11467930818942604,0.21033445110621812,0.29365354346790995,0.3632281636772244,0.3691392188186246,0.30989791435450464,0.25236338498773053,0.20549566798276606,0.1639743749262872,0.1263935572905166,0.09502970487372374,0.06841403514024881,0.037629936075518976,-0.0067406615067266374,-0.07018613676201108,-0.163401211204493,-0.3001095431757507,-0.4791490524863389,-0.640119539432553,-0.7206034578841736,-0.7522899816610457,-0.7706247917388053,-0.7801097596070875,-0.7485884433663446,-0.6154632820773481,-0.34857880374914013,0.03274181292754611,0.4250578202307602,0.6593674475292828,0.7565851368475496,0.7890096758870183,0.7889167458958783,0.7643803977199084,0.7180242747461096,0.6585305819918729,0.6042962605190781,0.5684231436966607,0.5290143062109399,0.46323884171248175,0.3750653466530068,0.2824097136679211,0.20634571982033542,0.17696286502918576,0.2114043182168683,0.2807140064767316,0.32327180212743234,0.30639439305901844,0.2354703924326284,0.1259723431058598,-0.024629056911133075,-0.21478938503682926,-0.40883681158851665,-0.5647017814197044,-0.6728995760231534,-0.7421406811271233,-0.7788340766029616,-0.7759034988092035,-0.7303613906229729,-0.6897715222168648,-0.6833561053070252,-0.6799929133856272,-0.6572843481169746,-0.6300600599884403,-0.6144158354763622,-0.605861621281949,-0.5817420981096253,-0.5320715291960249,-0.46943249635654893,-0.4041803974204839,-0.3460214538741427,-0.2997956048287991,-0.26009561657101943,-0.22586369011320048,-0.19714399234879285,-0.1685501281232308,-0.13148184993798434,-0.0828301522056303,-0.031282103550927,0.01248443658367557,0.055595406091018186,0.11297788540727338,0.18194523973439738,0.20655735970197123,0.19283477784204794,0.16807806990520774,0.1356758073667446,0.09274161980052895,0.05027507253691783,0.03761456481302196,0.08063127757618772,0.1704579965641321,0.26414495476541006,0.32473903559094947,0.32165937704742986,0.257185294612621,0.1355879030076178,0.011398142849384332,-0.0584999274681539,-0.08937855311070689,-0.10662098176993577,-0.11732094144482272,-0.12327346313598778,-0.11544789484251403,-0.07443099503062081,0.019248647579708938,0.14625856572363818,0.23504031033153797,0.24464571520888104,0.17490317212130288,0.04731779417340522,-0.09156158636354499,-0.20122769781465738,-0.2781167078117623,-0.3395688087015863,-0.4061362084618023,-0.4905375000360462,-0.586819813489949,-0.6595161200534007,-0.6448936171168963,-0.5160525366908056,-0.2991406775472967,-0.030425675618034904,0.2588364015232076,0.5060934364217218,0.6314429079029933,0.653949862565311,0.6477673714921925,0.6458680116129568,0.6462100071838048,0.626501846133606,0.561662222998649,0.44346730120513783,0.29855991758559997,0.16544646152612494,0.0673197234737199,0.008117072129981445,-0.01753801791166559,-0.015597848411412695,0.0037563255078555957,0.04014349168064833,0.1064190346511603,0.2201024870644615,0.3310873793163743,0.3662785361641568,0.3454801520502334,0.3082631159005697,0.28733658285238317,0.3104146568693642,0.4075807650895084,0.3691330411823384,0.2286312363160668,0.16912353479591663,0.14906535104126656,0.1516141540254071,0.17434117370143953,0.21657113274178652,0.2660152007092742,0.3045642187910859,0.3223917730621586,0.31635808856543207,0.2878248972605281,0.23851413439066532,0.1704868232186925,0.10797845009879489,0.07303997915846991,0.06504241982547382,0.06900391587300993,0.07660850857336257,0.0664948395440952,0.026638043401722433,-0.03488923469104181,-0.08895113146798027,-0.10411311497544397,-0.07752947682836157,-0.02488251137568779,0.04301425629793452,0.11037437369139283,0.16051124096327182,0.19665003757201396,0.2319528443602128,0.2599336366022027,0.2730074308670166,0.2666818547431313,0.24146886049112998,0.20417295443615863,0.15352217302618507,0.08616935318205382,-0.0031440379387879178,-0.1208729720814143,-0.2791089427490556,-0.47963581217225404,-0.6676356674939873,-0.7790567733342404,-0.8298012659731365,-0.8471973302815691,-0.8249752803743705,-0.7792252826247908,-0.7403947905435238,-0.7188414282020917,-0.7015487963278642,-0.6602235597937186,-0.5816635708088636,-0.4934216381092134,-0.43443537966872,-0.4320855793231729,-0.545459028439994,-0.7109937325463129,-0.2281600847412701,-0.07055275983251799,-0.005571622847072167,0.033272940267086125,0.06056019447676053,0.08161942121684418,0.09809679289616072,0.1056641994309418,0.1007210474320705,0.0885102233139417,0.0779542623670357,0.08708838403132758,0.12622943622762603,0.1938044468908818,0.2805211163627874,0.34125071308277644,0.3423029239400282,0.3221845627829137,0.31662412077676566,0.3290915320090794,0.3479498886304874,0.3632731096749176,0.37507182082871227,0.3984042399542292,0.4493239424540077,0.5489231658555694,0.6913794168708117,0.7176045469050684,0.6019185965778331,0.5164028275751631,0.48849391110887347,0.5065839352872644,0.5601853132591436,0.6281916016291165,0.6811554693658172,0.6687643531340008,0.514877822409663,0.19048666996492813,-0.2133027607682005,-0.5767185686289822,-0.8140128966941292,-0.9227440020138942,-0.9608751672830009,-0.9715224930191,-0.9716873955565359,-0.9653162499104235,-0.9507083963057373,-0.9232205131952425,-0.87635513017725,-0.8041116577874389,-0.7002314726520508,-0.557799441253202,-0.3490363024781735,0.018278905014434355,0.5388712781563519,0.8446704521498235,0.931575192422166,0.9448852639115961,0.9290179216202351,0.8810632806909547,0.7717235437589096,0.5767111063504242,0.3706820660521745,0.26531153660238643,0.26159575550998976,0.3027288263536111,0.3524907466334866,0.39246200291771893,0.41918753545763837,0.4341269295425568,0.43725343326178623,0.4136537610525261,0.3359461337491378,0.22263071603263068,0.12645884099247268,0.06310761182597215,0.02513681051014726,0.0011873858643530692,-0.015156095176340584,-0.019822038655798204,-0.0066670244453295655,0.02898659143412987,0.08176212007422948,0.14016787766117025,0.18039705116052274,0.18049699597105345,0.15990419330748692,0.14765316324515795,0.14669366772170503,0.14677316221973813,0.13889045026198157,0.11225889047346042,0.06206606635703978,-0.003960336310237637,-0.05914643510816369,-0.0933773051365067,-0.1257046178774286,-0.17388152772028434,-0.244275477662141,-0.3196285647015606,-0.37979490658183834,-0.41795928243707986,-0.42584867131046156,-0.3951621025648128,-0.3371082812635092,-0.2582262488193795,-0.16535385646802467,-0.0731710953467615,0.00033665213959084084,0.048855010342899956,0.08174864616952361,0.11078129332029399,0.14329637968435455,0.1845706764513904,0.23249739641598918,0.28106888659608636,0.32104076779481117,0.343372339907181,0.3405521201091128,0.31263205223293666,0.27274853599541143,0.22342385116915378,0.15225165224327752,0.05020461703016792,-0.07296179580278514,-0.19244208442637023,-0.2841437474879848,-0.33407238948363693,-0.33911945088349366,-0.3020892615422773,-0.23011029186538157,-0.13870697628483966,-0.05155320080752629,0.011440853398896006,0.044976834902772295,0.05361686527838609,0.0449030266791573,0.03350531763128073,0.04116059946411291,0.09989850125513501,0.157517019279981,0.16528296914032933,0.16942560610104412,0.17286008124002566,0.1681803656666096,0.14988938136845337,0.11034481669492625,0.039109560791101575,-0.07226234697998143,-0.22316862767576306,-0.3712032105676918,-0.45808501911900945,-0.4714919538127955,-0.4334944046926125,-0.38400588473777336,-0.3538790780213999,-0.3507279864427285,-0.3457942482364561,-0.22872550540845615,-0.12572796697089836,-0.08284088929549249,-0.06615859012915376,-0.06492111525090843,-0.0777750423800196,-0.10837264473471968,-0.14939895961038205,-0.17690479700861314,-0.17885320455360854,-0.16843686690582851,-0.1630782214643584,-0.16296810877758774,-0.1696840873778596,-0.17798360612928357,-0.1875086009575386,-0.2073176384410595,-0.24537456526260312,-0.24833112459873918,-0.14935572452446388,-0.060480455391602336,0.007150480476955035,0.07993059582520864,0.18250745361098464,0.33917422017683313,0.558867997118135,0.7723145160874729,0.8704870212478106,0.8863729739108575,0.8702334580488592,0.7926723278013411,0.6785124275198846,0.6101381913543897,0.6128647519588297,0.6777487150271623,0.7840100569207014,0.8931692287843324,0.9328827254898732,0.8161906102048082,0.5621491992741301,0.3071086721077896,0.11036413942861102,-0.045909170934323215,-0.19567944605301035,-0.34810422282280773,-0.48791198327311774,-0.608037596709385,-0.7060211782039595,-0.7767712385656572,-0.8197781725034021,-0.8408494169649019,-0.8461220880476695,-0.8430673159565006,-0.8416169747747594,-0.8482793329538523,-0.8637023217283002,-0.8809848805385234,-0.8883945289055721,-0.8786648511616365,-0.8603673601904127,-0.8506579502894945,-0.8587754890626864,-0.8775006188777248,-0.8834621804327664,-0.8487005289911985,-0.7589150018251163,-0.6159404404149328,-0.4314362944300757,-0.2299740727756178,-0.04482637641933818,0.10761276953740351,0.22464516897000592,0.3090713752841058,0.37068176021828136,0.41919618408442255,0.4679346339816553,0.5254656208109026,0.5825120078700842,0.62718964930127,0.6573540822236623,0.6749416975336687,0.6834418524980711,0.6838379894901794,0.677294179773319,0.6702031615585499,0.6662472175331237,0.6678396488802893,0.6754716444130192,0.6871612666849536,0.7019387616965269,0.7292772813247567,0.767843883171788,0.8019145881909516,0.8133712746504844,0.7929119421265,0.7393102985966844,0.6538719826959893,0.5488176894478313,0.4415972804454778,0.35059254545093044,0.29728169931632836,0.2893630000064791,0.3226308063766235,0.380821978207857,0.43967119761728657,0.4815201863425662,0.5033799658940832,0.5149653153130467,0.5065598203163919,0.44702879640579024,0.3623614256178712,0.30910877197547665,0.29362467371543594,0.2977679007690682,0.30655917614792916,0.31605232173420367,0.3187048384166245,0.23916326825129625,-0.01911113411621164,-0.13442389018538053,-0.16361318043708697,-0.15884496321853725,-0.13181010170802335,-0.09039355311141589,-0.05955685279388997,-0.04519758982018657,-0.03875708651810511,-0.026902300701235053,-0.0026673080626744006,0.04302878566837636,0.11098362500005636,0.18926352147033765,0.26060687162715657,0.3169732773316581,0.3624444857961729,0.39797043998205844,0.4293806475906282,0.44304470631846415,0.37837313114437127,0.24086333131110224,0.12232369758359352,0.038762344284460015,-0.0288215315990442,-0.09656807165851493,-0.1689355937218871,-0.24528767892772382,-0.32083302011313153,-0.389252475250397,-0.4533434699328728,-0.516911703860393,-0.5736830410778064,-0.6056641919329864,-0.61030908713816,-0.6089743104234457,-0.6226159811777742,-0.6568363823671389,-0.7056329422130969,-0.7562867052520886,-0.7922595711546688,-0.8028278491419033,-0.7956015236784898,-0.7873914783377365,-0.7803971497280165,-0.7539657909195896,-0.6629116010460393,-0.463365373965783,-0.2147259027477844,0.01177055896153989,0.2291114660881815,0.4331023150721029,0.5613575606102029,0.598018962752653,0.5849350683748133,0.5492839138089888,0.5029636515260549,0.4556324762063414,0.4225429343326904,0.41785515704594545,0.3949448309404629,0.351223690688559,0.35683226722534434,0.37688467997300706,0.32501364351448764,0.25399764466007835,0.2052969695116871,0.1686261819000714,0.1446073295947842,0.133520209126501,0.13426744579897334,0.14566274435891668,0.17170675482776895,0.21918554180199687,0.2925428849217158,0.3879392027225168,0.4877423985489825,0.5746487135686325,0.6403184669597469,0.6790464822905852,0.6867396874981527,0.6792346425996074,0.6713134950695174,0.6625952797855331,0.6344391275013859,0.5685169484599409,0.46497041312740245,0.3295238581270009,0.16667333654491634,-0.008646478117319651,-0.16757513947750555,-0.29594604930052754,-0.3979962762609181,-0.48457739247101933,-0.5605873351603053,-0.627250620478562,-0.677890770126301,-0.7051835232848772,-0.7005818379942506,-0.6409488879409795,-0.49196085910393217,-0.2598620838262016,-0.011589610471508088,0.19806157180682502,0.3472764080917161,0.43759484760029366,0.48055506486587296,0.47774375450604284,0.41780000586845706,0.2879125922372101,0.10160279645324523,-0.09500758924511306,-0.2764148860325116,-0.4519146994678158,-0.6282902541383366,-0.776528732040737,-0.8502925271267807,-0.8477934779757456,-0.7993841924427805,-0.7249025246687053,-0.6308173814607476,-0.5237051544068473,-0.4110834894894373,-0.29720929241326527,-0.18007174624798616,-0.05845048942480636,0.0593515375960623,0.1490379165245345,0.20258721072307276,0.2331138529505872,0.25942555588462235,0.29107796352015863,0.32913321392924877,0.3750714598704491,0.4263431407238514,0.45663487064645,0.4488277367308049,0.4207666924884681,0.40319581544365946,0.4111734939658905,0.4438282416957407,0.4888273348835224,0.5170490234073378,0.5088346850013392,0.473323730640248,0.43280272079558435,0.399573857060794,0.3763964491871989,0.3606737251875923,0.3426906107121827,0.3227845750466994,0.31197135865173853,0.31071528394799935,0.30945730839713464,0.30352884082503645,0.2953007694441252,0.29135621192680944,0.2980471737241137,0.3218225133462317,0.3617449066596937,0.3957445224575982,0.4134911357838862,0.4311798923569887,0.45301708532603135,0.4743932575384332,0.4988362874380601,0.5362974101656264,0.5830836141360107,0.6149685613294681,0.6228252952756144,0.6010177268851636,0.48941175196496295,0.3365415622829251,0.24115824725523916,0.20053246362572352,0.18912531217527132,0.1834414806386847,0.1680862337396278,0.13740484164187503,0.11335767450140921,0.14698198977996313,0.2145118375861808,0.24467019328933773,0.21560221801743507,0.14160741192088358,0.03125873615220252,-0.11173198703755956,-0.2685467043545656,-0.39468014731940926,-0.4698142864095784,-0.517437936098052,-0.5604849641803245,-0.6017815863712296,-0.6368757653679807,-0.6647017853508956,-0.686027948481107,-0.7028059577838348,-0.7117354148483584,-0.7082642628086421,-0.6922525147775287,-0.6712948248877688,-0.6564130834475381,-0.6600618291448016,-0.683211680517845,-0.7059111598115163,-0.7017000692841688,-0.6606218035829882,-0.5407777896232635,-0.2597179543878779,0.0032366286023232556,0.15443037149523087,0.2675839305701753,0.3998600558587786,0.5904703758847851,0.8291076626954942,0.9449364720515929,0.8497897008106358,0.7184119905608627,0.6243910477801748,0.5624450253117907,0.5151098207229524,0.4569758189404422,0.3580433792482629,0.20135707571432662,-0.0034232735437306526,-0.22361359044573018,-0.41012910458816204,-0.5196647029036386,-0.5477504815283217,-0.5376763983235611,-0.5221572004593328,-0.5036073277572803,-0.48020698164099457,-0.4513854538199517,-0.4229682472394458,-0.39932687646569526,-0.3668000373350673,-0.3140305351058258,-0.2564328381767203,-0.21109387031276508,-0.178778673585639,-0.14865660594775434,-0.10889686292268375,-0.05686235912565953,0.003743201255911708,0.06443167679358403,0.1164039593469445,0.15779840271972417,0.19297428231556005,0.2250710573094346,0.25619853881469745,0.2864537219476857,0.30806988217217757,0.3081540821428329,0.27112690925900734,0.21535268008931968,0.171309714268425,0.14505275980305046,0.13162640642500184,0.12918231785709222,0.1480724478021729,0.18663653774723538,0.23224770160931274,0.2693507751803529,0.2828905671326038,0.26838727659608747,0.2480099323038173,0.2531606920195103,0.2950832472050509,0.3612541278423983,0.4332512943945568,0.49467322001072145,0.523657671083126,0.4974396368146993,0.41460600751823207,0.2909558212341017,0.15573981024792732,0.03713499623233573,-0.05725706367540896,-0.13630503661169363,-0.21076983288262038,-0.2801876919149282,-0.35195004644287553,-0.4415604334709443,-0.5621301463515888,-0.7041442813193406,-0.8190980038611227,-0.8684056737856599,-0.8616745921543942,-0.82588013733464,-0.7711992676695484,-0.6940618426945184,-0.6007341377192348,-0.5125782721888336,-0.4542137264668565,-0.4393254741192259,-0.45989343353037443,-0.4784365357445975,-0.453642120297984,-0.39286946821349056,-0.32253891356817205,-0.25441633319938506,-0.19372442825532152,-0.1429131280401182,-0.09898470470253785,-0.053697529433681994,0.000709138886302393,0.06047094911844301,0.12206400849508721,0.19904112683606212,0.312984637957504,0.46236397515827043,0.5969400222802722,0.6877047853678911,0.7488529151475113,0.7891771388111091,0.8065086936097736,0.782771383354386,0.6830822343097895,0.49155297907619744,0.29204290856144116,0.16609324426796412,0.11430956219008034,0.11062614945256147,0.1349099226721842,0.16735334616864656,0.19216915984381203,0.19223874782206937,0.1706207179427672,0.13565042576395922,0.09739862726982976,0.0662365585285353,0.0581853292019314,0.082888404795625,0.14042897429722173,0.23671311759460945,0.36845071198870416,0.45970759713036835,0.4304439679005729,0.3588210393720225,0.27369080515886285,0.16814080853651342,0.06129193806840701,-0.009565675963872873,-0.04606971683679163,-0.06631861520057834,-0.07933427880243671,-0.08989213857869476,-0.10064780335217723,-0.10575481449883341,-0.09423792744891443,-0.06065037644366598,-0.00658617104943569,0.04708223405517784,0.08060148392163576,0.09759008750300122,0.10641720761499848,0.10770943068874847,0.09653219148042366,0.06743287118090967,0.02677879211248489,-0.019728080900909627,-0.07104520192466554,-0.13031919169317938,-0.19974020097708187,-0.28080354799015594,-0.3727352955724274,-0.4774292936092357,-0.6049833367985786,-0.7428991922855009,-0.8472520126533677,-0.899471727678802,-0.9268980274033914,-0.9427686188725498,-0.9368563596817708,-0.9091339328550834,-0.8696030018518783,-0.8178467003199021,-0.7410801548032719,-0.6368841481182449,-0.5158690435477287,-0.3871860740681429,-0.25496628672616933,-0.11702323843684614,0.027732596367734633,0.17892554094517593,0.31099530094555317,0.404432232724981,0.46190612183905133,0.49777717958191864,0.523712551837681,0.5452559206722651,0.5621645191986161,0.5718559750525735,0.5683428030797217,0.5478960553784994,0.5203582121315208,0.5048600116652141,0.5032874848833111,0.5109401590003154,0.5259062233783045,0.5530836903032545,0.5951497190308511,0.6423053213931873,0.6832175770065133,0.7119002470969221,0.7318210327518339,0.7460087228908461,0.748737597247851,0.7386982846918345,0.7189251688949664,0.6905251061069709,0.6384378557776781,0.5036211527092695,0.1482196031238981,-0.2951818698623888,-0.5156318983566048,-0.5914217022722299,-0.6168876793697097,-0.626718230661108,-0.6308933705585811,-0.6271682060731385,-0.6071432006542692,-0.5628098860966272,-0.5042424829590034,-0.45255855189674743,-0.4192330307969662,-0.40510771890969033,-0.40229919526640373,-0.40143224923177095,-0.38470887680577764,-0.3273831837966455,-0.23409756497082357,-0.14171047192257036,-0.055856025664704975,0.03161574380182324,0.1256388216892226,0.21813227473035718,0.3012204970692889,0.3683057688919801,0.4223209344449558,0.4676622928058146,0.5145422927926748,0.5823480387466625,0.6839380856290945,0.7376830702213546,0.5599978618709038,0.296860705532874,0.07410626103842956,-0.11940663702162435,-0.30368364949046944,-0.48287131623887786,-0.6402704189469374,-0.7563336591165714,-0.8279968511838809,-0.8697024957989734,-0.8928350445473089,-0.9005390857681613,-0.8923019526821926,-0.8625915017456455,-0.7934779932178052,-0.6493666930628609,-0.3819736179354279,-0.040968734221466484,0.21572144312973066,0.3544934821488451,0.42165209264334325,0.4503052839688023,0.4661015657584616,0.4811434805043613,0.5043034231638539,0.5303441366701513,0.5372737477513231,0.5031304557008559,0.44615961395811626,0.39873298453574657,0.3713836667455544,0.3598635768694607,0.3542717646128889,0.34692909126448424,0.33458168728361615,0.3189950026405148,0.3101587038621612,0.3159144849029971,0.32922514828026783,0.34278842210071825,0.3424105871712594,0.32449510918615654,0.2960749732919928,0.2632096749211052,0.23513326495708464,0.2278276775784635,0.14670496835417499,0.05079609522886082,0.013964397364581504,-0.00739767349820266,-0.0267881716617144,-0.0490296936094466,-0.07403434030983733,-0.10334666198017621,-0.12919808495982724,-0.1337767032279886,-0.11094535938161482,-0.07827987514640544,-0.04904907484159052,-0.02331721991245613,-0.0012659624762926885,0.022016746061178538,0.05602183770636758,0.10775557553626121,0.15971329402148304,0.18857221277674432,0.18680792220665085,0.15908762659555692,0.11339448381587389,0.052467782784973306,-0.03485309967930536,-0.16732793033587476,-0.33885574861848056,-0.514823917989554,-0.6538709550011721,-0.7381213990306923,-0.7838711762984916,-0.8078287754345359,-0.8246924104870225,-0.8353684186110514,-0.820822091794687,-0.7545394440012636,-0.6268982589406797,-0.4726323314737441,-0.33369878715157975,-0.22540147088666346,-0.15036174609113775,-0.10128516094369677,-0.07263498715230046,-0.06329084397885075,-0.058687731562090256,-0.05533694694472556,-0.0569993420038537,-0.061378750375083724,-0.06096557172324426,-0.050000147999419695,-0.028155636392683352,0.0013791008829946868,0.03980043488587714,0.08666272104646677,0.13879931438748183,0.1842503934829646,0.17969991856398065,0.13115428989954034,0.08714397550780559,0.05953723500932514,0.05483761908354676,0.08522183010915677,0.1595085044966386,0.266445984085134,0.374589806504498,0.47503295119992295,0.5349705128895585,0.530130764699427,0.5086729332404047,0.5125990200073032,0.5538836586922081,0.631126363949525,0.7295361248820106,0.8195502469600402,0.8726785806684232,0.8854464731009736,0.8611247051708215,0.7849192753387818,0.5954210164623962,0.2088586539205856,-0.23540669339156034,-0.5025501408228175,-0.6359469106859397,-0.7173681273126298,-0.785924824635558,-0.8434212033240035,-0.8643200313950499,-0.8356920547429217,-0.7749906481976421,-0.7032899648900691,-0.6281016265632793,-0.5566408334459745,-0.4972187398598975,-0.44436752809391433,-0.3816052801819232,-0.30629809012166814,-0.2404494343651827,-0.20028643951205943,-0.19012250881446766,-0.20434843706426875,-0.23417239382998237,-0.2694210632577118,-0.298420732771331,-0.3151935746569917,-0.3211418417077882,-0.3209550565000132,-0.3205960320965298,-0.3339103669007607,-0.37729526112435463,-0.4479996339776544,-0.46498083175169574,-0.3805779086221219,-0.29109753483944295,-0.22839305752991793,-0.1851376175010901,-0.156793577276775,-0.14238639287583013,-0.14430233341896215,-0.157858568613907,-0.16108236203663492,-0.14249210424829117,-0.11434274441347857,-0.08865885568231585,-0.07836035615966588,-0.07966482962454628,-0.07975225937220323,-0.06831717363820373,-0.03383688620145053,0.02326466810223247,0.09617259286525162,0.16941393104686026,0.22782837293019312,0.2647370814479794,0.282295609635558,0.29174295864896527,0.30378777655634587,0.325332627238328,0.35786159850973454,0.4099016772350306,0.4836356257107199,0.5680400545058468,0.6428454734713163,0.6979890445653558,0.7360925529544698,0.7629226444845671,0.7829812590279668,0.7960891104238639,0.800548232706972,0.7985288114856073,0.7907935910203863,0.7675566830289433,0.7076080724993145,0.5831230410496455,0.3823621485892354,0.15982589540782077,-0.005484446812364716,-0.0830017683745984,-0.09648551008874008,-0.07543144584050196,-0.03378743684847637,0.020788083125576617,0.07464679439304263,0.11340080570055817,0.1357421804438914,0.1422884088500054,0.13625377700402946,0.12334372397969641,0.10880539460967077,0.09312533839052167,0.07479254118208614,0.053004152817638844,0.02715240060084915,-0.003827986151811436,-0.03413939604969196,-0.061187254230794706,-0.08640918844140061,-0.1034240250963606,-0.10826562042932292,-0.0978576924522819,-0.06923370747561665,-0.02181704117058066,0.027521263560009473,0.06447452053149694,0.08781336244252991,0.10383611276880376,0.11830837947237277,0.1320775215006523,0.14234569789583762,0.1335154141816996,0.07997543372177063,-0.011760787092551841,-0.07296518783607275,-0.10572521251542434,-0.1336301071306438,-0.17370949394320048,-0.24231752972552517,-0.3630754354760787,-0.5593682056869778,-0.7788560738585262,-0.8811318925813425,-0.8705557970491249,-0.8003788194401612,-0.6911572669610186,-0.5637608815600906,-0.4318273523803834,-0.31421462644016246,-0.21961291913457015,-0.142853337301502,-0.07585377973926283,-0.008728402547649068,0.07245983372419762,0.1873862898056431,0.3410142860931348,0.5050301561319616,0.6382186181931919,0.72919016600797,0.7361039526161111,0.5342135748262054,0.2697270293765968,0.0971030150552133,-0.0383435681866454,-0.2199371799614243,-0.4645233693517226,-0.5957305990996834,-0.652470138355583,-0.7191335438700504,-0.7967404665133889,-0.8655137884707922,-0.908425809458224,-0.9210642656257028,-0.8971915528228177,-0.7990179447669686,-0.5145707784050089,0.008086226206310438,0.3653443209245175,0.48360827649424604,0.49679706927173595,0.47157585203405644,0.43824412872021073,0.4116183526851159,0.39737759313240023,0.3984324755040087,0.41796218324159407,0.45165252744175605,0.4811852152567323,0.4930270422263704,0.486335758849673,0.4628332796058567,0.4251572338551543,0.3730075657856981,0.30734332600845893,0.23777205334174037,0.16855935883445633,0.10462799875937581,0.051633507642736345,0.01101285748857833,-0.02176646487576928,-0.05176024569127702,-0.08243088091395531,-0.11309029531421357,-0.14291916606113714,-0.17507761521082185,-0.20752778323869261,-0.23226126381793272,-0.24505305721711404,-0.24807499570938094,-0.23667059456409018,-0.21183208383196558,-0.18740851284395066,-0.17296419883917216,-0.1662728220127318,-0.15382520995533178,-0.1212829849710967,-0.03309883394403461,0.032071415823655976,0.05838406135936537,0.07334647577382526,0.08626876623851186,0.10230613262949355,0.12251653997675954,0.14453995763935637,0.16528004391693607,0.18597689673084164,0.21150040012284002,0.2253894333278317,0.18068367698802806,0.12088024508059653,0.09268773508656379,0.08871555390503585,0.09716808638047121,0.10880354757735251,0.12161759212082836,0.13850910656624993,0.16327422813947934,0.20268228680278264,0.25786286228752464,0.3125248520210712,0.3416927882131614,0.33914357497014364,0.3315380111870195,0.3566361883211633,0.43723686038722154,0.5084919765833543,0.43434144633010024,0.3376607538872063,0.2814216864816286,0.25224882648014085,0.24130338053292136,0.25098518741742,0.2938735799186541,0.3903848957354756,0.5387399340974063,0.6817428864125121,0.6934501034666258,0.5084725921415849,0.2499631412529103,0.007438676142858391,-0.20359326631488792,-0.38056106806093504,-0.5291940203146567,-0.6607485853310325,-0.7843425948924335,-0.8887985312009432,-0.9433385126580637,-0.93847336549682,-0.8988981342749017,-0.8475945628488362,-0.7894510737090056,-0.7165172612465965,-0.6135845878728995,-0.4522073366945784,-0.20446137519154492,0.09161966300545642,0.32995083992355767,0.4589691678057974,0.49252717532722284,0.4537727101115625,0.36593175942777567,0.2618086470464632,0.1775672362426681,0.13900392922249974,0.15204403573151862,0.1775226168963631,0.16032790061177804,0.11606269564640626,0.0704965517434474,0.03356899660824301,0.008341851939562975,-0.004360183130690086,-0.008746454020696043,-0.0074132831620076205,-0.004060815705067537,-0.0015634692635605005,-0.0018172850805996045,-0.002515937413449824,-0.001602778394570311,0.006113776655431636,0.02724968015264858,0.06922269594361448,0.14999522286273168,0.31017943974297174,0.2471096154332126,0.14822840896575765,0.13916652954958636,0.1794270639995062,0.26366830906079736,0.37391302142281835,0.4547994396096346,0.46997272922921657,0.44109387044889403,0.39275711520938633,0.33644856378086324,0.2766259275893582,0.2102833928056347,0.13877233019687868,0.07275434810874817,0.028659265691811427,0.012481268417406592,0.009552837667208658,0.01554540900034828,0.029622678342390775,0.06995886655368065,0.14179282973413723,0.20397529741277787,0.20809399866094974,0.1604092093119837,0.08798317492149828,0.012214911974640058,-0.04696298906743622,-0.0714036751867242,-0.047295726167919085,0.028520029956052247,0.134072952888183,0.22844232973767287,0.2990192125417242,0.3579390910171842,0.4031728812037867,0.41011848570423687,0.3754670682978412,0.37371982633834416,0.4478261923948636,0.5744676069050517,0.6927217480556062,0.7605362155628014,0.7731472567820156,0.7431382003884905,0.682668477619348,0.5998871499624012,0.4830782452527501,0.3039469924767166,0.12559715135290558,0.014577186410313463,-0.05212454594576498,-0.10637147069836123,-0.16772109987446543,-0.24680109760413893,-0.3395647547729357,-0.43727450376879484,-0.5390289953679406,-0.6445671066973778,-0.7385936969751553,-0.8043236053807196,-0.837232991427444,-0.843844269019775,-0.8358146152557683,-0.8264546838372269,-0.8257602992729755,-0.8361261044586568,-0.8505925248293699,-0.8562165038028118,-0.842975696275006,-0.8004555622265535,-0.7103469309140686,-0.5709400276520002,-0.41294181386244155,-0.2815883591676394,-0.19281897691405325,-0.12879526885695317,-0.0641604024918153,0.022844613859529694,0.1288177183654935,0.2177540533151559,0.2757131831396414,0.31685816132850647,0.3542292337242953,0.4015638416033633,0.4770493410444902,0.602192070700974,0.7464979253978272,0.7424047162578178,0.6119915027511245,0.5050907190262974,0.4364330963273898,0.3899734059726657,0.3573037940297536,0.3355965998279468,0.32305226083158434,0.32080005144225665,0.33066426156941636,0.35523234905411316,0.39617140994278505,0.43849233149318795,0.4429499758206071,0.4097020178937181,0.370898019568809,0.3299862846308085,0.28200169831825384,0.2201780229649409,0.1385490633880064,0.04280907258725914,-0.04714412638825134,-0.10394692443481918,-0.12082915358754029,-0.1153911627179383,-0.10360607772801549,-0.09287242158849157,-0.08253264279834861,-0.053001932464630676,0.032365279055279694,0.20949714511729983,0.30314603799003936,0.29394938406535365,0.2823120375835278,0.2815181983943631,0.2871650568253547,0.2962086491488449,0.29908213153401386,0.26960431186060496,0.176997250401163,0.039291515956242085,-0.07487128006349872,-0.1410489908456591,-0.1785012959512156,-0.20797244512702098,-0.24031076187505052,-0.2788671659126867,-0.3249567540151637,-0.3823347259859813,-0.44902578904668744,-0.5126757847207216,-0.5483415760288497,-0.5499959802703899,-0.5385274733234303,-0.5279821268722487,-0.5260879173333685,-0.5408081829781041,-0.5724474543130373,-0.5982664626027543,-0.5938090001105998,-0.5649957681068036,-0.5401594713615189,-0.534577529041038,-0.5428788044849552,-0.547165381321039,-0.5316987171185641,-0.4969411602524392,-0.45330280506505216,-0.4119909125326581,-0.3759441346222859,-0.34354933661564274,-0.305454984133961,-0.2511334685354631,-0.15668886596359774,-0.0059383387470871,0.16751500964240398,0.29932698850555567,0.3790345733003306,0.42842025232958514,0.4631759972320813,0.4891690875809096,0.4880961187777227,0.43239513546298103,0.3497775449733245,0.2873068115894494,0.25547661064215976,0.24948086228289823,0.2677176454880205,0.3139240196174696,0.3891400232963973,0.47124144786104455,0.5190815958574211,0.5355957888178207,0.5419754133932185,0.5473186806523225,0.556186442280886,0.5716055960815579,0.5928239616411224,0.6173172103391794,0.635382140724578,0.6337957266880391,0.5963920812554933,0.5230936872034634,0.43695165232445904,0.3577621389105135,0.2913219262713451,0.2289200591982782,0.14773137204477263,0.029835057619222824,-0.13007023286541133,-0.2912744768434413,-0.3879236293702369,-0.40831847922812997,-0.395391418067594,-0.3899817177902792,-0.4217557621929396,-0.5239338396809484,-0.7393381388875888,-0.789768835453063,-0.503203861710896,-0.3324122422258419,-0.24506094716908292,-0.19440571356348962,-0.15981267060229715,-0.1350204810884096,-0.11881778831362151,-0.10527501794597274,-0.08842832797381849,-0.06766454236917381,-0.049538476461985344,-0.04295265329522651,-0.052628983026116356,-0.08139955132924427,-0.13917563797683583,-0.21656486853317575,-0.2956159147993093,-0.3603755271976754,-0.3958753838250437,-0.3875046694095708,-0.3350633775370912,-0.24711461312139932,-0.13641828300507158,-0.0067268748812065165,0.1477871513045693,0.30113093436532756,0.40424791679601024,0.45537442125269706,0.47785486892902396,0.4880326044966875,0.49823044539217176,0.5232064718059296,0.5735963952295255,0.649318634687887,0.7474191427185166,0.8425327157167042,0.814879847096854,0.5133598837289769,0.1726622876041861,-0.04394178073503259,-0.17729234257097337,-0.27276423890936674,-0.35551333748256403,-0.42822073493246643,-0.48072215514232497,-0.49004860250646387,-0.4337180715704835,-0.31069574226704494,-0.1771148955498953,-0.0755841136585976,-0.0013784159269962237,0.06397089226374524,0.12268607477502014,0.1622912961772601,0.1735699233795537,0.16550106848838367,0.15988572217869138,0.1802032589022999,0.24210892369311457,0.3464104130613223,0.45797475471751714,0.4974871551043726,0.49324448236505986,0.4977538695042162,0.5205897717760068,0.5613261461077703,0.6116475114908984,0.6580133042909734,0.6902160054240137,0.695854892922116,0.6598118785631184,0.5783929046304783,0.4430754918269105,0.2135165111968952,-0.17962973513675792,-0.5997951738722762,-0.7509027115597907,-0.7364478535695078,-0.6767232374642599,-0.6071980539619153,-0.5368766390012966,-0.46462660177885007,-0.37758607131840644,-0.2541661291809884,-0.08842935657663728,0.08553374202437675,0.23248512759601792,0.33929683986570536,0.3957855892227779,0.3791683491100617,0.24564457213960006,-0.03484177572300082,-0.3373930528396602,-0.5269505098422335,-0.6221675420311245,-0.6717588828318524,-0.7036731431698146,-0.7291085666847382,-0.7482347520481843,-0.7601730186389075,-0.7636619957562801,-0.7580674826829047,-0.7361562359290903,-0.6840273381351211,-0.5873155141840634,-0.4538506219526158,-0.31194545613420926,-0.18600651715697972,-0.08248477311913657,0.024749717681584484,0.0725182702858902,0.07767640336031187,0.08330052376444184,0.09744905303526764,0.12185892874322085,0.15746612117111378,0.20545090910973757,0.26339178036789185,0.3133917135749944,0.33117613688310255,0.3117410393362952,0.2725746881072414,0.2433634111663515,0.2325949742853239,0.23612321840397943,0.25379214343868634,0.29230258727799857,0.3655434460960115,0.45695114910844986,0.48096772004820115,0.4406004643850219,0.3982969187634841,0.3669258495660341,0.34345110232964116,0.32920457797347735,0.3278554025952916,0.3395259625767216,0.357374317463645,0.3692336126621782,0.3657359836710651,0.34979831125516203,0.3318624905353454,0.3217308040923695,0.3200942822418269,0.31863507044631634,0.30777685186613674,0.2843689748625411,0.25085828699148777,0.21255075426385442,0.17419104896397575,0.13879112090099324,0.10636494671644121,0.07415668936094591,0.039557631851909775,0.003422265869174421,-0.03456794216137588,-0.0704632932302026,-0.09735175541600614,-0.1146459362420122,-0.12431334587616648,-0.12486628292773115,-0.11101171866234613,-0.07389152082616818,-0.022635638904491027,0.029787322210321925,0.08328294631024732,0.14202058903085096,0.2134837644787668,0.30583683468165246,0.40738238076690503,0.4952890589570135,0.5423338389915204,0.5302688935057003,0.45008927736931603,0.3097598086730038,0.1389115858332889,-0.022307900713003675,-0.15530050577992977,-0.2572893472693035,-0.3343257163646377,-0.39633067375421205,-0.4534235125101502,-0.5147254165020787,-0.5860530867174333,-0.6742549632814693,-0.7763306377224288,-0.8539740770959663,-0.8559640822811186,-0.7926355313004795,-0.7189759509588686,-0.6729230354006253,-0.6675533510896813,-0.7023983612772353,-0.7691693022023283,-0.8455217035413343,-0.8888918120659028,-0.8567565694573805,-0.7360437440065888,-0.5444508549135566,-0.35198664525165924,-0.19839789067374944,-0.07418865602624533,0.03784446038289538,0.1530799366948405,0.2865131911091839,0.4422708938304661,0.5958256848238306,0.7055967770270825,0.7607723353798925,0.7754240542800759,0.7640188557711015,0.737790559623444,0.7056853669399237,0.672551914760373,0.6378363351887595,0.5994880823427118,0.5583061108800919,0.5141521656424732,0.46421421429483917,0.4112338805248529,0.3625034059354718,0.315228312907977,0.26714029621429475,0.21640831790550674,0.15905072645312276,0.08967783295248469,0.013590798046681623,-0.05452565933710758,-0.09338837243081823,-0.09703362376047112,-0.08238881270148218,-0.06669009878733317,-0.05085560903614633,-0.029982780637678282,-0.013508572755958214,-0.01211633524902507,-0.025808859104673138,-0.05116373374600701,-0.09111376413071759,-0.14919928065557747,-0.2202222552940554,-0.2920477909592706,-0.3553272924712764,-0.4039377269968403,-0.4371760352051992,-0.4570462066516089,-0.47321497768448967,-0.49522762617314503,-0.5247317598317428,-0.550418003375856,-0.5571957234406354,-0.5351636731952641,-0.4857155653424008,-0.41749195838458525,-0.3396563476929629,-0.2575848971661306,-0.178765739784258,-0.11321347912755791,-0.059080286897344104,-0.010139117528951788,0.03873768648431613,0.08125951392762833,0.1079736121717592,0.11322176043632119,0.10184515150267534,0.07315564702843758,0.02639266736332092,-0.01556392262343901,-0.03079946630323934,-0.025264238015286468,-0.0053507580136790515,0.027723698111755582,0.07268918743786269,0.135452333349451,0.2360364585339572,0.38623556001966836,0.3118831004356468,0.17633688803546335,0.10784875058356781,0.06971011715585129,0.05622048732737038,0.06617119261054165,0.09459411258889898,0.12905055835051496,0.155111371939278,0.1698535508988556,0.1963214068799387,0.2540520655334078,0.33202631131377974,0.4016792206643394,0.4384401605872249,0.4424678915025871,0.42965519704073174,0.4201042228617184,0.4210780700956173,0.43167228672825736,0.43869231403994574,0.42849438411577057,0.4005419855016856,0.36913000310007,0.3488700559536438,0.3548469991634487,0.38289428895806704,0.4213490573216086,0.46038031827226494,0.4978431391086438,0.5341180404098094,0.569991957368564,0.6065176569032041,0.6439065768319387,0.6732296606072435,0.6756931439778993,0.5921366577676778,0.2888143946070363,-0.2030461437371478,-0.5484779468578336,-0.7219634971934974,-0.8036056397075776,-0.8392838585963995,-0.854843335736525,-0.8612040360427667,-0.857712350267382,-0.8393199908550129,-0.7966527230989209,-0.7245420057546251,-0.6362557275608364,-0.5515436103565844,-0.46768307607919674,-0.36745361033257645,-0.25633149815325496,-0.15820064360306757,-0.08173584064295857,-0.020107079718526478,0.04018267972582934,0.11351675203620294,0.1522972205090859,0.12570249024214059,0.08484393729821076,0.03784531818577682,-0.013504598607878492,-0.06356454685801963,-0.10360157421898267,-0.12190189432812597,-0.11046046512825905,-0.07688731695278238,-0.02977164158157799,0.03355534012819189,0.11731409723713729,0.21000344638034363,0.27780489568525957,0.3143139279284604,0.3566171997687204,0.43323937022814896,0.5336489370579676,0.614690523688051,0.6406938877844004,0.6019419068439924,0.49422077413893567,0.322573160320197,0.1398670967925345,0.035410375255437665,0.03901232924511558,0.12232066658148871,0.23875041202420608,0.3568862835580193,0.4680300698650527,0.5728135458192052,0.6718634971250841,0.7545788597087089,0.811813168308833,0.8481213115447075,0.8706796008866066,0.8815572996247364,0.8785316208769444,0.8616737185397323,0.8283620652649065,0.7699087998041778,0.6717229532941332,0.5125677749511272,0.27551197414951506,-0.017078089200217656,-0.2875745056039173,-0.4842001794120143,-0.6131797520005206,-0.6933764021030072,-0.7412404089223082,-0.7667847371018764,-0.7752475978295323,-0.7669783838094525,-0.7390795018813154,-0.695199114086974,-0.6496836503946737,-0.6284731187405406,-0.6585095987114963,-0.3386497887165742,0.02610581351840405,0.13137439436949752,0.1765960500244125,0.20126518866790746,0.1961715478420621,0.12427283612538817,0.040812826503008395,-0.004926698767689912,-0.025339969251274533,-0.03441766017689824,-0.03510438027875634,-0.030707972715510005,-0.020701571777380242,-0.005234232340535644,0.02075989843268887,0.05813517889455169,0.08953728225099959,0.08188989467038772,0.0662802650472697,0.05833970848829395,0.05765135200839394,0.06161060667192775,0.06731316501311578,0.07116258835799832,0.06796410765834751,0.05577683373310199,0.035841541455602303,0.012164542954079958,-0.009877171684345692,-0.023724828366711567,-0.029124897039287147,-0.03292288980262572,-0.043566262045905045,-0.07050370069097038,-0.11321689436829512,-0.1490261891955225,-0.1631231257442974,-0.1602715381593236,-0.15597889241863314,-0.1594550383939287,-0.17341153383854416,-0.19083670188378102,-0.1885024817848438,-0.17269948292479448,-0.14963433396321082,-0.11936457510086626,-0.09003250952485808,-0.06455702755614076,-0.039631862134841996,-0.016903849742209102,0.003665981262954425,0.019888277776427994,0.02450267169081498,0.010128673126462876,-0.022502070375388837,-0.07835910042126362,-0.16044787601410368,-0.2537518399686626,-0.31516426308286405,-0.31099717483108863,-0.2604660099137998,-0.18700966187406753,-0.10623014279522591,-0.04408649938921575,-0.021562939400162108,-0.03566198048066082,-0.07295449100873977,-0.10537680272546371,-0.0980271213638626,-0.07396987962433142,-0.05614761611101004,-0.042485449481256016,-0.038190839507720606,-0.05014835340100726,-0.08616110430715139,-0.1347348907624299,-0.15423467098814722,-0.10822189848884842,-0.010492091155685267,0.14271504414057987,0.3194807028048252,0.48220706639612443,0.5986793187287439,0.652646399142014,0.637482285424674,0.5512821137062485,0.40085563801346197,0.22877947755156147,0.11012449605447767,0.06133274594110388,0.04085621699189168,0.015741854912620677,-0.03038093185434753,-0.09802474865021638,-0.17596190565056244,-0.25599642496865693,-0.31841222010467396,-0.3429964675483112,-0.33048669247494916,-0.30382685025557665,-0.28052762534997333,-0.2710596943039431,-0.28649114213031374,-0.34914233423104135,-0.5206228563649266,-0.7431819196184017,-0.48560463131650133,-0.3317346457985833,-0.28466379268221437,-0.2855933050367299,-0.3158035834932537,-0.36478905509272924,-0.42028800982932196,-0.46924291399078927,-0.49626839461781763,-0.4739828581520394,-0.3869637734132889,-0.25572854162720915,-0.12278645928473882,-0.0021834471703450317,0.0928648476765939,0.14495850335198046,0.14245448322627882,0.1085713223738292,0.08046243256322431,0.08678288268156353,0.1161260702067696,0.14637855956661996,0.17171334529910542,0.19296608849712882,0.2112815679554317,0.22869355389765644,0.2559206264671932,0.30461109092760946,0.3610984597657389,0.39676384045995833,0.40689894419588646,0.4044451577796447,0.40393152754411593,0.4180327847550856,0.44876967874358037,0.48586768881731063,0.5140576014108297,0.5229179997588791,0.5111568403431567,0.4875335840582068,0.4564047851901358,0.41406360118799196,0.34074787974118614,0.21882764580489986,0.08449988943597056,-0.016445464620403333,-0.09359988240148015,-0.16795442560723167,-0.2444150738680286,-0.30297699068080486,-0.337340122473482,-0.35952275032325115,-0.36416097233015426,-0.3447815853633376,-0.29446199222145875,-0.20077596951474067,-0.080204964142576,-0.00015829344342914323,0.04205184475786813,0.07391171296014534,0.11259575315077759,0.16969290897746184,0.24810474309714806,0.33122420264620567,0.38342237490233444,0.38573624827146497,0.3335544015007905,0.23966679755119227,0.1401577444911916,0.06355518376335006,0.011884889145310903,-0.02511416657446673,-0.055494182188621635,-0.08352607831817223,-0.10698322580697843,-0.12621166611718762,-0.15096344487982594,-0.19013801918880444,-0.23797537283034031,-0.2474938409567334,-0.21878478560759707,-0.19047930047116918,-0.1690436881341607,-0.14965292711213174,-0.13348569803205965,-0.1214450962754818,-0.11075050366054838,-0.09773450734994882,-0.07816521979453785,-0.035720013753819654,0.03116631559018467,0.10305066479738241,0.17332044696428422,0.23678967090459804,0.2812515353671446,0.2775409116410364,0.21368286541812004,0.12941690426331096,0.051822061159614456,-0.024469077724670607,-0.10365299414020895,-0.19323443883332408,-0.3077551284820214,-0.4339490712309766,-0.5252709000453547,-0.5552245455722219,-0.5304629012704616,-0.46091083170721514,-0.36792513958246137,-0.2909618202818754,-0.2427460851995526,-0.21429221619384395,-0.16330968454425057,-0.024840838059398195,0.11440282770654601,0.20907829210648196,0.29124939167764485,0.3743860936345499,0.458872735474259,0.5355776717847833,0.5958171222737298,0.6343257467992434,0.6520854964952723,0.6521686396700769,0.6349978785187708,0.6009283500174911,0.5453240373661828,0.45130621980609364,0.27312528578228423,-0.09757402986163842,-0.5480946208041678,-0.7296123275554213,-0.7787747526040952,-0.8101383181527892,-0.8425234100421521,-0.8720330139345871,-0.8895585686489694,-0.8917035861190739,-0.8803952290755556,-0.8575070504974307,-0.8223592904194899,-0.7790511554291915,-0.7358355287911211,-0.6738454387540005,-0.5626779918806918,-0.43014829684582123,-0.32116781768564334,-0.24428788584083996,-0.19654843984748982,-0.16837491496307178,-0.14890730057471607,-0.12880580981820697,-0.09921251707989832,-0.04949498577183038,0.040578667585085354,0.20168288281175317,0.4257054288117965,0.6251750910799304,0.7387341641681349,0.7866873781462007,0.7984552119214245,0.7856116238552041,0.7532548781515005,0.7105834511912341,0.6674971448838262,0.6231856217155559,0.5780539181019834,0.5491373789463725,0.5556477167080343,0.6122810523519797,0.6564262445208344,0.45315097474721044,0.2147233797333126,0.06698198686673147,-0.05418676030352077,-0.15932619563335218,-0.19876290233047517,-0.19013279890836135,-0.16810408216331635,-0.1453723411648603,-0.12957270453134023,-0.1279694314070849,-0.14688910970847102,-0.18758038807837657,-0.24235283331742902,-0.2961904447115087,-0.33782759406655344,-0.3628978668578348,-0.3712299097246486,-0.361465148730685,-0.3263303440955903,-0.24563024942723813,-0.12099375521741706,-0.007883377987413624,0.06963433011106818,0.12038495646956747,0.15611725179051417,0.18371285938679738,0.20356995748134865,0.22818276152303577,0.2747983937272438,0.3432400076127179,0.42266892476182605,0.4921924755740888,0.5377826040629847,0.5495761387653163,0.5326577009973994,0.5025303235918009,0.4572158064831898,0.36853460476090705,0.23926522998070054,0.11466435762596322,0.013968076281938455,-0.06767750430593969,-0.1385394920531714,-0.2037736658723085,-0.26146711074294426,-0.3088547950444304,-0.34399494812875553,-0.36563212162431036,-0.3762434356856917,-0.3848883115842118,-0.3820222324219126,-0.3425549341608725,-0.27244547076236614,-0.20708469509347863,-0.1670104345009786,-0.15776329614580986,-0.16933520914736408,-0.17124747596265688,-0.15990672351781013,-0.1609098965309548,-0.17085374362151462,-0.17614795642022008,-0.1669880927994314,-0.1364433706974335,-0.08081074394199898,-0.005717381497123904,0.09147823987624285,0.22336758829296854,0.38728693428826316,0.5233813895503686,0.607430723367769,0.6850902977852341,0.7642817221032004,0.8214670202720469,0.8418118561210601,0.8149068704758861,0.7115503424622812,0.510385188988572,0.2543738423979342,0.005212619882394547,-0.23394007236699518,-0.47651038055140355,-0.6896340184596229,-0.8079342706868201,-0.8480957685935302,-0.8653369377494978,-0.8850486239812861,-0.909035047488675,-0.9286465036415369,-0.9345706528623559,-0.9211165052133429,-0.8760296637384072,-0.7630373611565088,-0.524952392213468,-0.1934025548707644,0.0789542249778115,0.228293294841809,0.29964764205262273,0.35095460703296066,0.41766889085261094,0.5184820076973113,0.6260724693749433,0.6691536561464486,0.6652401856440182,0.6559466375608687,0.6524542609743669,0.6503389962577255,0.6474727769966512,0.6426477469441286,0.6389398629590236,0.6377281165857553,0.6414752535504625,0.6501991422691725,0.652866377812013,0.624860767206231,0.5771795812316282,0.507338403042514,0.3869976700239564,0.23499820571196572,0.12150663239673884,0.06403012049054486,0.04925843722721151,0.06835595253545398,0.11668557185151293,0.18615770793055983,0.25670260429149644,0.3078397595430845,0.3167136475343064,0.26789298155091773,0.18687435404821023,0.11015847834193816,0.04969047047144519,-0.002683586160144756,-0.04378704251502447,-0.0713693349851371,-0.08399741479727045,-0.08234219537998774,-0.06625839607129276,-0.0395961000223853,-0.007463863973105152,0.02973164565960892,0.08608989894692996,0.19232624467602222,0.13553518430543274,0.06233679797424135,0.029371722657769665,0.01029721308304089,-0.0036780746229027558,-0.015306555361580392,-0.025274342037802475,-0.037008451052133115,-0.05556129729114088,-0.08271949463989671,-0.11491628562146274,-0.15072607344786704,-0.19170151313292833,-0.24197845867821796,-0.30100911727898594,-0.3615124682800365,-0.41295660562018405,-0.4459708495717763,-0.46163996214171654,-0.4718448676247974,-0.48724474418175645,-0.5152783030427764,-0.542902469852168,-0.5411686959836989,-0.47679422290584034,-0.34900393065778607,-0.20390581820183987,-0.10090090555702241,-0.0592289019892812,-0.061543314374858785,-0.08712540978037286,-0.13551417619192918,-0.2237426939723188,-0.31950292283635545,-0.3261060981822707,-0.3139755840989357,-0.30354889077037,-0.26612301024506324,-0.1831595781514809,-0.0811158020979391,0.009940193628651936,0.06749014283780921,0.07740187065715785,0.0543663722330264,0.019579197068172356,-0.015806636450980665,-0.05243392609059343,-0.0931851545487471,-0.14127309858168471,-0.1929688686035809,-0.2388168702729551,-0.25627635467217047,-0.22551143156330458,-0.0960220103178143,0.1322506829791692,0.3529292564759334,0.5060399648265207,0.6069991223876333,0.6774682531777545,0.7287416762986394,0.7674801553471261,0.7955601218325123,0.8070218488085072,0.7959442975173194,0.7603517213519536,0.7012421644590741,0.6180183016393421,0.5013800790348172,0.3452106331359711,0.1736817629515042,0.027279911976543846,-0.07176299287805654,-0.1288924660915406,-0.16727110568577921,-0.20779521684219518,-0.2639167452307433,-0.34873628568558995,-0.44672476226470026,-0.48428764459821977,-0.44517251988680484,-0.3871672979198772,-0.33192344763923387,-0.26725830301990267,-0.18182529162692176,-0.08340920902543662,0.009274434004765717,0.08354191474563065,0.14349846896288768,0.19448264160744475,0.25123317286152447,0.3330764693297258,0.4234060382189454,0.46884421221221956,0.4606755792894608,0.43744524504779153,0.4141112078012913,0.36820422476976394,0.2861756071321089,0.19379117849057664,0.10704817403334377,0.018641882644264765,-0.08700979186901897,-0.2232427827800096,-0.393830969510496,-0.5641208479293255,-0.6623050440027511,-0.6663154863366986,-0.6202642217396308,-0.5631404515734023,-0.5070993882436154,-0.4463434172192282,-0.37125960988622964,-0.26919780519212766,-0.12155278897099303,0.07918358380288118,0.31566343553334225,0.5304368914984712,0.6795360944257917,0.7682556185891317,0.8061627806241067,0.7838023423282083,0.6883608369479838,0.5387730294062865,0.3857360144807487,0.26572982606835555,0.18291708681889912,0.12351166618899874,0.06338965613051854,-0.016960396751953686,-0.11211487750068759,-0.19733581743864798,-0.2591935761462643,-0.29927269289142744,-0.31965108957824756,-0.324131664803433,-0.32012133366926554,-0.32420276128448183,-0.34961348374158485,-0.40102707632556683,-0.4685735347345653,-0.5325126000879907,-0.5534538132437486,-0.5319508510569214,-0.5123316696793774,-0.5104151413140718,-0.5199402463336839,-0.5189452274209592,-0.48295433207283356,-0.410360267153901,-0.3271148012689269,-0.2616860808554053,-0.21286692423540152,-0.16663473136035944,-0.11562149308342912,-0.06351041062465909,-0.019386793691013957,0.010519886448480082,0.02377401149046165,0.018943546915707075,-0.019773488987885873,-0.1032016735372612,-0.19900889359060014,-0.25684666012852553,-0.27170420409493873,-0.26616711357362444,-0.25661037693130034,-0.2528722990092488,-0.2549821100268528,-0.25929133647380653,-0.2640685625152214,-0.26864797222281117,-0.26320920998043384,-0.22420421944493826,-0.16041884296276038,-0.09003400370269818,-0.022455649929597407,0.03629917583686302,0.08489659686350437,0.1292449230780141,0.17913003998544716,0.23962410209163418,0.30971541739378167,0.38501329689041996,0.4594745949535165,0.5304831222577941,0.5812972732157503,0.556462765773891,0.4291122500463554,0.2651281373223131,0.10739581280297117,-0.05751905143150658,-0.2857367293842197,-0.5738236670196228,-0.6402223967155012,-0.5490627932006646,-0.46624862039978393,-0.4045617048115209,-0.3594556663214953,-0.32936592791720487,-0.31117532363548644,-0.2988241116176471,-0.2861108816863506,-0.26822320288178475,-0.24323889645871571,-0.207540259281016,-0.15129108812216716,-0.05011446588550662,0.11686637816727513,0.33795264469967135,0.5796262469144225,0.7815384428974432,0.8812678559887518,0.9010240758111856,0.8891086891928522,0.8630372427870818,0.8224320915951464,0.7638691803509392,0.6910391136983141,0.6027976876802096,0.47556260745349194,0.26435875908513307,-0.031589124279848876,-0.336652052828776,-0.6000052882980955,-0.7817327922376901
-0.43032793204877107,-0.48994867483700844,-0.5647311133519524,-0.6497461757444136,-0.7025376826278171,-0.7077581922905247,-0.70601918022947,-0.723574806660649,-0.759101827334258,-0.7950260694775019,-0.8182698183309605,-0.8311224882042216,-0.8425012779807994,-0.8563673931338655,-0.8740534007902004,-0.8863919269561612,-0.8871356650388676,-0.8779876323726061,-0.8672919176136169,-0.8570217057884806,-0.8435295731856993,-0.8269632229841386,-0.815114020445189,-0.811371296419842,-0.8159957760423523,-0.8294627433116784,-0.8381849034476155,-0.820047893867198,-0.7816291564155439,-0.7284020147615354,-0.6328956451587348,-0.40318696341970006,-0.028170216831039374,0.268680386143955,0.4334460842402184,0.5276192621888531,0.5925673236195185,0.648900506170885,0.7095463725860184,0.775324386449631,0.8296472578737595,0.8636132410419044,0.885078935634556,0.9001622838837398,0.9063009736369145,0.8978289512673975,0.8700862928816566,0.8187569031157927,0.749992656284863,0.6764642271287624,0.6084127076417286,0.5540922498714485,0.521265108161081,0.514046049772766,0.5293141018680473,0.5467357392492016,0.5363733570373215,0.49784675469712125,0.47177751838357895,0.47692505351930375,0.5078115697446424,0.5457162722152841,0.5662554547658517,0.5483347078850668,0.4824625345468106,0.3909821340643565,0.3107994628430402,0.24982884753692075,0.1987997815252921,0.15368160223390046,0.11102048438889942,0.06514342113348202,0.009666304699564221,-0.0687166124191469,-0.16127563433921455,-0.22629750519999556,-0.2524482693951446,-0.26750844802799956,-0.28073281961587304,-0.289890298789855,-0.29066351798700946,-0.28729988853397326,-0.2855545057270482,-0.29012265716985297,-0.30349833197793635,-0.3273949129636243,-0.36084241689704816,-0.3950364895317824,-0.4237742856381216,-0.44985281711452874,-0.47858458173084983,-0.5180677470099716,-0.5844779250598902,-0.6837432860578291,-0.779649431414638,-0.780154690008815,-0.6860297699159774,-0.6000166823303069,-0.5543083568254608,-0.5439027311015273,-0.5619909635175362,-0.5936651943680461,-0.6197165347792507,-0.6259124867580952,-0.6123270922486036,-0.5890912586383046,-0.5640338414655651,-0.5312518340832303,-0.4738678846811607,-0.37428911082196764,-0.2544485552105191,-0.1532637289314864,-0.0765334026624273,-0.015134617932181836,0.03734402489339487,0.08554446395067855,0.13462817445376304,0.18302235825204385,0.2213711349261631,0.2470342592166547,0.2719546545602224,0.30424671712390583,0.3355498157322324,0.3647271962529229,0.39143301323874924,0.4146873696634159,0.4434475700702514,0.4866122904213907,0.5498950397838873,0.6173042685136735,0.6619485601568131,0.6813513689319731,0.6785539770072242,0.6475385142856652,0.6033090312254568,0.5751789882197338,0.5759702371092135,0.6104633464521667,0.6731803247133139,0.7293960433159452,0.728194453299387,0.673505268235267,0.595609741543224,0.5051648320448697,0.4114426910302707,0.3294878871824044,0.2753635003724241,0.2550141104286373,0.2515812005391232,0.2342754058260391,0.1780697281120261,0.08756683770303651,-0.006895935526856697,-0.08196443139981277,-0.13768572158041162,-0.1907787578682596,-0.2522584048316714,-0.32861721088478046,-0.4185284421665885,-0.5056662015592075,-0.5601732688692197,-0.5805683890471229,-0.5935900829768226,-0.6120920900249482,-0.621294870388993,-0.5833490709032535,-0.49665183705862326,-0.4075760331142099,-0.34367074697115924,-0.303793743753497,-0.2849493497555579,-0.28235966585111644,-0.28954648513879294,-0.30414447268028233,-0.325810529978789,-0.35752295503717296,-0.40166561439314424,-0.4562382690568279,-0.5075597958076623,-0.5252262105675962,-0.49674409761420757,-0.45073242952849146,-0.4134230612842664,-0.38764755348382,-0.3622575259848017,-0.3286839828667598,-0.29079752933607295,-0.2566570550268281,-0.19126452640243452,-0.07539596116232357,0.04409334942566405,0.12008683400487218,0.1619829504841749,0.19277099689924504,0.22519536137401966,0.2626636949917234,0.308481281724562,0.366265133767742,0.4385550104811262,0.5203784971697075,0.5819221356497901,0.5584611661134503,0.4655635757318611,0.3727817936220178,0.31104960398481335,0.28855855945082637,0.3106013452277302,0.38622802523733946,0.5271866915490742,0.7182629694367823,0.8353063572228268,0.7851647885346376,0.6817903231032082,0.6011196598324132,0.5530229911486413,0.5289983413446174,0.523283289191743,0.5395396571320622,0.5904158577583464,0.6571182631065274,0.6131788232077349,0.457533859659032,0.3354742974836959,0.26108285045121116,0.21669991819576376,0.18403948195381736,0.1475122246591321,0.0931270331472767,0.009760859703704852,-0.08178692635002507,-0.14694191981222637,-0.1845509797416703,-0.211124838902009,-0.2386785726234966,-0.2689707263271756,-0.29956258524810775,-0.3227562738917316,-0.33325129297008343,-0.3334060168372141,-0.3321379993826158,-0.3362528204041656,-0.34736627811728715,-0.3650279791729117,-0.39042368870664584,-0.4262626993784745,-0.47756815650070156,-0.5516278678684394,-0.6436335923353007,-0.7106261010263698,-0.6874896866247765,-0.5850522359808069,-0.4747482485103692,-0.3940279709973993,-0.34780615969688505,-0.3293149056038259,-0.3230815895492471,-0.31319574006594053,-0.28923050600190775,-0.255774880599972,-0.2252730043383945,-0.21701855714702512,-0.2503346658486896,-0.3481659380234482,-0.485826330112465,-0.5250936851305005,-0.4715480848881695,-0.4110221290948049,-0.3551550039327703,-0.28315484958057185,-0.19508105480467894,-0.1235935636268304,-0.08151298544389578,-0.06284617407556332,-0.06612928686935297,-0.09257316457127791,-0.13254272266452047,-0.1420105909295866,-0.08845307457956783,0.013770635114158146,0.1283012452606372,0.23104854828363863,0.31776354923159833,0.39533101543330623,0.4694378695423241,0.5401818748845452,0.6040541788353182,0.6616683128325164,0.7093719866145579,0.7307340513381143,0.6893480666457822,0.5622931847916648,0.39826772238435126,0.2847907470427144,0.24619257535982397,0.2571477701457714,0.2823413489986946,0.2929709488075093,0.29110545075133937,0.3059041924785107,0.36705261883134105,0.50069060090296,0.6299987939238257,0.563745438012696,0.4567916442150303,0.392326718292465,0.3605303258323127,0.34589220080495336,0.32696537866839664,0.27114279833876986,0.18062524246321238,0.09428209059297038,0.030360643194089185,-0.010154125553846826,-0.03756072235215614,-0.06527690467626339,-0.13625290405381435,-0.3423055268659164,-0.10736655733010111,-0.07755912087874633,-0.07548441384876044,-0.08395692146854693,-0.09980358799175734,-0.12691892000381247,-0.1698922375503531,-0.23685049261645902,-0.34857246685817095,-0.5292193940433666,-0.7188692818675186,-0.7741762715091782,-0.7532807495057189,-0.7316010929917557,-0.7091194329104604,-0.6577841119618074,-0.5616257512424799,-0.44514486441758283,-0.34378088064173135,-0.27508046884344606,-0.24112391508808956,-0.239734489021577,-0.27366971745227864,-0.354785381583009,-0.518415308499686,-0.726329843360296,-0.6527108050469319,-0.4852308212118772,-0.3728574563425778,-0.30302660575148793,-0.2716111743941763,-0.26309904788364774,-0.2561207467210742,-0.23930616001597746,-0.2183854165737272,-0.18923581805683223,-0.13206553071477375,-0.0006895093667865858,0.16388114030764064,0.26911441214550297,0.33402524003646566,0.381419898602114,0.4273520730239543,0.5041001030095565,0.6377767414934254,0.7661656651981685,0.7826509079337831,0.751632609790213,0.7389770950989369,0.7551913838912937,0.7974974956760277,0.8422800524284108,0.8296424314805412,0.7519336634249189,0.6686142786505012,0.6099564548751047,0.5666957120237491,0.5197066456003703,0.46307634595394376,0.41397762364920254,0.3871338234333606,0.38813859191560673,0.42220072015741544,0.4790520623677937,0.519449970719998,0.5040181324075269,0.4453351669901143,0.3944169710635793,0.3841106269018023,0.42511395595260537,0.5291554902877609,0.6594089570433892,0.6641672196924221,0.5651145812071785,0.4735498266029046,0.3643470778668732,0.186318939056903,0.0029450743871529466,-0.14047115954693815,-0.2629741385383649,-0.4101995017859978,-0.5993534994746735,-0.7091827413149616,-0.6754123957907057,-0.6315334097069936,-0.619815628859416,-0.6290691084667507,-0.6412953322347086,-0.6491104893266614,-0.6573735679811921,-0.6715602699506124,-0.6966494528493443,-0.7345565960335452,-0.7813478294249548,-0.8212968201924887,-0.828190225706834,-0.7851789542998184,-0.7095620384123825,-0.6359653645987404,-0.5813006084311927,-0.5396761671683106,-0.5010960409048242,-0.4515126356890731,-0.38834087477568136,-0.33157849486896485,-0.29372765953747837,-0.2599038380958283,-0.19995138884382135,-0.1336893959611844,-0.09574028494420606,-0.08384754953624272,-0.08235216078367819,-0.07426087905272975,-0.04776272343912621,0.0013497789011134439,0.07062029610784054,0.15241586954146094,0.2456190622157405,0.35378268377694705,0.46453930540948274,0.5340313759564114,0.5471029014451428,0.5362020596524338,0.5292596092105177,0.5365447736320547,0.5610642297407911,0.5988286872946205,0.6384326260541113,0.670830738262447,0.6897612321119077,0.6880126639451117,0.6631021303104639,0.6224447305472999,0.5755665689657887,0.5317297148324568,0.500602013049865,0.4903494380667807,0.5058645298430539,0.5553763651300222,0.6456978085647653,0.7673821282328147,0.8372646126354852,0.7500458261129657,0.5837106242739677,0.43761995075277993,0.3223357099718865,0.22988958312671,0.15686736139601104,0.09764279378932843,0.04817975269527975,0.0064502772163685645,-0.0279321072668443,-0.05761035739982497,-0.08804099140770716,-0.135696385235794,-0.21704717228895418,-0.32976787419624126,-0.4522736494077958,-0.5249442372755364,-0.45456579258283003,-0.3349163883674289,-0.2657889902308852,-0.24389081731705373,-0.2540860064502272,-0.28642256925740534,-0.3317349810487073,-0.37516493971511344,-0.399648366987435,-0.4016167279608868,-0.3909043292011476,-0.37388881986049555,-0.3506059147241974,-0.3207109968867892,-0.28676387140839316,-0.2574755679464909,-0.24236834835369733,-0.25385978082353683,-0.2988810887759811,-0.36783729736473725,-0.43962413972511794,-0.4965547816831598,-0.5401910758494358,-0.5785627887843989,-0.616111423187234,-0.6401680977446526,-0.6465169914616078,-0.6565248358667845,-0.6870594649266552,-0.7184573779298086,-0.716516529018422,-0.6647778309532162,-0.5799530272391308,-0.4879200191864099,-0.40261977119280207,-0.3281529587124632,-0.26092497923179414,-0.19935991054339675,-0.14268390289223123,-0.07868109768099586,-0.01032343053820534,0.04996044825506277,0.10037309737300593,0.15972206750663134,0.25417263764145476,0.3914625060134359,0.5405078339688806,0.6487935427078434,0.7099314332486236,0.7476557807476217,0.7812270607844671,0.8181786195535444,0.8570771970378959,0.8894576368960319,0.9007631765215056,0.8889900238608814,0.8583909297954538,0.8155171418447688,0.7751371329927516,0.7465392944439162,0.730963981831704,0.7213212375380953,0.7149335075068758,0.7069153787469205,0.6968013393207859,0.6838101708753118,0.6672047868184704,0.6514741429396402,0.6519719304458984,0.6765171116034101,0.7100252250400444,0.7203419782342954,0.685326216345892,0.6225398243281487,0.5427468488231882,0.45494418321608554,0.36265101021640295,0.2638510423237899,0.1525316563679363,0.027118200466612667,-0.10876924706452266,-0.23656626706056125,-0.3390650846687555,-0.40904323390892,-0.45984161390322703,-0.49600537237135944,-0.5098284453199559,-0.4906854136555894,-0.45838370719025934,-0.4394592379161641,-0.437550525771295,-0.44234419006586145,-0.4412832661879841,-0.43002546442348116,-0.4122512869363038,-0.3904636688105504,-0.36541730869471223,-0.3406953544417137,-0.3211272613656103,-0.3123188601493388,-0.31687032634611206,-0.33802900959812765,-0.3811797629052019,-0.4480205331950496,-0.5083486676459015,-0.5162828592741903,-0.4720844159238324,-0.4070647712011112,-0.34035680654557093,-0.2833111244972176,-0.23733398595606287,-0.20061825285613816,-0.17174810299972035,-0.14984214735291684,-0.13262676425751432,-0.11097094331810221,-0.08183566612937598,-0.05767741112847424,-0.037419848421709326,-0.012509138909620241,0.02575085332427282,0.09288015801224729,0.22253568062913975,0.4620316900189635,0.7085709580969359,0.7717609722723181,0.7375332403773748,0.6668402818305144,0.579738244622739,0.5114088445613216,0.4921099670403493,0.5189435853426553,0.5623739866656021,0.5766967280805451,0.5579450767295133,0.5391709235762512,0.5429591617690815,0.5733892471797706,0.6320855094669953,0.7092173469665791,0.7817165125251251,0.837571888309099,0.8764924219763869,0.9008022151514998,0.9030535698031052,0.8683929049531609,0.8016187827209734,0.7271240129804233,0.6584133550828837,0.5998634669470346,0.5399120269419105,0.45196135598491544,0.31037111442081977,0.12731122451794438,-0.034965365040321564,-0.16089294361625614,-0.27887021028455233,-0.40983826435062304,-0.483550209630468,-0.4173103993410724,-0.3225886209268323,-0.25064620896334044,-0.19874934387055243,-0.16595358929834586,-0.1557957101089,-0.17558711228469434,-0.23941978179024018,-0.3761325353188452,-0.5914730116759589,-0.7022639508489843,-0.6780818127622027,-0.6421577293680665,-0.6063392382816897,-0.552861478874961,-0.47064630108499017,-0.38422944518639623,-0.33360418734154884,-0.3407518237970984,-0.4327707224490289,-0.5673944671084783,-0.3348990907797465,-0.1799443628192516,-0.12274060700194743,-0.11116346004763661,-0.1310754683020008,-0.18937601406087531,-0.29068187353155595,-0.3839881512184338,-0.4001837482194997,-0.3730425191093382,-0.34008841909024523,-0.31857295760780774,-0.31611635573852287,-0.3358790181456811,-0.37395913161550454,-0.40745636845791106,-0.4128347354245868,-0.3799839020821438,-0.3154451444584547,-0.23549556760272938,-0.14947695266821504,-0.06316738069991855,0.018575811513165733,0.09377243042606796,0.15893770666555995,0.20613230781568423,0.22067505217735195,0.21026990020079278,0.19856752453952406,0.20097656201457,0.21657001630151343,0.2342993170291189,0.2430277020183781,0.24733644872474125,0.2603916585129748,0.29036407086121196,0.3461010298386023,0.4304277190635293,0.5266562928354976,0.5996533147613933,0.6446803847384207,0.6828914802194452,0.7210008048549955,0.7468787117874203,0.7391027745108482,0.6872044466083986,0.6123174596644392,0.5326330517498404,0.44873179658312273,0.36361999174664533,0.2918310496811234,0.24327966522126548,0.21578178329118478,0.20637378659719882,0.21262109253762665,0.23281751592520883,0.2572289710559609,0.2707718093111356,0.2436081719959356,0.15624033533904394,0.056657728330736054,-0.01607554325076249,-0.065502719485561,-0.09986257093632826,-0.1269753277481943,-0.15286993075870275,-0.1776957323925999,-0.20178499937559724,-0.22945280512255897,-0.26559878054487734,-0.3005122524005859,-0.2984733171121624,-0.276356809219649,-0.28091830892841985,-0.32518236466399364,-0.40538718900046833,-0.4971747995456646,-0.56745100562656,-0.6070412285912719,-0.6250912602800566,-0.6299112485552737,-0.6197394412027197,-0.5899210728650524,-0.5407379217694648,-0.4776444822701029,-0.4035988707631926,-0.3264573070445257,-0.2572611681425398,-0.20906625919281355,-0.1859935509305635,-0.1842423623872602,-0.19183628479620274,-0.18737046293908433,-0.1504466984116947,-0.08470421694834833,-0.015846915332532966,0.044338977245523006,0.10169945654075471,0.1684683320281749,0.25990841270553683,0.3984288226279645,0.596379467840998,0.7767164778675147,0.8275836513062456,0.7896521148388502,0.7387840461379624,0.7043957594483415,0.6800659938015532,0.6495378173285448,0.6067829402005696,0.5613097667581609,0.5253572543447543,0.49998424656423696,0.4815348326410341,0.47340780993622283,0.4829146567479171,0.5171236972621878,0.573367961794918,0.6346272705169391,0.6821290672962241,0.7118176066741007,0.7270829023078491,0.7225439897921376,0.6761507309247965,0.5723380057390571,0.4460985539584916,0.343734968179846,0.2739701471151686,0.23423960354941872,0.21738408397148878,0.21459607751624352,0.21442349124930937,0.20358114750374995,0.17140885119876992,0.12035582528733768,0.053772340615722156,-0.035870030987454275,-0.1459046570430191,-0.2519043690272318,-0.34807835658293385,-0.44351897275765534,-0.5261876510227775,-0.584987970047547,-0.6266576050325453,-0.6618657513667185,-0.6814261781329911,-0.6611926682346303,-0.5981219634293983,-0.5278864199713378,-0.4776431035957478,-0.4531176641047426,-0.4567060131316405,-0.48532917639469736,-0.5360345288212819,-0.6058705719626974,-0.6929813458366333,-0.78491333708351,-0.8484297121199793,-0.860506999308622,-0.840999545896419,-0.826085934441282,-0.8090000013359305,-0.7556230261589101,-0.6630655432709928,-0.5658766048965108,-0.48519338746814794,-0.4174789311131437,-0.35509353912421576,-0.29633750691346417,-0.24513451091915114,-0.1980532986847012,-0.15442170180902137,-0.10678132058493775,-0.057518628830257525,-0.013208388440399893,0.0209159681394837,0.044169342017717564,0.037060463176506235,-0.0014407254916681904,-0.008594540356100045,0.007831802664716439,0.04971355513440902,0.12827789789851882,0.244734812988786,0.3323299317345987,0.36808998861642456,0.3968340781218031,0.4370724646949147,0.48990856330695676,0.5366197162164915,0.5462778093496066,0.5119824284084978,0.4663802172701069,0.4452218197731891,0.45998014328286135,0.5031361646313902,0.5630900065870545,0.6234623013432254,0.6671478322218273,0.6798751497335801,0.6533888918772535,0.6069565101409048,0.571972798130837,0.5588443932009929,0.5434666471600043,0.5116404391110296,0.4796874738210994,0.4646196241780693,0.46506094095093387,0.46752928620461826,0.43202143629811435,0.3438856344243452,0.2543758405512143,0.18351977499329333,0.12311166110369151,0.05950873161547222,-0.023807630651518027,-0.13761252638203847,-0.2389642052374814,-0.2882385512778508,-0.3200723683260537,-0.35242090232221257,-0.3888297406310462,-0.43276952786097717,-0.4861518164827367,-0.5338944283773407,-0.5300528348555825,-0.46457882556225827,-0.38769726656819475,-0.32487850795606465,-0.2740696438888277,-0.23806438254489304,-0.21510018648774207,-0.19886863406564076,-0.18288731093136784,-0.16760741735952212,-0.15518376973540499,-0.14767133094284057,-0.14610956046450832,-0.1541512046759273,-0.17512894501334478,-0.21412617054835204,-0.27702877809416654,-0.3530210296926556,-0.40189084226929883,-0.41296853029259617,-0.4075687767694031,-0.3893378269761636,-0.3428935037320654,-0.26410670312197854,-0.1816886761776727,-0.1136499903306725,-0.05742850859913042,-0.010234241255366145,0.029198987391313026,0.06552925428517523,0.10977972292417708,0.16274308924021189,0.18449950450676517,0.12602268934909616,0.03905734827853796,-0.0331166313343919,-0.09495398395144469,-0.15839854731746403,-0.22412220614279332,-0.2776582386594487,-0.29562335972067333,-0.2519651296682762,-0.1318641209090582,0.055053201236397245,0.25060286642687934,0.393842123087069,0.4555728394096947,0.44815682339288543,0.41303414346249784,0.3717498783445796,0.333274044110794,0.30103855070077407,0.28160261471727,0.2788185282297453,0.2921226941331692,0.32340982361561915,0.3777423228850172,0.46825664479840606,0.5847870194589062,0.6231117620523172,0.5587324568688466,0.4822438308554899,0.4170832098677684,0.353342780234758,0.2910505943655876,0.24928971504435363,0.2492469153272347,0.29636453396922546,0.37717805739391896,0.47711141497462783,0.5788545576558126,0.6456046409704315,0.6459458334700019,0.5660866914320484,0.418886221780102,0.24560981845532384,0.08963971751414891,-0.02946314828641139,-0.10908307598959027,-0.15247415761683977,-0.17528977591548478,-0.19112373388205636,-0.2102043005564027,-0.24308420102171852,-0.2992526192183437,-0.3867357185021345,-0.5058529889518286,-0.6305181481800615,-0.7038743196832955,-0.700357789014291,-0.642948251130939,-0.5477023429907445,-0.43656034329287063,-0.34595718989718394,-0.29148599204419434,-0.2703465885843295,-0.2822968354439545,-0.3225903621935482,-0.32859735309007043,-0.28154031662333706,-0.2560777833281447,-0.25458218061310756,-0.2565756206990268,-0.24329545153071372,-0.20567209369718203,-0.14460146991131131,-0.07386484974916738,-0.010760743304823938,0.039765216916486316,0.09105530462498987,0.1603221772758725,0.264422022719778,0.38988918930816324,0.4872812468012279,0.5351811650959705,0.5528710953456265,0.5612237372897513,0.5674869420938551,0.5708514669110817,0.5709589538613634,0.5683603403070958,0.5731137043233997,0.5948611136273197,0.6448335390577334,0.7253031361375475,0.8198312139734316,0.8802613783152212,0.85720304781519,0.7841007289237553,0.7229987385319201,0.6993811292952141,0.7158087553166821,0.7616620685235685,0.8075583610864664,0.820688888938878,0.7790420357096356,0.695054364948539,0.6142238860558222,0.5700612132614077,0.5452060498804246,0.47181982255863386,0.3552215447107216,0.2604889842195731,0.19316244729336435,0.13603212228153913,0.07700496305437585,0.014888507864549014,-0.03824917348194727,-0.06649943771636646,-0.07620252947429107,-0.08331994856787768,-0.11277994284898656,-0.17241938540851603,-0.25893292840047366,-0.3718842496553535,-0.5161004098675851,-0.6518200217245179,-0.6553302209021235,-0.5559646006992297,-0.47096685646912506,-0.42652666838423525,-0.4189122441282859,-0.44709829304763454,-0.5076638468468052,-0.5882317125747337,-0.6692046578256865,-0.7393977436843813,-0.7946332601971815,-0.8173645867615899,-0.7823457430261558,-0.7133010701202696,-0.6546177497244599,-0.6224367888395493,-0.6105866407834181,-0.6094042399473334,-0.6066630469669871,-0.5887544513968572,-0.5528620954773259,-0.5103818557994761,-0.465852973521125,-0.417957396647708,-0.3667012743886289,-0.309477522700766,-0.24020706408066658,-0.1548939961223959,-0.06088265409939148,0.021570736581927416,0.08581732969880176,0.12959100018497746,0.14578690045157072,0.13448031755211312,0.10993942605863347,0.09230501166668606,0.09731485355951316,0.11935414301090581,0.14554701666329956,0.17696977554918203,0.21635173006343675,0.26390705901383527,0.31706707168431825,0.36870804407903834,0.4116199217089679,0.44252846686645647,0.46276214107777863,0.46550685103644485,0.45268953907899273,0.44223822789629624,0.4475854176481669,0.4745856098292428,0.5183586355858796,0.5593846704786902,0.5749540033602922,0.5570293474816809,0.5281816314229277,0.5176769160385769,0.5388099492301135,0.5819538254298054,0.6224024206344371,0.6369270849798003,0.6191032702884225,0.5833509629430597,0.5419230951964117,0.5127311838940131,0.5030183241601331,0.4930234534245707,0.46024335428654295,0.4127558504408343,0.36860729797063896,0.32883170519281407,0.2885373425031322,0.22562555697205092,0.12490720216044907,-0.004510311250244282,-0.14140615308078422,-0.2784318266056441,-0.4233036669395478,-0.5229898544175262,-0.49834788068099317,-0.42003404880456896,-0.35376435325733785,-0.31350404877884613,-0.2951907327884463,-0.2909085649590555,-0.2936979280211698,-0.2947820507828588,-0.2839969845520622,-0.25603754809412127,-0.2204466219430901,-0.19472045697514218,-0.2006242548331251,-0.26576891335544955,-0.27464005292595844,-0.15641270479080505,-0.11243210109312282,-0.10448373543830548,-0.11435707240807022,-0.13428335775750416,-0.1510358917243104,-0.14765115159786996,-0.12417629982780908,-0.09453570791538275,-0.061951089983386866,-0.026277783758664956,0.010990660720933255,0.05470663051025412,0.09780734038040365,0.11200269350059872,0.08240880528311155,0.06095295495617256,0.07440339106993295,0.12429140048401233,0.1962861322440626,0.24752449665691725,0.25232590126340587,0.23637941628328643,0.2218484182489582,0.21574084451370198,0.20845967454374403,0.18599470336058616,0.14159683909086124,0.08222404727759768,0.02898242917865858,0.008936027394582572,0.025331543288375676,0.07255966812667683,0.14563015247541314,0.21124845686592827,0.21067020154525504,0.174437522492625,0.14261714519149313,0.11531777604731713,0.085193296685313,0.0522160683499378,0.018737436833027754,-0.011683889669962474,-0.036332720909702854,-0.05237088003771031,-0.05374878335694623,-0.024597603223605366,0.046569552129492466,0.15464444264603933,0.26627524221346033,0.3347690850061524,0.3554269479191069,0.35480383532006926,0.3478237598837275,0.3380053833163568,0.3242415950401408,0.31037793342481446,0.3018715836186803,0.3087956354013474,0.3425934073477433,0.4098285177440233,0.44884572709553217,0.3886739291038841,0.32007655487994696,0.2824175699016471,0.26450781890291236,0.25203807165529013,0.23433551549948947,0.2014190981178713,0.15025277980698853,0.08826532667252185,0.022180855796872543,-0.052831614042052194,-0.14025875905826468,-0.2273385631401182,-0.29541607210724624,-0.33518508174354344,-0.3439395319384098,-0.3327315664509459,-0.31961139815608103,-0.30909270818186,-0.2967160028178982,-0.2853938800003391,-0.2825968205189975,-0.2946804809454958,-0.32575290747288194,-0.37824361841607756,-0.4568207503728809,-0.5552037696174916,-0.6109035988912721,-0.552802271879167,-0.4449841179036311,-0.3553190581518058,-0.2946166634688556,-0.2572629157251384,-0.23464546798880928,-0.22381498199651947,-0.22718344886662248,-0.2427981058326329,-0.2588482968241707,-0.24154152111362479,-0.15067876531545066,-0.021661734281978182,0.07904057024757188,0.1377783405005079,0.16690322089080004,0.1808218914480283,0.19045924582800397,0.20233307577927723,0.21784272365987706,0.2380998287840214,0.2627835512189833,0.2833620560902312,0.28735314190869876,0.26199354404336045,0.2117455425954904,0.15846711122598417,0.12341673285053097,0.11461450908515446,0.13566504384101707,0.19926937555702467,0.329789773551791,0.5245246871095902,0.6430227649682341,0.6197828326936514,0.5570671758221709,0.50004405140155,0.4490007704523454,0.4024392647694826,0.35934345174308924,0.3240929648339289,0.29831115217549153,0.27799150917021537,0.26288997565586514,0.2556592381723568,0.2518759555274521,0.24521642845014865,0.22392663261110032,0.18134233394861013,0.12221371823757438,0.06622919734263452,0.030638895848422158,0.01705275120227529,0.0146994204030259,0.010005335968819832,-0.0013353473130799157,-0.021956949227494433,-0.053956739154510186,-0.10937033066337766,-0.20909572852899364,-0.3646951385793604,-0.4667828823273609,-0.45781271084765973,-0.4454429772788652,-0.45649837883021854,-0.48285566249545575,-0.516272516694615,-0.5507731642673861,-0.5869552478717355,-0.6262247421714381,-0.663688610198427,-0.6707007102164861,-0.6471266850388678,-0.6174975242028674,-0.5821295111473417,-0.548693907270915,-0.5210336817582426,-0.4698890490080779,-0.36878488624429434,-0.2623943845155806,-0.18325741793243572,-0.12833737604888762,-0.08723142971159675,-0.055126410397369666,-0.02914011322377997,-0.00946531321643413,0.0013095109696145929,0.006047472836895974,0.012369973247057863,0.025460291467201294,0.04805808269508834,0.0763471410550461,0.09637518319214071,0.1019328981078937,0.0961219732529169,0.09187952765874972,0.10262988804262427,0.13266036125318265,0.17395041691719426,0.21080209128288274,0.23391563153705575,0.25284123023416827,0.27950211103621103,0.32454024617831245,0.39758421029213514,0.4954865289022628,0.5799589964280824,0.6313611233041566,0.6705358600212596,0.7051052168535941,0.7272592163011216,0.7423367834196799,0.7651244352872221,0.7913935578297618,0.7651081357151704,0.6538533797990075,0.5201054318545706,0.4032459875995758,0.3055590310185516,0.22414402871497527,0.16257443357399554,0.12295874447926877,0.09849284837663749,0.07768362212554183,0.05491406322444852,0.030030663689133586,0.006077945759908904,-0.010462979562703116,-0.023921731456573652,-0.05207672816726084,-0.11821850167511466,-0.2670479971472418,-0.5776075532619026,-0.6083126263994657,-0.509965696300393,-0.46978736681519856,-0.44651851472550624,-0.4269781869481224,-0.4121736697711121,-0.4063014987324714,-0.41260984127729483,-0.43782500574670297,-0.48649977363249547,-0.5615300111043958,-0.6591665930318726,-0.7616373328145218,-0.8257394915547577,-0.7983778031793012,-0.6704071570348832,-0.4867688569904225,-0.3106442691137746,-0.18075062660007551,-0.1000905362244633,-0.057300099155605515,-0.03763401605592264,-0.029564145916157043,-0.020576602591114632,-0.011743988260374276,-0.010542429172222145,-0.016630894846832427,-0.022337936641483383,0.0004157633156690328,0.07154062532186482,0.19335084748128664,0.35147259853974655,0.4791504233242755,0.48619694791835516,0.43134139213299977,0.38564384189982914,0.36907856138608924,0.3744913668552513,0.3877049401112504,0.39470214618020355,0.3931277596190776,0.3960773664581923,0.41338898498257354,0.4363767265816807,0.4612614182630188,0.502569008820544,0.5353675052109844,0.49723677842725855,0.43570950490086796,0.3847112794358675,0.3231820128579191,0.2159883140944334,0.025773947101282065,-0.19227498462969334,-0.29480223017381163,-0.3143702491821465,-0.29925638276955113,-0.25776056062507197,-0.17229069657723428,-0.027658659501787128,0.17347336182900255,0.4192566910921071,0.6796449090911404,0.796962267432878,0.7121004783851276,0.5951768511240865,0.5074883965138718,0.4230497791787946,0.32255967983634026,0.20972963635548014,0.10641998685900567,0.027487955521746113,-0.026059338615753574,-0.057813551511162964,-0.06911071692155149,-0.050982669434288495,0.002719473609719105,0.07144385842698295,0.11571854210239324,0.1206779021833197,0.0871950949675714,0.0012976525064131402,-0.15843666957998515,-0.37413509676644696,-0.5825200178495481,-0.7135090959871285,-0.6949569165266195,-0.5905021954772396,-0.510362873662734,-0.4725491156460805,-0.4615477798147368,-0.46130951326969427,-0.45387829461632834,-0.4217792812310519,-0.3546199999544497,-0.2589538628179959,-0.1642753694773012,-0.10707846928513247,-0.10186222693844933,-0.14099721755022415,-0.20088699862175763,-0.25728230190570633,-0.28404253806486374,-0.27008466071816095,-0.23326752645956553,-0.19893195825864804,-0.17743167402056084,-0.16955245936183738,-0.17105246180028383,-0.17426206262213872,-0.17638376585548038,-0.17889323479173885,-0.1794436967272609,-0.17910980693612405,-0.176624359136753,-0.1680047594178864,-0.14443841772475294,-0.10929983191930744,-0.06941068243546279,-0.0234123944865162,0.02952650365002835,0.09623440871495509,0.18061303837104054,0.2768306597152417,0.3735332644351755,0.4642328653343951,0.5448850240741716,0.6126451054985762,0.6567654350918243,0.6709228228272551,0.6631942898100873,0.6529811254102025,0.6550330624590625,0.6768229518903758,0.7189336495714096,0.7710001280035976,0.8119704900958873,0.8139418787212046,0.785995100199928,0.7667314443974274,0.6972552406683302,0.5222982235887422,0.3707754698434058,0.2871375822317813,0.24596320162940719,0.22338980619609836,0.20251622523804688,0.1734977735708813,0.1303829932727212,0.06411305350998178,-0.017154010003241602,-0.09212826780386443,-0.14898443195649932,-0.18291258275224634,-0.20063024265043608,-0.19559259285637176,-0.18831018992672374,-0.1943453660309827,-0.21302134658210545,-0.24389727054309218,-0.2927924598309076,-0.3692524357466419,-0.4721954183397359,-0.5783838607472057,-0.641137141797799,-0.6452143226161002,-0.619773702090596,-0.585794415774087,-0.5411750030368131,-0.4790423806648592,-0.413038447050531,-0.3646546235477242,-0.34510068906493313,-0.3576862939891031,-0.4029325137296513,-0.481152285609295,-0.5775481330573224,-0.6640550075404069,-0.7179493664048842,-0.7497792686703111,-0.7794229705358311,-0.7996906891676183,-0.7604962614348182,-0.6529328323051737,-0.5311502712223259,-0.4311285493571161,-0.3566543525365143,-0.30859694951422006,-0.2834622082210382,-0.2753660785055499,-0.2721686333543688,-0.2542563397203756,-0.20937388970396748,-0.1430403243371412,-0.07301183453665547,-0.011227951670623784,0.03964972409922561,0.0809343823966514,0.12060671343922517,0.16895317010440455,0.22587364656097608,0.25822292999889823,0.24262687811238326,0.21348958891261618,0.19157746652877924,0.1982992596964771,0.2660585373342384,0.45865228467869895,0.5340889406797037,0.4044845672885323,0.34804264974142923,0.3424628535068646,0.37310890359633697,0.439787670236601,0.5391771144911158,0.6492154660597629,0.737778183339596,0.7963515902404453,0.8376163591275929,0.8729919243774025,0.8990071093338984,0.8994955259485885,0.8692017523650575,0.8228315527448096,0.7817629689361137,0.7536460151943393,0.7320055042712109,0.6984755649862436,0.6301184003680946,0.5192889844635963,0.377510870774863,0.22703399656531037,0.09102859042406534,-0.017010807723810695,-0.10484637847619079,-0.17494156752495185,-0.22769888164236488,-0.26742271710440607,-0.2907994964656909,-0.3007609014786417,-0.3037851928449443,-0.31070228572015873,-0.3227733459582892,-0.34624824440754526,-0.38010233281820927,-0.42546363089765543,-0.4820104024547878,-0.5496154460325697,-0.6243488303451763,-0.6825678663069246,-0.667962586627706,-0.5821733979996164,-0.4990717002361546,-0.4459000679769774,-0.41096547815642775,-0.38350864259041373,-0.36739644821144873,-0.3638959877560712,-0.36798162688345143,-0.3661158681451266,-0.3451439349207284,-0.3176925999697946,-0.30659714115750386,-0.33162484339911047,-0.4407692611844707,-0.5712776075103406,-0.16927461553753062,-0.043903165162016526,-0.004210058848929924,-0.0004704083381514167,-0.025425949334014753,-0.08071032652936153,-0.16867201726435604,-0.2769534037675885,-0.3736862006216747,-0.4254087219363538,-0.3972534745502579,-0.2452148025064196,0.024395074203151457,0.3283191386212045,0.6107079653513183,0.8049310261480872,0.8296985660842982,0.7509085915914951,0.6505830416015426,0.5572271775273555,0.4734785866397236,0.4023057795362953,0.35592601720519645,0.3456457251103097,0.3777749017862573,0.459906754282474,0.5737033294318511,0.563810243918971,0.4269915764897972,0.3241193600568291,0.2691167306807201,0.24533508730486636,0.2400088381169653,0.24149210305493796,0.23797747119227103,0.2176704975400695,0.1682737607582201,0.10606047830251726,0.07245268679056598,0.08447340254087937,0.12128882767660128,0.15466416628340515,0.17340130283754074,0.17759729118175777,0.1704641701573549,0.1528707446340576,0.12491542110440337,0.08643415016680839,0.037964318620537806,-0.02371108474063146,-0.09910280184955293,-0.189976136149008,-0.30196861274325143,-0.4235790482674811,-0.44200180673144074,-0.315679235462682,-0.20077335485048778,-0.13353834700645784,-0.10497570654630635,-0.10835921942213438,-0.14073796470490973,-0.18522805034316436,-0.1995729479694827,-0.1770131363867959,-0.13708417075250787,-0.09645207494511801,-0.06277635338839758,-0.03888893309551629,-0.026333120424009863,-0.027449766901502255,-0.04710419046155636,-0.08121830217212672,-0.1141526978556799,-0.13987204761105737,-0.17058521074773855,-0.20903529387013156,-0.2512194947520794,-0.29230165074414033,-0.33177744016879235,-0.36618043279617163,-0.3878450280884837,-0.38138319434292045,-0.33456623332910584,-0.2620157571865708,-0.20318704277871136,-0.19082926474221354,-0.21723503094563762,-0.268010094728664,-0.3412012136755431,-0.4340257008979642,-0.5331425561821961,-0.6156461594192995,-0.6344676756636215,-0.5150903672839573,-0.27355033685269514,-0.020679431076981888,0.19025961818648027,0.367807679261386,0.5158190211132038,0.6115959424135896,0.6534921647456897,0.6673552479351341,0.6685480520231987,0.6614217604868986,0.6574334694794046,0.659877037707386,0.651614655774008,0.6170230689726016,0.5557873125582622,0.4893649662617144,0.4469439196059077,0.4421432182212679,0.4767362882272705,0.5440095695903169,0.6250955627193678,0.6805149282660726,0.6832535663463971,0.6443853014731045,0.5853127840472407,0.5235038960492618,0.4678964700647607,0.41856729695866995,0.3701980414158663,0.3037619361200763,0.2190291306608277,0.13466963897308762,0.0631901395554967,0.011901262203314274,-0.020692402282138075,-0.0389206507764438,-0.05069573264622628,-0.06334005131402114,-0.08056493679179953,-0.10673143061180954,-0.144151704313357,-0.19426322891366168,-0.26162100895023577,-0.35804388768009116,-0.5158510572650812,-0.704255478090121,-0.5703109152547312,-0.35812062243490267,-0.2542772735995498,-0.2114104408863848,-0.20336097580312493,-0.22204084614690578,-0.26576281553036357,-0.3378258899335536,-0.44323766172817597,-0.566463269855089,-0.6530452652591696,-0.6578324864399229,-0.5955922036632012,-0.5121125644520298,-0.45691492077765145,-0.465282055514688,-0.5647729868218117,-0.7271099255374502,-0.611972918631269,-0.3975219957562806,-0.281629103711342,-0.2100938673887727,-0.1482716666692719,-0.08083726143063798,0.0022529714122763353,0.10944935209404129,0.22156309630292312,0.2893922022179025,0.3043108624700841,0.3023799959869381,0.29570085858304584,0.2858354773754567,0.27388836921373516,0.2613899865841718,0.25547069354516994,0.2512135373114664,0.1836838977265695,0.054203200928564885,-0.01438952540094801,-0.03932268053144411,-0.03072321812720106,0.011547409658532026,0.08195367333415758,0.15977621433308045,0.20565803309566533,0.19888743567446004,0.1730381942277063,0.15320681955064172,0.13330637853552796,0.11203692883175564,0.09747226899622727,0.0963653974712782,0.11032430958916468,0.14266376395399785,0.19833406708701481,0.27088838137086885,0.3226286735958552,0.32711677077177365,0.3145341496608465,0.3313251013044619,0.3953648536282105,0.491364115635824,0.5726225066721661,0.5871200498408158,0.5334778286957989,0.4444982615503108,0.34509108706314495,0.2505303420807313,0.16816011637659606,0.09975591894621982,0.042970415515522595,-0.0061642491078702085,-0.055157162672071096,-0.10896445420284633,-0.16633477963334886,-0.21986956666022595,-0.2581685443445734,-0.2811492138159015,-0.2978716983215485,-0.31729231495753657,-0.348283053747471,-0.3962108919753331,-0.4639426021939055,-0.5562808901686487,-0.6749581222695602,-0.7944692046061463,-0.8723468524198574,-0.8964631357487877,-0.8869116981585903,-0.8609203394792393,-0.8242037205888544,-0.7743404995560975,-0.7072923062054611,-0.6143296785436833,-0.4936690346860909,-0.36493228550558277,-0.24916308976645607,-0.15646128925615468,-0.08514809727377733,-0.028725629399607305,0.02120841079765794,0.06908345042133417,0.11314329670973841,0.151094830800995,0.1838851220070802,0.21676556089959506,0.25276734792697564,0.2928205419166989,0.3383945068785108,0.39008093093226137,0.43936164423032326,0.47374753755172383,0.4859175456236828,0.4812400599830852,0.4643168359871099,0.44730046460260586,0.4389865794685315,0.43996338528060297,0.46004792114666454,0.5088897999293964,0.5817669029981256,0.6644043164366058,0.7379745277317918,0.7881426358410177,0.8149225163449365,0.8253276946894359,0.8016161994758145,0.6875319076612382,0.5273076339860606,0.42259272750185495,0.3802922127450729,0.38278731381298275,0.41924954958534977,0.4884919146289789,0.609452035509484,0.7324568945024964,0.38316755359773746,0.11792279807215825,0.03416740152864265,0.034284255547960565,0.0816248052649726,0.14625201316815922,0.19524162922596763,0.21456008112658229,0.2137429406309145,0.20454926605114754,0.19920463501955626,0.2053598990109268,0.22577882314813683,0.25447573282691727,0.27677739774870974,0.281549724739623,0.2679163695105894,0.23817861201674112,0.1883088445485115,0.10271172428459427,-0.028145850398003543,-0.1548333641408375,-0.24098509052584038,-0.30360307068565096,-0.35539591076930277,-0.3994638130037231,-0.43830302266860693,-0.475582359089868,-0.5118518008990159,-0.5458512244396161,-0.5823787810642921,-0.6262665635606094,-0.6656756835608603,-0.6819692906747435,-0.6667576202413504,-0.6316749944081549,-0.5921621829197629,-0.5547667217187687,-0.5210912671228212,-0.4909812940047669,-0.46376666444454107,-0.4421057747881372,-0.4345854831684053,-0.4472915399824938,-0.47777331884875635,-0.5083502294387269,-0.49290497327807553,-0.38812028268902843,-0.2322363676300656,-0.09000002680129983,0.028584025714186716,0.12199548655033804,0.1784366949637693,0.20769881548561314,0.23174465053648405,0.2639274273453683,0.31397654899244226,0.39625969565500324,0.53536471057383,0.7426823538619207,0.8454541277901475,0.7678087079444049,0.7544699296334919,0.7888773503743914,0.7106753385027755,0.6087481569439344,0.5526983993894422,0.5157152846600959,0.48240115403076966,0.45423565480756184,0.4342056427399917,0.42555154200851775,0.43318007240964296,0.4634801268793158,0.5194304022443942,0.5930471497114814,0.6584592178209993,0.6840785039612066,0.6531364074393434,0.5662183531550724,0.4525104218986149,0.35147629155617305,0.27695739411175657,0.2225829245132754,0.18376173342146673,0.16291894350455682,0.1623212547866833,0.17376731058993877,0.1832536946744468,0.17534381766993007,0.14675464990217085,0.10536064910445704,0.06587381060391459,0.032367844713583054,0.0032333162763828953,-0.027066698221173253,-0.06773937171722351,-0.12673307158648886,-0.21468143265532758,-0.33350763843453035,-0.45696824376566053,-0.5320428266083613,-0.5398415181785887,-0.5032923215419953,-0.4519587153690439,-0.4085101952502382,-0.3843982876959721,-0.3804141123660556,-0.38953133295470044,-0.3965191485649079,-0.38933231525337125,-0.37383260436371835,-0.3670179455918613,-0.3761488429759564,-0.39186220053860144,-0.39065657523884095,-0.35831041850136136,-0.3099714440560195,-0.2667835508392882,-0.23539306355720116,-0.2164495100708178,-0.21155608171723225,-0.22396615694850994,-0.25923730614309276,-0.319292517237203,-0.3960118651049005,-0.46414283196913547,-0.48914213637042614,-0.4672088805989578,-0.4113350995379115,-0.33546689832674775,-0.24955998007505448,-0.16185586879510275,-0.07882777133390632,-0.005188318502136601,0.05101051985451176,0.08727166777159936,0.10475822844424183,0.11726881386470986,0.13738256417420788,0.18255442838075858,0.26520233664930354,0.37634329500622365,0.4840783693921329,0.5610369527679123,0.6077948803441561,0.6435509582934542,0.6812948031045659,0.7234964857102166,0.7649923801939583,0.7969483016807767,0.8156673849737128,0.8173836649277492,0.8052394312416792,0.7864190476642997,0.7681514525183655,0.7544793878330153,0.7432657813373026,0.7229731884152326,0.6594134731668944,0.5236573604980591,0.36182249913604647,0.23466648287955466,0.15756478617731465,0.12312968125430132,0.12805948820140922,0.1756352645887085,0.27002688351800314,0.3962699306618035,0.522771219276952,0.612277044080639,0.5607350818545727,0.4023074106046135,0.27009861407258434,0.18088912505815388,0.10904347180016076,0.03491252374873256,-0.05818763307387388,-0.1738616510160895,-0.3071761926439757,-0.4083407095988627,-0.4524265383961815,-0.48316245735762336,-0.5249076489562408,-0.5909509284565156,-0.6857216453916373,-0.7948067085390264,-0.8635332822982397,-0.838995388045637,-0.7455377010671049,-0.6372435401048295,-0.54269110522732,-0.4741727962660735,-0.43378119851981173,-0.41538346584955,-0.40588379441929506,-0.3911358814418263,-0.36723014530550313,-0.34077478351674956,-0.3209436425786506,-0.31898182728346786,-0.3439327996002226,-0.3985320878852616,-0.47750103943676764,-0.5523649469170548,-0.5900990212850925,-0.594767122868988,-0.5566598778619046,-0.4027793689057084,-0.21936799621005612,-0.11563308161119804,-0.06477479082146567,-0.03603977780820639,-0.0035169125263163543,0.05515534666885077,0.12460086934762328,0.1635431012555871,0.1839183467988351,0.21032913137366566,0.25385405957263624,0.3202637814733645,0.4092330498818861,0.4995511730551514,0.5525284003411751,0.5452082523957242,0.4950693756392737,0.4385723685589144,0.40765639868180287,0.40989440030004026,0.4395686279137654,0.483868933682207,0.5373114517633273,0.5930563970504089,0.6476564869005075,0.7043131050991553,0.7657852651940191,0.8002820143801468,0.7633982038830097,0.680470887055572,0.5997442189105122,0.5248643860170494,0.4424528340558922,0.36084501291162135,0.28925264081967456,0.22042231853591804,0.1396615292327442,0.050249069634957656,-0.03853166425373329,-0.10976891814017113,-0.1517541998772427,-0.16649406423280133,-0.16915646754563105,-0.18841360968223983,-0.24988358568608632,-0.33862414722021505,-0.40954069010965644,-0.44301869701191243,-0.4418278001154731,-0.4171778737009518,-0.38533008227782944,-0.36633484951076073,-0.37300811357738806,-0.39873472016071043,-0.42968272169050464,-0.45370199666958755,-0.457828495040153,-0.4318670114546328,-0.38027164510376305,-0.31870740592096114,-0.2773063222584493,-0.26927338402537454,-0.29268468444286977,-0.34333114756280875,-0.40917373067543583,-0.4779020411843913,-0.5336986026151049,-0.5623649297077556,-0.5721049175891062,-0.5866610874204443,-0.6229581790405975,-0.6607296568475332,-0.6547866515761286,-0.5951278890156171,-0.5132205628695664,-0.43281463486253646,-0.3606707985711049,-0.29394874632575485,-0.22775609004662864,-0.16025764440247497,-0.0894383541572157,-0.013881653133844854,0.06138420528517928,0.1234880374863693,0.16606603415911708,0.19331974292379056,0.22105361225596748,0.2577400643103553,0.30157463252338984,0.3416446118308299,0.3864072524051624,0.4522501879375739,0.5356325681443127,0.6196031371265496,0.6822206745895357,0.7058131374007257,0.704460521081494,0.7028452569031968,0.7126476526415347,0.7356756199840615,0.7697850624255665,0.7950239228987024,0.7575497193710651,0.6372272191354925,0.5108231476918662,0.4353505143658837,0.4153447584646511,0.4453106642540621,0.5222637419266785,0.6189876680142444,0.666587928907559,0.6333516721629533,0.5730824619251034,0.5251539607832965,0.4946439176531696,0.4705496443376262,0.43975079576466114,0.3871322082784706,0.31798743355612835,0.24964455875001193,0.19130244625644977,0.1436934400045483,0.10426413399558182,0.07458783306849939,0.05737641951627959,0.04331969039783445,0.017670752984223718,-0.0520716108145356,-0.1960453727565929,-0.35264573494581686,-0.498691943428713,-0.6399960034677733,-0.7206088444036807,-0.6840419490537933,-0.5880107058897871,-0.5014598376931931,-0.4437816026046563,-0.4123377726820585,-0.4061285217672174,-0.4188742729444046,-0.44192407691433216,-0.46772539064129576,-0.48572704866062283,-0.47168188852745396,-0.4152146337328094,-0.35884151487356597,-0.33852846061356084,-0.3648368267042826,-0.4394323938646088,-0.5421307641594859,-0.6207412610454879,-0.6632251900835993,-0.6898831305531837,-0.7073106959009938,-0.706167875788904,-0.6707794846200141,-0.6015369446850214,-0.527958563891288,-0.48177811774497475,-0.4711201166800178,-0.4746522295086341,-0.45936772955692623,-0.4131300757460516,-0.34918269369259575,-0.2751435344805925,-0.19429475242303368,-0.11480823640355461,-0.04078566846789912,0.035254912555729184,0.12252748015845563,0.21410882427879657,0.29843698514551736,0.3773478809902908,0.4561212454518155,0.5420168291219009,0.6391641685829418,0.7289522781079619,0.7716542937854615,0.7527806447827821,0.7058161997403913,0.664766610782222,0.639674426486475,0.6285224110747208,0.6318222616786263,0.6473753444077505,0.6660272795041942,0.6795363164987783,0.6834493858888013,0.6783314706819866,0.6671319713077171,0.6516538404840221,0.6346898971390086,0.6107738399607467,0.575647362780078,0.535976517764035,0.5002644160750983,0.4753294654535794,0.45606260827624817,0.433461244275291,0.4044681646057514,0.3738535404623503,0.35035318818895506,0.33738170507605797,0.317375590324644,0.2300191417084414,-0.03842636836714275,-0.3664205198266564,-0.5179162016354562,-0.5604358223199759,-0.558858070672261,-0.5348408809434463,-0.5017690060381564,-0.4686300504690936,-0.4397109820437829,-0.4157549769664175,-0.40130793282686644,-0.4031086526618166,-0.42685463439395954,-0.47811429798946,-0.5622250377368019,-0.6797083990808773,-0.8021986773768115,-0.8445633622295773,-0.7531540932607343,-0.6119105931844369,-0.49634523548353593,-0.4166673168064545,-0.36478937140709716,-0.32877123174477274,-0.29974862456570983,-0.2733777155077326,-0.24838766748813032,-0.22498634513305316,-0.20748858069516557,-0.19949875193892413,-0.19656393234751546,-0.16991300682689736,-0.09515962137268003,-0.030210687738059,0.008932394194458225,0.03731454558713285,0.06520025229672968,0.09293981060893722,0.11869156274942114,0.14125334698588268,0.15778882670693764,0.16924952797911622,0.18311231074005446,0.20565096477747163,0.2416137900287824,0.29996954269153353,0.3912637700517567,0.5196299516811288,0.6608725583192219,0.7401075883063128,0.7459637383076899,0.7333439208706455,0.7215039954772992,0.713367416045542,0.7107265915331715,0.7190620246371111,0.7410237950362377,0.7677693096130149,0.759087751405311,0.6816444341329857,0.5616271231167641,0.4377256710630456,0.31851624973920106,0.20073923911645597,0.09575785396864074,0.025897138989881364,0.003146889500716842,0.022711356727472515,0.07418108132558571,0.1508692438198982,0.24632423013828286,0.3457962201718679,0.41759124281303744,0.44996269636138886,0.45770208370550486,0.45328332206976685,0.4404649530588911,0.3992904668722482,0.1325705108438919,-0.09435955065677329,-0.18073908646164857,-0.23541447826425185,-0.29530055839112335,-0.37681000915742346,-0.47949290707134956,-0.5963706167636447,-0.7140346111176751,-0.7832186048263681,-0.7735058948141702,-0.744431698547561,-0.7577189069974372,-0.8093169677495016,-0.8387886411145661,-0.8257864745552382,-0.8096398725837992,-0.7851440051982903,-0.725523564694058,-0.6385719804194342,-0.5505559905385329,-0.4739971467189081,-0.41110785234003383,-0.36269719387600036,-0.33581275459159815,-0.3316893459265486,-0.3424761915662194,-0.3476821099555671,-0.32904885963931896,-0.2921905712033183,-0.24994543522624849,-0.21075594300484712,-0.17450241114885656,-0.1460848291080935,-0.12480187655902115,-0.10032371750726027,-0.07177345289364111,-0.03946408534969255,-0.00893665849505419,0.00617221447246411,0.010589029802160881,0.016958297872363477,0.04370959370372671,0.09759607849917348,0.18377891886922373,0.2929636649254795,0.39607761425475174,0.47189052919738467,0.518384102861871,0.5461254815274122,0.5687295681695561,0.598536035649729,0.6447659197637268,0.7163627682026367,0.8227959566439305,0.9333567411281306,0.8867536481058486,0.714263998345834,0.6117371747897283,0.5975704772899755,0.6419270676741595,0.7188294087788539,0.7918241788776605,0.8253087618060879,0.8187486425133482,0.7812942425466763,0.675082896949263,0.5114541274894767,0.37955578534189927,0.3067205655782149,0.2759105221489591,0.2678260599079898,0.2614648010031315,0.24549224055175214,0.2237213424716494,0.20547175432220569,0.19476350160359074,0.19158773469240273,0.1909852701269568,0.16402422692536783,0.09248247609612018,0.019455920245751712,-0.03782767318881272,-0.08834473567891638,-0.13818803078412828,-0.18739736038563215,-0.22866030723062228,-0.26047350376731604,-0.2856697759429632,-0.307857732777312,-0.33198547252121247,-0.3655216301713716,-0.41718692098281634,-0.48724829726315044,-0.5520872801073519,-0.5920514473394155,-0.6147870988130236,-0.6383644374151687,-0.6674741865481467,-0.6944085392667366,-0.705217681811229,-0.6894911044830425,-0.6520850953100796,-0.6042086982483997,-0.5542237382373805,-0.5074142394411775,-0.4723555584468183,-0.46480238354488285,-0.5017587001036548,-0.5801048155516352,-0.6040560971627514,-0.5126334096817214,-0.4171197313285964,-0.3535554315019865,-0.3127697404147897,-0.28380570943136707,-0.26034712348712474,-0.2320598853201982,-0.17668868828073575,-0.07589120474336973,0.027330934545527635,0.09743445558371523,0.13247962477124278,0.14660255860544205,0.15545399482488742,0.17107323568410215,0.19459122428520348,0.2261886853750579,0.2707491809092306,0.3293146481314347,0.39424165454731064,0.44634305895375287,0.4767679483471902,0.4890816190228456,0.4971464285387595,0.508785225339341,0.5260545672967714,0.5511619142544233,0.5826270631512646,0.6158626793716652,0.6384071018934803,0.6383874895075793,0.6136291747953957,0.5732709431241041,0.5268684461448234,0.4806163917885566,0.4380952793747401,0.4022370839937715,0.3763694456969414,0.3723814114059452,0.399386598970157,0.44559554819359726,0.48367031894639306,0.4822449337236971,0.43654890035873567,0.37876549233816,0.3343001778502716,0.310656887674935,0.30116004487490317,0.291010507171621,0.2663927006858669,0.21882925865797767,0.15708792662801985,0.09803673111088933,0.04781606660632905,0.0029765517294434375,-0.040492499749076316,-0.08668134447969503,-0.1429861507819572,-0.21745379535397588,-0.31519398875269133,-0.4209335696065888,-0.4941333847502405,-0.5138095752394606,-0.5072685958716365,-0.5015478174393446,-0.5083909299004399,-0.5359591773083681,-0.581303369806628,-0.6206239412976104,-0.6179407109693625,-0.5848706200942678,-0.5638113812788529,-0.5585477734366568,-0.5566729565474269,-0.5599901515718877,-0.5810321800471021,-0.6326888758626501,-0.7190807083351628,-0.7773398306380791,-0.6279841422738921,-0.41936533748710314,-0.29418833842731673,-0.22828234510167114,-0.19617944514232327,-0.18356596007934506,-0.17948893270815688,-0.16888682007500888,-0.12642771438813522,-0.05722834612061791,-0.0015690787306826795,0.03674972440627445,0.06933966940345937,0.10245819738402535,0.13022656168173868,0.15346356143752962,0.1769167606819352,0.20351127872840236,0.23427649016232124,0.2693759751230591,0.30806330801163734,0.3510368871886667,0.393084161499826,0.42180981015280394,0.4404213269355727,0.4768690393728522,0.5364770239190758,0.5229097518969911,0.4530590435186652,0.4444362668243273,0.5173546625541684,0.6776469933502856,0.7879885338467449,0.6456141459866986,0.46859071207496955,0.34020440077411934,0.24728306684692591,0.184437600050916,0.16242486275462395,0.1938063572578715,0.2894355232294554,0.460687088087794,0.6895107428048148,0.7456233304936154,0.5638819320234353,0.3961665434054924,0.2797719454944665,0.20159181786030914,0.15199317010221358,0.12329339777234159,0.10981821283566258,0.10231008245098938,0.09323557172251475,0.074590515911742,0.03886707168373653,-0.012948800439172162,-0.07516859324196434,-0.1492674230582319,-0.23538393947477917,-0.3296578599084543,-0.4174094633913372,-0.48662577243128113,-0.5371960489509515,-0.569047263038809,-0.5852935693504071,-0.5964285942036384,-0.6084493892333438,-0.6241411505075617,-0.644532886729381,-0.6716208498759343,-0.7077938264554126,-0.757746050229473,-0.8138890121517566,-0.8566622220688416,-0.8786690886108721,-0.882105218346221,-0.8521612807397747,-0.7895247488195796,-0.7321456945532558,-0.7200786519460141,-0.7629707752681575,-0.8302382794407076,-0.8829975200456672,-0.6405618434464638,-0.30455970977029584,-0.14642936794525935,-0.06978677341481561,-0.02134500549460415,0.020748752261786716,0.0699505945806506,0.13249052326308958,0.20975880712044404,0.3121390019821479,0.46821829735728215,0.6826490323685096,0.7758832120401442,0.7047711208319775,0.638048602184576,0.6068356819759554,0.6018371020759486,0.6157487872591576,0.6404098318712534,0.6662970054674141,0.6927980759999385,0.7172135009237056,0.7307870312383753,0.7245688276586846,0.6943126146424881,0.6418659727888855,0.599110085215881,0.6122862500669182,0.7128254358670082,0.8061763559615353,0.6887134259222417,0.5474450341488121,0.4755475286485142,0.4495751118211273,0.4449820858595736,0.44653976089031855,0.4439754171911858,0.42996938753689135,0.3980542831284326,0.3419782792133182,0.25768146481242127,0.171026674649926,0.11289865041396462,0.07650553736581978,0.04860973404083305,0.023438221150596832,0.000860283854207905,-0.025445356740050693,-0.06470186070549301,-0.12053376854006362,-0.18056252589425717,-0.22546363674348355,-0.243635175760983,-0.2387207078575957,-0.22250221311166293,-0.20611665381671224,-0.19492649378649324,-0.18778882181982565,-0.17882534410006956,-0.16473110895204782,-0.1547310528297965,-0.16219560235712693,-0.19166212333538232,-0.24090112133930203,-0.30538317131993853,-0.3843344493449192,-0.48769493786497126,-0.6370022246357873,-0.833447100219545,-0.9507865859512139,-0.901389181379884,-0.8234151459847167,-0.7774266797718768,-0.7518448070404956,-0.7279997221595377,-0.695279274517093,-0.6593818631069142,-0.6301262002666834,-0.6087976880808011,-0.5903030781562568,-0.5684392791489504,-0.5395926934323717,-0.50320786405208,-0.46520731178163593,-0.4372325045477042,-0.4302821687300055,-0.4608019634370122,-0.5156754780982381,-0.16959745800279147,0.030382879438253556,0.10627294817742777,0.15823852733029484,0.22251721672470534,0.3090093670377676,0.3907704759352503,0.43985105397090885,0.4652035856288484,0.48756680385835977,0.5185567325640199,0.5650795063656784,0.6348005600546666,0.7191353543835922,0.7878356967620898,0.8220436047370155,0.8289182226530912,0.8241638767958096,0.8166659298384192,0.8155342304972669,0.830335915776709,0.8477777288057158,0.8263545493939668,0.7799986059509704,0.7613484609806285,0.7749559565462247,0.8055610472684713,0.8356768729479133,0.8630082050330937,0.89753717934442,0.9233224077304647,0.8955818322216058,0.8182398555829671,0.7513509091310011,0.7167583255507678,0.6834050075785292,0.5727812417108624,0.3708453041593277,0.18715320759905205,0.06495024032689657,-0.0118523898198016,-0.05628353596183481,-0.08331453127622229,-0.10764680534641675,-0.13868118709312463,-0.18108634283630698,-0.2444267453951122,-0.32920226558028365,-0.3917042476833605,-0.383498267862184,-0.3512306766189601,-0.33006296308125366,-0.3251079582066807,-0.3384216587727253,-0.3667046327230201,-0.40064473899154057,-0.4328162485247245,-0.45873396966660823,-0.47154884201035324,-0.4651082456190059,-0.43945311535692144,-0.40473426347208624,-0.3723262786139781,-0.35094551005653685,-0.34502143134842544,-0.35043642963463667,-0.36029601933039995,-0.36950477459320513,-0.37810058438226657,-0.3891063047126534,-0.39923828195214134,-0.3991504868800579,-0.37803583596221824,-0.3357334416728545,-0.28669112101632266,-0.24414467419128671,-0.21006365064673016,-0.17888910486529733,-0.13651054671243695,-0.0688194528457842,0.007795499282991844,0.07180353589392165,0.1222559704937933,0.16527113182619452,0.2110907120433395,0.27750100016670476,0.3844988332356154,0.5280652662660688,0.5829026828899544,0.5261141100230259,0.46812754787419153,0.42879521782738966,0.3936905054624479,0.35824170008567263,0.32918188711003077,0.31363242964592186,0.31814604341324615,0.351050174858875,0.4285180032654167,0.5636662271085262,0.7300816762824239,0.8276092760162366,0.8286924530779426,0.8036692349556708,0.7902206593666301,0.7877039209352372,0.7847804957954647,0.7626006108747114,0.7063238437706578,0.620370817116906,0.5295403703027481,0.4545324659908834,0.3903380384582867,0.3223592395839522,0.2316477525764687,0.1037131108759393,-0.07063060932417654,-0.3355076463166556,-0.6972299361068789,-0.7185971807487403,-0.580987524082282,-0.49723901804870896,-0.4574044479702176,-0.4491332059833778,-0.4677477969297085,-0.5111065216118068,-0.5671239796730532,-0.6182198589673865,-0.6438867039875207,-0.6224534944006097,-0.587334447053731,-0.5745031610840672,-0.5938026331179762,-0.640600113713545,-0.703433240142268,-0.7692630118810171,-0.8255880275960843,-0.8538151592294386,-0.8233828890824518,-0.7260467328117296,-0.6186143869807091,-0.5567730374721948,-0.5512065053476293,-0.575894875585985,-0.591251279467776,-0.5741792007673973,-0.5200763691747178,-0.4320070529332793,-0.3324373652975905,-0.24775552735678535,-0.18977751376145716,-0.15623475238875703,-0.1405740943844278,-0.13600269338309168,-0.1333272625615083,-0.1277676392798994,-0.11937936283640489,-0.10113850986837365,-0.06778431217444203,-0.01012166297500538,0.08104940426761675,0.21292456055674183,0.3681740811610815,0.48746016016513005,0.5409662392413092,0.5634854067335491,0.5918704595524881,0.6418399426516371,0.7066902257109832,0.7410262809517691,0.6795531754490466,0.5576026693330386,0.45763611191668985,0.40608422330881166,0.3998795313989692,0.4349232412522056,0.5153501567402508,0.6384585203170132,0.7563365415466352,0.8051579603834088,0.7969504495877736,0.775427284137539,0.7587058458882735,0.7435944788201654,0.7265674195167829,0.707780237497338,0.6899896284548047,0.6732728304564218,0.6474696625614845,0.5981382956079775,0.524770477040852,0.44738360323718446,0.3842229853241125,0.33417463182864904,0.2926092967058589,0.25287770920216124,0.20746654124133207,0.14749718727861566,0.07203784583802424,-0.00509403309666354,-0.06947771883259725,-0.11727310796246125,-0.1546895678461986,-0.19586397894942228,-0.2637141866367812,-0.39294256816283357,-0.4468240656912585,-0.31374196313589575,-0.23866863768570284,-0.21835145045277937,-0.2352572251524834,-0.28559204881335915,-0.36447999082293986,-0.46295937859234115,-0.5626990657738675,-0.6470717412191477,-0.7135747469303663,-0.7699838902666817,-0.8207191827480366,-0.8654874049541015,-0.8967045367131554,-0.9091169106942042,-0.904131444759339,-0.8782451458258916,-0.8250948013932768,-0.7451813718641997,-0.6575778308294243,-0.5860487431902676,-0.5392277150787095,-0.5223041795852991,-0.5424338980256812,-0.5914359513396329,-0.6329343883713477,-0.6274513936648893,-0.5836301884826091,-0.5192155353437409,-0.43650159352876494,-0.3312946681112439,-0.217901614538057,-0.1126036104213212,-0.011934591463634518,0.10894371302652596,0.27974092358542874,0.4996403199436181,0.6037509131384303,0.5397202977752674,0.4504622753419865,0.39032657605794163,0.36295762856983976,0.36449927064203597,0.38239964769339174,0.3986437602549439,0.3941195971592007,0.34074424073785253,0.24236047811796865,0.1452407834824673,0.08189155903894645,0.05348917999151686,0.05876482282895985,0.10560571629958708,0.1967798282697053,0.33505977068504184,0.514100996764247,0.6930492216865529,0.8022039325765971,0.8472006689066256,0.8831339733123095,0.8615158270133122,0.7157332733171166,0.5573370887091693,0.4572129728787404,0.40922860121053356,0.3918487995713093,0.3826913499193571,0.3622065561881045,0.320235734750218,0.2576329618903054,0.1890772167306783,0.1290413212415595,0.08185989367464767,0.042901020145203764,-8.325054058952414e-05,-0.04843667602896993,-0.08017808371908046,-0.1007729421832778,-0.12371960776756565,-0.15631967636415625,-0.20363393093386442,-0.2679322081018068,-0.34642934984112705,-0.42709292194366905,-0.4813201356815112,-0.49847704333220216,-0.5024754515192106,-0.5176869238547457,-0.557523864978726,-0.6285023065352986,-0.7185218889470022,-0.7555931483179364,-0.6664231143290017,-0.5234814804819989,-0.39899000404951757,-0.3089469615799907,-0.2500148282920287,-0.21413682772771464,-0.1927759723705733,-0.1786201000560064,-0.17005118893301716,-0.1680289023013118,-0.1755618943082081,-0.19113616606918649,-0.212807952653174,-0.23669329719871116,-0.2583038478874439,-0.27285463964583484,-0.2798787383460814,-0.2008590900663232,-0.017328224554517095,0.057042415256328055,0.0894342153984379,0.1105478753613784,0.13029987357340117,0.1567160496212761,0.19925143123379682,0.26141374207926277,0.32741411213501403,0.36812473012806524,0.36828809811487134,0.3355531553939212,0.305513943949079,0.29371851618948047,0.2979626390396098,0.3182821944817964,0.3599713399895356,0.42862309604598897,0.48876723030570846,0.4543843961600608,0.3671555760449396,0.3044595968355089,0.27262498310408,0.26023447984789216,0.262928572877454,0.2792505190151118,0.3086318305994489,0.3480062546442385,0.3861368661486724,0.4096673103144939,0.41955223710524453,0.4262469422156794,0.4378744199370827,0.4524398860933388,0.4601988127148222,0.45081144939248546,0.4177097850212794,0.364486700755739,0.2992570367232307,0.23392440998826816,0.17861647995846627,0.13516101801103025,0.09670709503794095,0.056991955159387465,0.01244536415061024,-0.04487938814805267,-0.11390804399394507,-0.18115135280375075,-0.2425106414314084,-0.32171871864890933,-0.4402713095264667,-0.5850755022113504,-0.7036167099277865,-0.759384321400266,-0.7740548415752312,-0.7740103446168561,-0.7721280052428776,-0.7688476339451221,-0.7620333529722075,-0.7457813711913589,-0.7214237040724347,-0.7024467078092181,-0.6964086738912864,-0.6987618576952621,-0.7005118279209753,-0.6982004350334432,-0.6887544161831711,-0.6718736780397354,-0.6425491340980413,-0.594557702311654,-0.5294458582241262,-0.45755173143753947,-0.3920891323281715,-0.3451117501222042,-0.32777839063198994,-0.3471543949311337,-0.38914739315645475,-0.4258363274607685,-0.445929372965435,-0.45238717194747685,-0.45015535281529234,-0.43659123626594054,-0.4013734769978059,-0.3270364456856366,-0.19763038311364461,-0.018002035566983536,0.15983462920458166,0.2731344921872389,0.3042278717594914,0.2910311585175456,0.27782371519658383,0.28029064386841457,0.30489449681037245,0.35522295831648737,0.42708651250715995,0.5064931581475559,0.5660904790378894,0.5871370368781753,0.5825798237213353,0.5759161347203454,0.5786251203253515,0.5904173505278464,0.6076659176194986,0.6300126342805101,0.6578480105129396,0.6885087566097938,0.7177732621412044,0.7432881201266119,0.764025400851055,0.7797646695017457,0.7938953116007711,0.8099721092344752,0.823771949769368,0.8299304810109188,0.8211364897951727,0.7934356611589964,0.7511405924708209,0.7090228169303819,0.6843007755900439,0.6752584172302388,0.6598995123719396,0.6164539899287503,0.5347743084149544,0.41540635934316056,0.2798639493396685,0.1467733984512157,0.01878816024965889,-0.10121989352520715,-0.2076888113473717,-0.2971351085610057,-0.370841212867407,-0.4261036495352021,-0.46259134609183983,-0.48568329069901944,-0.506785429050508,-0.537088139160129,-0.5773838979691425,-0.6177037390076675,-0.6471574733769746,-0.6637603957747964,-0.6704764682943236,-0.6788050092201163,-0.7056707627618759,-0.7577939970710902,-0.8160280495583447,-0.849331103848672,-0.8537626541239838,-0.8475899729201742,-0.8400888183297949,-0.8211351890201479,-0.7706933111497747,-0.6877321973906194,-0.6044841634466059,-0.5536074959341782,-0.5471347686898328,-0.5684932326123278,-0.532080593603381,-0.38875472875323547,-0.24259613741510064,-0.14193304394093734,-0.0729546573601556,-0.019015802438862476,0.030850022052094226,0.08524420382913844,0.15059404844402455,0.21662872968595043,0.1352749908602878,0.053027515891234125,0.028467427962859337,0.03651641943717968,0.07854694716979478,0.1659922009864591,0.3023535787770595,0.45740391618899695,0.5945153451148968,0.6874778920291496,0.7257838257964271,0.7107354885025576,0.6626361814089087,0.6194367623772057,0.6079482103997728,0.6313572879503542,0.6773181769983532,0.7264960593564499,0.7676053032448734,0.7957633550247482,0.8147268131195352,0.8308087818981867,0.8352242770257399,0.8074131893782779,0.7261422410449896,0.5820059590788516,0.4050359344525677,0.25175051943999954,0.1561766559834143,0.11528070064454299,0.10368024076145385,0.10086839649132343,0.09886563560915736,0.09458694093912881,0.08627184245539178,0.07672559296014704,0.06429284139460097,0.03392593544351974,-0.020755807951372864,-0.06993905108094656,-0.10001091733957305,-0.12163672433798695,-0.1424968368504376,-0.16652347899606618,-0.19127473701552003,-0.21554677105015005,-0.2388061529991762,-0.2599957002636791,-0.2772429700488952,-0.2926098533254122,-0.311631794988555,-0.3334824976770774,-0.34492302776662714,-0.3400334284309106,-0.33276616083093613,-0.34059442744757185,-0.37904492204535994,-0.4707864520614141,-0.6154502575112893,-0.6095289000746056,-0.47030735127657153,-0.38280145962497775,-0.34178144369311786,-0.32601205198154576,-0.32326253879327094,-0.3286995031063753,-0.3353566220291757,-0.33023094703015243,-0.3020622870732905,-0.2480010718273664,-0.163234102200019,-0.053698133843442776,0.06498140525137049,0.16326693340853402,0.21755682908438664,0.2456543035240846,0.268332017384641,0.29548611869714164,0.33114804152678023,0.3777198384485264,0.43395993842986985,0.49868547151581355,0.5585933311278115,0.5971965205824921,0.6222910175658392,0.6552122956672112,0.6948952857647372,0.7295430847438257,0.7489314250744473,0.7481655186274222,0.7249725806833566,0.6744113742675468,0.5989047703381983,0.5220057986580284,0.4687819967662667,0.4452307883243454,0.4403106380507338,0.44539691119699837,0.4589359053703829,0.4804529735428087,0.5078188856765499,0.5380685661649967,0.5665527545272462,0.5771830191140005,0.5451456740303171,0.4694566907733092,0.3789611619554239,0.30132824100082206,0.2433185445189947,0.20132982218297804,0.17104473392539712,0.1476037658794189,0.1286678794136512,0.11068154212884143,0.08938714352595949,0.06319614683764344,0.025007469419563683,-0.07100928711260317,-0.24307015434982365,-0.2268911387416891,-0.22658846690137746,-0.25134211920917593,-0.3010823687081699,-0.35909133338161053,-0.33752987926627676,-0.25789647429793916,-0.2082873303388008,-0.19049398124301384,-0.19152436064100456,-0.20047774406737698,-0.2092254825262369,-0.22517022377641108,-0.2645377805344888,-0.34204284236343885,-0.4586634744459817,-0.5165905067466011,-0.42846920319662185,-0.34273987086560054,-0.3001473947169528,-0.2844680615939662,-0.2842581665445861,-0.2918012916799069,-0.3025063851715631,-0.31592722426782166,-0.33659468457345904,-0.3650111006999871,-0.39356807807035793,-0.4099948268874749,-0.4135972852062946,-0.4150195576212165,-0.42087798091162076,-0.4360944117245665,-0.4508173719011715,-0.4553605258967752,-0.44601049372461066,-0.4320855604122219,-0.42435413200791217,-0.4220860620319693,-0.41822719725000496,-0.3465569664591163,-0.08119570307230166,0.2534418767859388,0.4649130680707832,0.5977837283214235,0.688084460262275,0.7432486993717624,0.7688679766101706,0.7728765597975411,0.762256489551392,0.7447724128388495,0.7259312295311284,0.7142618993154242,0.716974692995409,0.7381119057929243,0.7737879845641287,0.8167634874762687,0.8421649077370488,0.7978942396956997,0.6817736880937426,0.5569479087070228,0.4536030973104178,0.3646530428398317,0.29830905122866347,0.27225178032756986,0.2960145434915298,0.37078987442322037,0.43497020612862747,0.3994956544079717,0.32607132443329656,0.24306298418191308,0.11404644622736076,-0.09407017910269903,-0.3437471126036385,-0.5647540259414734,-0.6594369979863485,-0.4494958232426074,-0.12765245033805483,0.046017844181892906,0.10523476698633509,0.10705236043277659,0.07923293070210083,0.0314793958028523,-0.02980822054888007,-0.0993399096584944,-0.18015008523466272,-0.269672803870389,-0.33836401064491656,-0.3657499202567583,-0.37536599795384334,-0.39666881773396023,-0.43755803877679644,-0.48857688160381724,-0.5351393714943304,-0.5794480381181387,-0.6207360970390442,-0.6431267079223227,-0.6388528573573447,-0.6169801615620988,-0.5857558796334542,-0.5458819708137379,-0.4955282427525944,-0.4492858111701303,-0.43424260015653227,-0.4846431440190298,-0.4961280096458443,-0.22824468207534887,-0.11539931048543718,-0.08512356718511539,-0.08785488750485043,-0.10864141889533387,-0.13747884969151253,-0.16775491585350596,-0.1782223735557632,-0.14134247270584765,-0.031037666422419095,0.12477214169324467,0.2643081085867582,0.36373590927596394,0.4428649414697263,0.5129725681552114,0.5812335077619375,0.6440858007402157,0.6855063959335813,0.6977557901349303,0.6915692234915239,0.6760421250679842,0.6656728205765499,0.6762755965234132,0.7152685956820469,0.7713727095885979,0.8125906361843171,0.8222694226430032,0.8061852584739297,0.7661684623509917,0.7109196318875831,0.661751984516727,0.6305761723592093,0.6133159729568523,0.6044177412817597,0.5987225173369553,0.5913975946166081,0.5805745181319338,0.5713522149196053,0.57122039601055,0.5848795093407804,0.60887781661772,0.6277050198818329,0.6062914209352128,0.4891753188526238,0.3160207467856494,0.18238067616984746,0.09247535143455773,0.007114718401464311,-0.11468064937273248,-0.2744187548721818,-0.4342594417178838,-0.5763208403910234,-0.6929184224770913,-0.7720496412010686,-0.8105303396943693,-0.7843070689617238,-0.6679743516209303,-0.5438097196761942,-0.4795713690894584,-0.4706433804711756,-0.4959409513151277,-0.5393177500515536,-0.5865591381558841,-0.6196906567677263,-0.6387613716542,-0.6547477160922754,-0.6642987355337899,-0.654135200596816,-0.6298213953109104,-0.6079391890310526,-0.5944767548274287,-0.5833726295545044,-0.5627550286596747,-0.5273828037137815,-0.4852727823535957,-0.45680311038865,-0.4632360671947173,-0.5179691244607919,-0.5860223746774413,-0.5531446466511584,-0.44850863365098015,-0.36564020393552926,-0.30521299554013426,-0.2581473459780229,-0.2181988580337189,-0.18040177564318718,-0.1436168188566366,-0.10513615011738724,-0.0610642367610341,-0.006039036682373034,0.04680268486135036,0.08468824846150962,0.12322623187419793,0.19107152384237577,0.30874473875491554,0.45719623161772927,0.5585876175084038,0.5747686738596837,0.5604557915173204,0.5546277388374726,0.5713568873002952,0.6152470887495616,0.6712172183178556,0.6999190590660399,0.6734972602098964,0.6123592590193389,0.5452158906004124,0.470288454375238,0.39531479442887957,0.3463514552899097,0.3398572135085949,0.3895621368597671,0.5066499566827358,0.561071138853925,0.4875020915897512,0.44282205316336776,0.4391202718182903,0.455263225764331,0.47545519741255005,0.4834642126213091,0.4772433507920889,0.465943790637018,0.45982366935859126,0.4624960705180363,0.4733641778287465,0.489097943755776,0.5076181691518963,0.5225319092331515,0.5100446425774124,0.3926686830670943,0.11671937318539374,-0.08035689560044794,-0.1547286848119954,-0.17645823769475286,-0.17868075152507593,-0.1728674824138705,-0.1700094666615828,-0.17674084970800222,-0.19567336772092941,-0.222632981350031,-0.2553953507797428,-0.2973706973046196,-0.3639842514873731,-0.46151329277107483,-0.5518811682742382,-0.614418972111015,-0.6798185617999808,-0.755768874490917,-0.814956251869826,-0.8351843046978924,-0.8214325849283569,-0.7910625522102881,-0.7585378567578673,-0.7321711461485069,-0.7154392981962492,-0.7020926517983744,-0.6609007304368656,-0.5780179941310413,-0.4925315731183082,-0.43268314370640487,-0.39783953010599393,-0.3837350944312195,-0.3886224594039502,-0.4066994177155052,-0.4211417458059486,-0.4127256618292442,-0.3787085475795933,-0.3366529201381547,-0.3010004989486102,-0.283854933445596,-0.273270650759306,-0.19745930253926713,-0.12584753345273877,-0.07948888642479972,-0.01519978345835857,0.09013753776868295,0.18485559517230465,0.24047354605790516,0.2781968885788253,0.3092429039189152,0.338519140594805,0.36901877998389687,0.4030471645491583,0.4435817083695667,0.48867254773896557,0.5321062494458927,0.5662023072374002,0.5933909683118882,0.6259153697432469,0.6800913636471606,0.7562025578084315,0.8214522582489223,0.8141736178412453,0.754934055997764,0.7096527426229462,0.7032571540709285,0.7310741599032252,0.7764841773606745,0.7997276008615393,0.7486951244371062,0.6339536430502141,0.5090727889018793,0.40781456340327416,0.33819454131555143,0.2947241596964461,0.2690616892019376,0.2511097141922426,0.2259981943973974,0.1769309999470243,0.09246409937818538,-0.00233500463010118,-0.07352825616871275,-0.11285506650715592,-0.12958235331849216,-0.12902008944150373,-0.11420036507763322,-0.0896976614258742,-0.06447290184134065,-0.05172054104748411,-0.06853013180251709,-0.12160379892033213,-0.20135278448528116,-0.2836367906510106,-0.3329905952897359,-0.34632447479830325,-0.36594928913012376,-0.4281549402821097,-0.5641577454439872,-0.7772317825411837,-0.9388519645330046,-0.9410452269550115,-0.885180478409631,-0.8320466708893915,-0.779284839393275,-0.7054587953714481,-0.5987984685968939,-0.47817278289871734,-0.3788559404386603,-0.31619233684267467,-0.2832493049099966,-0.2580911422073872,-0.22055622453960658,-0.18449806501670626,-0.16208652906021304,-0.14866691056127113,-0.13579338418305126,-0.12104694215893058,-0.098628131981295,-0.06542566343916398,-0.018539558384058515,0.030650303855093198,0.07473024768649063,0.11346374788549746,0.14372858158695864,0.15093078596927317,0.1331729987290515,0.10952458026315276,0.09408408625609305,0.091509558406378,0.09893738628307043,0.1172542444225843,0.15134505028002765,0.21213156005613323,0.31701727608035646,0.4849828563772812,0.687057649481724,0.8153110623494662,0.838116345782322,0.8210259558827098,0.8045989062618243,0.789746907620982,0.7658709393987935,0.7097969084447768,0.5814060787232767,0.42454524675387256,0.33300144155742417,0.3060597960809779,0.3153212623528278,0.3433544811127347,0.3790165285261578,0.4138633594000851,0.4425922480310242,0.4676779888741602,0.4916037137248682,0.5200138110131868,0.5540782627449836,0.5629701298571849,0.5343035268832351,0.46275409781310484,0.3088454169110502,0.10476019363452747,-0.05122144223834502,-0.13185038694783868,-0.15823631392278106,-0.14651825963347245,-0.10827278018327348,-0.05701702657388845,-0.015040262690933396,-0.008681501459384282,-0.054043162740914905,-0.14315851791708878,-0.22554417352024392,-0.27572835206047386,-0.291929943014227,-0.2861709728336206,-0.2654006068314987,-0.2397803762435157,-0.2145122646644633,-0.19183171171590715,-0.16793604463577863,-0.14951571726472362,-0.14828333936075447,-0.18800849279417162,-0.33434423787161227,-0.7744267299298616,-0.6935307419072048,-0.4529401655928851,-0.34372265572796895,-0.27965495817743224,-0.23701675503827113,-0.21039812374889105,-0.19603303886485163,-0.1880391527522672,-0.1788810439794433,-0.1677724468178865,-0.1589246113900239,-0.15553489649468702,-0.15484728585074736,-0.1521327357906517,-0.1412398525128236,-0.11850277863087079,-0.07945469067418325,-0.031306079805542696,0.01685513117985397,0.06510993371992885,0.11154671416538395,0.15787458864457052,0.20439078212408573,0.2629404817705842,0.3420359894573328,0.42982659293819075,0.5003924933220583,0.5380402334380495,0.5428863627600734,0.5305717516104937,0.5294694348891625,0.5662023997626333,0.6501681415496563,0.6374967839603148,0.4593256942379656,0.35802087302501534,0.3475047001625464,0.39575105203382627,0.4668303393229947,0.5348417581024679,0.5953073631993375,0.6356776673882994,0.637025466209066,0.6057994062534663,0.5671690294426435,0.533475414261829,0.5045357444228424,0.4774500778953541,0.44694068470783666,0.4102908087503714,0.3761244319469817,0.3650344171909525,0.38157763235280945,0.3945031262013854,0.3631638218784944,0.3073471959208977,0.2619569524457819,0.23240145486090977,0.20880160033658104,0.1928456735156192,0.1812330657643644,0.16708846434437039,0.14940139393352828,0.1296181832174783,0.10229579955330532,0.06229515119761693,0.009273302287275874,-0.06294095371158656,-0.1560793009320599,-0.2597227158782302,-0.3589814423265658,-0.4417673433224908,-0.5030703842696784,-0.534460865115928,-0.5419513054749081,-0.5564929285731609,-0.6054010943439178,-0.6646189832698259,-0.6477163478493546,-0.5635426742994158,-0.49716387450846933,-0.47448229253653396,-0.492191810300161,-0.5392803402285852,-0.6060550602553925,-0.680400328997691,-0.751554405316963,-0.8186816810853351,-0.872647857092097,-0.9021000844516203,-0.8940132740997165,-0.8226505738166943,-0.6758484008550169,-0.5234334803458395,-0.42162222999207905,-0.35933414104302114,-0.29954922196289313,-0.22531141390438078,-0.14983190648098976,-0.08227069626943277,-0.014368115807480774,0.06752923183794941,0.18197752193852243,0.3404033827754601,0.5178074742321457,0.6359105006105251,0.6537803502838808,0.6160793085673019,0.5741714511786945,0.5502487942217873,0.5477728727742415,0.5603643086372205,0.5766413707742482,0.58455450414723,0.5704140726924938,0.5232065262770464,0.4473664177491732,0.36848829273557004,0.29469013089420176,0.22039222789334065,0.1369899512946166,0.0484375912675134,-0.027781073524726946,-0.0741434163754117,-0.09244707304816205,-0.09061811158878899,-0.07247408305831429,-0.03540461460594162,0.02110328647530357,0.08659501587213819,0.13818225587024202,0.15715905365633967,0.14220279472256175,0.09383791103901643,0.01364242709043645,-0.09343449884232355,-0.21676296479529503,-0.3381495681489441,-0.43588789911420406,-0.4854102538586575,-0.4490468206912914,-0.3057941964743915,-0.12008077542359365,0.026257677331497337,0.11159802242709604,0.14029852605664958,0.1267506158178111,0.09550204803199348,0.06546080620237568,0.04559639534322475,0.03771626985790102,0.02861703552090994,0.006776488043009623,-0.022804605999323425,-0.05193803004326396,-0.07628525133024108,-0.10423773057779062,-0.1569288923294057,-0.25440189310151456,-0.40900608462232013,-0.5905346855605869,-0.6957576140774774,-0.6668305555685073,-0.5711294780652191,-0.47678203465795543,-0.41184145192161026,-0.37911853946527624,-0.36325507315764394,-0.33028181474145185,-0.2584180314245176,-0.1515816851250411,-0.027936980104705054,0.08231110110032384,0.15053730245551603,0.18936023749176506,0.21791549965460302,0.24602402611056906,0.2749386911345687,0.3006317791618924,0.3233252466505193,0.34735921226668715,0.38150695170907306,0.42714685545097847,0.48628055542662324,0.5618410008443592,0.6504830952872794,0.708164966434478,0.6808005485651922,0.6011378936630855,0.5216499172176519,0.4646542757013046,0.4146165199880505,0.29016978430816254,0.08958472843392053,-0.01671060674958544,-0.05390091460972842,-0.06789136116454718,-0.07657483836983886,-0.08584694472436595,-0.09686234105199168,-0.10966456918585149,-0.12835179250607825,-0.15882265939896947,-0.2076381622847847,-0.28386873692188125,-0.39386835454927893,-0.5269369022818818,-0.6247038413430833,-0.6335798291910759,-0.5504476051859862,-0.3913564873599527,-0.21449172307319547,-0.07847187564820043,0.008148306905718302,0.06039653995229564,0.09071896292829416,0.10988109940717886,0.12360829827898782,0.13912484769880126,0.1632734233626661,0.19365293064411657,0.21264355257869383,0.20867787388114742,0.17799051046572834,0.11374912620581648
0.42382721068701124,0.43412845648333576,0.3772764810413549,0.25047684731220754,0.09041169547319523,-0.023015071694489058,-0.0635659367582544,-0.04955965598405458,-0.006754483498858285,0.04970953464468258,0.10354708766540026,0.14232797029585,0.1523710507514083,0.12285778011028162,0.04552940337090115,-0.06535671654307602,-0.1722051218963215,-0.25287058156223796,-0.3076108633188709,-0.3484029684774913,-0.38301565611051874,-0.40299472831916777,-0.3924468123596925,-0.3434089768948308,-0.26544568084619385,-0.18563727627026863,-0.13326066427345926,-0.10469101227348691,-0.06952636981339841,0.0013109463602605086,0.15406816932012748,0.41815809703031287,0.6617363348440545,0.7350885248163916,0.7189240595646653,0.6770169792684078,0.6246624204315966,0.5643018379412308,0.4873654575636341,0.3857416951003654,0.27541075916766056,0.19187072437892616,0.158375793569587,0.17516572331202326,0.22707762971434364,0.2887518484529142,0.3453823924329459,0.3933258873627397,0.4310299238249441,0.45520438988160594,0.46154063811912643,0.44929819283183686,0.4161205322410731,0.3510298077242929,0.23266144185374318,0.046851991469260154,-0.16904823124932536,-0.3207201611584589,-0.3627086405673074,-0.3151087286407435,-0.22078279947757404,-0.13283523787717486,-0.10534607887737596,-0.17980521920216075,-0.33632338876766843,-0.4872791401410674,-0.5689924324259716,-0.5765190016673597,-0.5347687375264142,-0.47493986867850785,-0.42003150873800693,-0.3811404135169688,-0.36148163542460815,-0.35403515370260513,-0.3450140184842017,-0.32999022622740753,-0.3259658033967992,-0.34257918106960933,-0.38045621187884054,-0.43363507097089954,-0.48555643797862935,-0.5128226301296233,-0.4976261650239541,-0.4316608510424367,-0.310610310639125,-0.12830809597358234,0.11006339638686813,0.35759556958563343,0.5548558799663159,0.6822299115696896,0.7498380930453309,0.7684442639887918,0.7358684507286574,0.6260795264885148,0.3843996941067881,0.02074943140305299,-0.2855991881799358,-0.4631782301545975,-0.5536916268169148,-0.5811910180314611,-0.5468895910078593,-0.44781918855789454,-0.2961801971046641,-0.13044987541773748,0.011226061636629113,0.11446945105115168,0.20220464924424691,0.2922737146492047,0.36609105077477916,0.38303420578658315,0.3655462186284333,0.36052418994757635,0.3725969275089525,0.3874047060877062,0.3938382918967181,0.38668103111946284,0.3682324579715308,0.33383632050027845,0.2711396592477842,0.1788385147066457,0.07543086187570372,-0.004507859355204063,-0.032262964853352026,-0.017536152149680448,0.015664206672365063,0.05319387950734773,0.0888519440584347,0.11374989156255765,0.12372729071137835,0.12034561333066589,0.10786623142737324,0.09559747995315646,0.08463389602989446,0.07051305437340782,0.04723160937658129,0.017586263814695646,-0.014094940170715125,-0.04674920206752744,-0.07845064359054017,-0.10420152698602617,-0.11842276416919499,-0.1318435334264791,-0.1660887193649124,-0.21776327156587888,-0.2739716270111407,-0.3215954648995357,-0.3415714537404932,-0.32813167966363666,-0.26960886112849064,-0.17816688345408033,-0.09520593222191251,-0.0728388838876438,-0.12671389245930748,-0.22244769745263493,-0.3085153118834157,-0.36421792715630624,-0.39265190124775007,-0.4044647972765138,-0.401241911412491,-0.37896203016799446,-0.34898969275454655,-0.32988307817007745,-0.33855021926335904,-0.3853143601114803,-0.46663967955797153,-0.5412463826512196,-0.5420599763756357,-0.46755324207432897,-0.3519018646185359,-0.2256632219438926,-0.10529712290332643,0.004101817600042704,0.09708018659073929,0.1725957754755943,0.23570433080366557,0.287422821173829,0.3163283500296463,0.3035893142478322,0.22515368200341812,0.08490684638936873,-0.056950527565951016,-0.13458959553594108,-0.1266294217363709,-0.018039292447930497,0.19585034111386643,0.448645721759599,0.6574070181043318,0.8102900259260196,0.9106616503516693,0.9370114437145715,0.8719310247711555,0.7630465344273655,0.6767104618828025,0.6296463371993783,0.6100022578187164,0.6053208620068814,0.599930554155361,0.5705383336491782,0.48911350598260983,0.31437992511819096,0.0035181780338611915,-0.37212547327083223,-0.6450760546681527,-0.7892634833240708,-0.8569774972243548,-0.8846991594218355,-0.8922564658484816,-0.8797814967432779,-0.8088053688941479,-0.5836439134857216,-0.16334687023526825,0.22546600919361248,0.4442143003372245,0.5578409241689246,0.6273343896420484,0.6807625221975783,0.722098605479172,0.7362227875910735,0.6812590138884451,0.45047460646357107,-0.022981947856332573,-0.4204631673921101,-0.6178487302762995,-0.7063922934756951,-0.7368605378298574,-0.7267617585031643,-0.6699480517930025,-0.5355010922456639,-0.28946940833735213,0.0072155354820089114,0.22204518279367025,0.32720683884231755,0.3503870898929057,0.3114484906580914,0.22620303263229824,0.11178399846753073,-0.012359705305407363,-0.13025254753847973,-0.2382942765554003,-0.333288433893858,-0.41150154037913483,-0.4733638317411273,-0.5238300391240698,-0.566643514730451,-0.6041411132234346,-0.6379301524566293,-0.6507236077835958,-0.597347087341669,-0.42521559400029457,-0.14502139709943754,0.11885119547242158,0.3011981214394492,0.4220619399939827,0.5144872672248922,0.6002678508155649,0.6778062953822463,0.7379693861563724,0.7808628332780914,0.811129852961719,0.8304220751252952,0.8322780725329022,0.7968049066531442,0.665795722456237,0.32705161831421403,-0.12143687960482318,-0.3714049852796938,-0.44972214021755474,-0.45798425859166847,-0.44202091303464897,-0.4219018410806148,-0.3987643140861762,-0.3654165463509582,-0.3187246189638826,-0.2524293472604867,-0.14914258874186434,0.01957430088371048,0.2392904914246632,0.4159746626859827,0.5017241952804612,0.505418561414405,0.4452726531090924,0.3509203178212095,0.2572910598679094,0.20286249784277563,0.19891795708766546,0.229807099876276,0.2689303018676063,0.28094499044504656,0.23701756198618246,0.1324020111919783,0.002325187966024548,-0.10940793739359203,-0.18994381823726503,-0.25342846819775855,-0.3245805675438275,-0.4106113758969232,-0.4954334849922279,-0.5456978010919594,-0.5562997553380573,-0.5360187790780382,-0.4580399319495518,-0.21998216402204074,0.07079442960137579,0.21692611233508005,0.27343654117090144,0.2825301330068214,0.2450711154463128,0.13221125949378443,-0.06631237438788867,-0.2679029182248742,-0.3912786492068255,-0.43570636969017706,-0.4308681444642552,-0.4023890947926236,-0.36105570775589024,-0.29000997105963733,0.2583306257505946,0.28561923517138127,0.2408883507475656,0.20016100890215116,0.16615658301340364,0.14378840636998264,0.1405505446509953,0.16661218911787337,0.22765045506238274,0.31564469001055484,0.38838493978695765,0.35607562107221724,0.21682721253882897,0.11855809452520873,0.10745314407411745,0.18679685599249254,0.34592109406524507,0.5333974412323867,0.685033280278495,0.7795806534513918,0.8258548695356379,0.8383135725292733,0.8245094137730818,0.7834246711750109,0.7047292548146681,0.5261269625217366,0.08137637039385327,-0.36322310781827655,-0.4520576815427842,-0.4031193530437294,-0.3724319665180458,-0.4471278738230281,-0.6312711490727158,-0.8245607335168373,-0.9341198986593747,-0.9637484793451425,-0.9362043359711292,-0.8142593356360751,-0.46718890472043567,-0.018074172985593447,0.18280720437439604,0.17774186340130094,0.07068842695047275,-0.051896509615490714,-0.11310515046709559,-0.04052042451157569,0.18642013305447272,0.4151612966960707,0.5330224716013958,0.5727240583646906,0.5674175341346154,0.5214251605971709,0.41646629505110266,0.25888434476835265,0.11819287911376611,0.04799600669471529,0.051497247388203445,0.11743942565496787,0.2149060006103407,0.28445109872096747,0.27199937150232406,0.16887436160405056,0.01509652708175037,-0.12048155242155072,-0.18402984657433938,-0.18785737604412003,-0.18582695830726548,-0.19687689684030754,-0.21165040506098745,-0.21866584197554648,-0.20010993153935758,-0.1287091818630997,0.03742353529232734,0.2360629073939437,0.32841623041835627,0.3215348606826419,0.21275471851616884,-0.005737049721934161,-0.21552623278545166,-0.36481319739615364,-0.482605629822624,-0.5628199632634385,-0.5417026738242979,-0.31938216335639125,-0.060008074683469644,0.0699128673358847,0.09176135519393831,0.04469694726940363,-0.023596824661924306,-0.0657944048204226,-0.0621254341536075,-0.029860728749245224,0.010128888390480253,0.05300994355004789,0.10904521362458237,0.18772873672542673,0.2868280765049434,0.38800245189161214,0.46632269733143317,0.5165537273365836,0.5456537251102128,0.5498968320510096,0.5124422521973949,0.4117396586861297,0.24331929987346532,0.02716181024759236,-0.22829529505062765,-0.5196197199654481,-0.7325725676901635,-0.7563064352756658,-0.6940514913618201,-0.6324208617580466,-0.5901717767214284,-0.5600054477864594,-0.531129203982637,-0.5046666351207075,-0.4930876055080854,-0.49546082741824293,-0.48137532226926033,-0.40466210651621837,-0.22954378657334176,0.011842562749413085,0.22073140153872753,0.35223609023032476,0.4208702552483931,0.4537215330802966,0.4667589765150736,0.4677403594799741,0.464823981128875,0.46704051591109713,0.4814204461398415,0.5052607354826032,0.5258048416786973,0.5323881554505302,0.5235726220799646,0.5104641146016615,0.503110185710322,0.5007416792966156,0.49231303252610575,0.46658177009037455,0.4183229742521164,0.3454772787546425,0.2507672391665211,0.16174502445444866,0.11115440178516967,0.09667519786885016,0.10380807784360603,0.12350758776190492,0.14689137436813926,0.16871425616046487,0.19350282731543816,0.23645517922859913,0.3082267350348811,0.411408395690498,0.5395005594104721,0.6760129318942534,0.77343320446945,0.7561011637184138,0.5625374510214287,0.11975319958381568,-0.41330893502825716,-0.7086138428835848,-0.8218460684538391,-0.86008039022186,-0.8626307636024994,-0.8385235705565992,-0.7852578559843092,-0.700392736692325,-0.594394148979181,-0.489827338335226,-0.40181082161773857,-0.3228646166435826,-0.22840834035057855,-0.11216054202364532,0.017043170447518772,0.14353393948453705,0.25096118430847847,0.3282217847287765,0.3684720919856996,0.36988009197837823,0.3517256757637088,0.3493603173165544,0.36550821892283986,0.3576977087713925,0.2669284925130649,0.07785162380693997,-0.13719209558134007,-0.28711763561365533,-0.34846367695888514,-0.35842841008348747,-0.3720353728826999,-0.41647733291045674,-0.4755136640327795,-0.527079205732771,-0.5615206268203143,-0.570492961514634,-0.5438129573393596,-0.4645504278327738,-0.3155381837364771,-0.09949094323574842,0.12849442628186142,0.30388822065697274,0.41569346337939783,0.4907588746375979,0.5456679635905484,0.576916645673285,0.5648518526648696,0.5101786245504427,0.44593109739574543,0.3858644457155499,0.32708813443659146,0.26235878260483153,0.1915191486510179,0.11884640545703329,0.04531008082613828,-0.026996860914708827,-0.08632717568518902,-0.11524215519864157,-0.1103382966020946,-0.08341727131330254,-0.040790026615321634,0.012367372730317868,0.06412536087372696,0.09716190675290133,0.09210652816521817,0.04439495597144538,-0.03798144621197125,-0.11691177661587845,-0.14064563830818969,-0.07950466938505237,0.06672701522077151,0.25618152323844784,0.41937931948474255,0.5262590683565606,0.5923604360512665,0.6208495026546785,0.6211298730306449,0.5961239142108101,0.5600783540391171,0.5246100579454992,0.49896403440833603,0.4744777489016799,0.44071171169003265,0.4058865884309725,0.3740537946240139,0.32633601645731913,0.24292431508989304,0.1348863250981073,0.03692921660414454,-0.027116909767976104,-0.05634561899165033,-0.06059296058454989,-0.04824254478994663,-0.025004330202380975,0.005852328032029347,0.04701447518883879,0.09863599149030211,0.16115048152651296,0.23090048173457717,0.3022107491074545,0.3710489868228106,0.43374686454232336,0.5023761958513696,0.5846814698130476,0.6510863140553755,0.628526642830988,0.5063085394803449,0.31254229235800574,0.0794899615966903,-0.14736574609001893,-0.3423065546976768,-0.5009919159928271,-0.6340157903525702,-0.7563217347515545,-0.8748458059569999,-0.9537301644752054,-0.9451644783127302,-0.8908373880854219,-0.8493176045989688,-0.8348996416871146,-0.8433600220116934,-0.8646183319949754,-0.8725526417038248,-0.7793006742171436,-0.4755158654559741,-0.1999592843650324,-0.1302969474492985,-0.20853149563867793,-0.3389477298208155,-0.42806906287848456,-0.42883837957018534,-0.3200588937651641,-0.08531017706945462,0.2085789885961087,0.44624184742927164,0.588537825178652,0.6560207860541255,0.670042256673622,0.63781092755702,0.5652637600326547,0.471377992466277,0.3831431169586736,0.32211476247096177,0.28914642365021226,0.2779102430206621,0.2737672562391085,0.260599874868192,0.2401285056378903,0.20949951021190474,0.15246916848976422,0.04765126451367676,-0.10600728657113592,-0.27927133356136596,-0.39896529041844625,-0.4206547181808368,-0.3480606907061156,-0.1772132804246222,0.14409318860141038,0.5697064121547657,0.8012798420778151,0.8627757846711497,0.8917104452739509,0.9146795424210509,0.9233490051298893,0.9055332476699486,0.8466698189471361,0.7290530403063906,0.5056494598490956,0.09638577847810931,-0.32044093778232097,-0.4672138997151117,-0.46224373250548356,-0.4102813075468743,-0.352606028379129,-0.30678356904720044,-0.27098422407281475,-0.23475227372104462,-0.16956880953239847,0.004458030206621133,0.49172545383003574,0.7091648155142287,0.6710302347367175,0.6473530486988726,0.6399290758096747,0.6475215856031143,0.6767342507541286,0.7249578574533899,0.7380315073941219,0.7067811061149966,0.6899379296746895,0.6564981096153494,0.566966813115172,0.4284203152125661,0.2770278455695068,0.13595679051046766,0.004834678392441536,-0.12765400276702654,-0.26382981456725546,-0.4043808601335215,-0.5501314808033605,-0.6909522522519147,-0.8121853512276476,-0.8961976768964711,-0.9347631776513267,-0.9226349118860119,-0.8504955361597492,-0.7263124803298469,-0.596583561018662,-0.5057484685339225,-0.4536403873242813,-0.41995555557555525,-0.3838669688493113,-0.3393171790251623,-0.303248925307409,-0.28376168338445507,-0.27788041203289526,-0.27443556084449633,-0.2560015125350644,-0.20246293893429831,-0.1124268978271294,-0.015596239626800323,0.06678613230542617,0.1298527464365716,0.17181171479714366,0.19139091770124084,0.20447375677015772,0.24057974366616017,0.32200836835814856,0.44192735175107706,0.5682500342095144,0.6673410982049194,0.7320262508481099,0.7650814555400824,0.7666794143971426,0.7318943234024397,0.6448613428733905,0.48299360574898,0.21728287454932352,-0.17290927545592394,-0.5637763230814129,-0.7858207210728284,-0.8743284828939659,-0.9032791913239829,-0.9032882969631589,-0.8866136211057256,-0.8627176672939602,-0.8429710587360744,-0.840913069885288,-0.8619990454430717,-0.8884408283455181,-0.8398602836349043,-0.6175270556768403,-0.34517294407037363,-0.15320420369208393,-0.03422614117653468,0.04783311250556157,0.11346195882466484,0.17726807043998535,0.24800151699295173,0.32269756961199114,0.39142292392680844,0.4502396744429082,0.5007841050323177,0.5457751277125682,0.5813165847280487,0.5985790534434597,0.5884891860561128,0.5586572556301821,0.5372874614398194,0.5518567508723662,0.6174763390836999,0.7349320949233243,0.8719196837023415,0.9307375047355653,0.8536751148119126,0.6891126236297266,0.4984166839439257,0.314413485179508,0.15089293288064862,0.016953599401314978,-0.06588290727779392,-0.04963134894112448,0.09578731716845339,0.26540726227365524,0.35663425934641824,0.3688810867744902,0.32886146222095264,0.2568325186611006,0.17482074789772428,0.10624538425709548,0.06130068239977465,0.03541068738269712,0.020034732093326974,0.004299019769325831,-0.010720451413338017,-0.015421547407000332,0.0071300417932291926,0.06990761740193177,0.16278998539381204,0.2493647691438141,0.2961230840922659,0.29068808785883465,0.23915686796026697,0.16519480389957084,0.11723881091159563,0.13118155362110057,0.19472276059154717,0.27134472484610234,0.3435225563541641,0.40881322677188375,0.46830616477806536,0.5143511887248936,0.5365941207215459,0.5422802494502114,0.5488720440805812,0.5760958206605905,0.6322165127546595,0.690477936321027,0.6968822126924314,0.6266476221657891,0.4833463724579439,0.3004870824733898,0.14355651131278446,0.04668345173298356,-0.030257817049114073,-0.15078697717778605,-0.3373178098002134,-0.5286569633683591,-0.6623573959336096,-0.7404331269551606,-0.782428511832703,-0.8001356542570326,-0.7988762985032648,-0.7792285795675237,-0.7372095416944902,-0.6603318493050496,-0.5285400398904856,-0.3392442603076492,-0.13310079548111337,0.040195403569646446,0.17831213014389957,0.296142852386073,0.37948171677460774,0.41737429520448655,0.4297929400981355,0.43958769363130384,0.4519977327403529,0.4683417179826365,0.48017472175279713,0.4766482322545361,0.4537257302290099,0.4191727687564068,0.3913972926666866,0.3785234459001392,0.37561944968113403,0.36438991941022336,0.2889515140544967,-0.028014178221941285,-0.38749326838477227,-0.5013946863811977,-0.5449588863676728,-0.5772375240325258,-0.6086575507761899,-0.5882088283818584,-0.45700896762020343,-0.326069700344719,-0.2697253799976045,-0.2778472349874108,-0.3325697842081634,-0.4308163003193772,-0.5682312447535898,-0.7075669680935689,-0.7987582224852963,-0.8362921632378296,-0.8368937661548821,-0.8131552444230444,-0.7688471203516111,-0.7116080840168019,-0.6571242116047801,-0.619938489974323,-0.6021866845238074,-0.5841082321484491,-0.5371772277269511,-0.43312061991977313,-0.2707920431007385,-0.10837365087569867,0.0010434618631844318,0.04133272200480596,-0.0006668441675765331,-0.16895543651799738,-0.46374517282649813,-0.7267763936067537,-0.8593581251607104,-0.9039725215509186,-0.8987060833946767,-0.8421346164977821,-0.696256128308612,-0.41071036397059774,-0.10811235715427459,0.01594586877768309,0.04696651435807998,0.06538441001173832,0.10238612655621655,0.17822185305072338,0.31313836980541804,0.5069788528814606,0.674899489452158,0.7172930435619739,0.6620605725361215,0.5678539456854501,0.45792380643149605,0.3324936480290965,0.19800030398557916,0.0853376240706058,0.02318385114770228,0.01633062488058492,0.05007199392823267,0.10472750501699951,0.16647739964886268,0.23027218644503766,0.2926509155303831,0.35369655783687465,0.4214879909965385,0.4852912142441526,0.4866652367171908,0.4353776722950896,0.4237793500704283,0.5205154245723344,0.6932470328869703,0.8132746390018794,0.8412738979615135,0.8283330673060676,0.8091157155019383,0.7929212141756755,0.7747638654744134,0.7379227276252031,0.6469114751576539,0.42900659004273317,0.008559897461492882,-0.42022936869302824,-0.636310694140221,-0.7086638862502214,-0.7126065265797682,-0.6749676156886447,-0.5971950437676902,-0.47198186690645044,-0.29759516459929836,-0.09488996840558478,0.10599089090288122,0.2559347396250004,0.3064797446750367,0.25133352994754,0.1122928978080692,-0.07417975672383653,-0.27827582563934733,-0.48066481613665946,-0.641067525572485,-0.7134933378200532,-0.7015406867567691,-0.6472885760009967,-0.5893058635301003,-0.5480273706767054,-0.5200814551070405,-0.4676229123456323,-0.29767318537715987,0.012400063202265523,0.27370515789750727,0.4050528342617941,0.4365891933253952,0.3858938620243597,0.2656929627343431,0.09535323061458359,-0.07645844908254011,-0.19735286696193768,-0.25263041363938227,-0.245906432847386,-0.18102060265005906,-0.07569336552844134,0.035153559609763504,0.12315100564046745,0.19326720894498964,0.2702996039565138,0.3816354179430078,0.5271487426480693,0.6726653199535634,0.7794999889294569,0.841489320538173,0.8718790586358285,0.8795584082021225,0.8698691522664305,0.8429434625692076,0.789150853991904,0.6836360969995597,0.498885154818003,0.24846712270979085,-0.01199062047130235,-0.2643055868071612,-0.4999463744949947,-0.6762463670566934,-0.7700970398683252,-0.8091146349992049,-0.8304312884892903,-0.8611219816343846,-0.8845460492501203,-0.7531372130399049,-0.5330851056840644,-0.42400095909248603,-0.40366698998348505,-0.4214970000370051,-0.43846824488762587,-0.4301037230296047,-0.38869252606413957,-0.32682021636111347,-0.262667090797054,-0.19051313057744845,-0.08580435297636067,0.07848143740541219,0.3077077747400912,0.5444758663096511,0.706383287443627,0.7762411723146649,0.7866312966969872,0.7717113309917297,0.7478742788746753,0.719123619886722,0.6845033279815543,0.6515810473139875,0.6236286247173051,0.6005177618908789,0.574259560777816,0.5361424050191115,0.48692742775315656,0.43294957317570265,0.39126143980627487,0.370957058222781,0.3695708057666732,0.3734510743573439,0.37462598501601535,0.36599573518731326,0.3552180988467804,0.36033816198452895,0.3933293427861722,0.44052370834498045,0.48138158937910264,0.5035231506243508,0.4793405227192948,0.36532992835858347,0.2200681063346785,0.13042786987633606,0.10407385226097718,0.12909437097218968,0.20154700267743908,0.3040499548187005,0.40979910379626466,0.49527356277130363,0.5580731653275898,0.6131468101737386,0.6585610240219864,0.6821318344217587,0.674503065162318,0.6150231520798201,0.45771342266234777,0.12396824572869411,-0.30751465007011747,-0.5910003830254275,-0.71766171115554,-0.7637978149177383,-0.765671767114548,-0.7285595051766415,-0.6487963315778316,-0.5290611988598162,-0.3989670578791848,-0.30591963117693033,-0.2970859247257471,-0.3893494199809926,-0.5365041116194093,-0.6578026927974792,-0.7249021244295669,-0.7472517803911933,-0.7320497585847412,-0.6694513388600457,-0.5453066424697559,-0.37063305571793415,-0.1895613093536239,-0.03859877249316205,0.07768036293617439,0.17405398387607285,0.26750201441670224,0.3758794828287793,0.5060395819123298,0.6407859642997846,0.7425365170177357,0.7847205890798166,0.7543498634910686,0.6365520432462257,0.4544171144882877,0.29000340748093795,0.18736632597780292,0.12003426698625416,0.0446170724879412,-0.04984765046093579,-0.1310268166221929,-0.16710178733965445,-0.15727029324745256,-0.11133473267196324,-0.043384071695392365,0.024140543922380995,0.061468808869376244,0.03600133075360233,-0.07494441756032738,-0.259870678472901,-0.4564181216458713,-0.6026712077017541,-0.6810790752991293,-0.6954986359004298,-0.6591026302908798,-0.5985355633505807,-0.559820335207939,-0.575915297736589,-0.6231220689485669,-0.6607542436239655,-0.6711420752115775,-0.645674242390137,-0.5805390246759616,-0.48414683570185896,-0.3752999024037735,-0.2677903298787634,-0.1586851500297045,-0.036365868620915516,0.1164274942818933,0.28481550584675946,0.4234894863055347,0.5016438420742898,0.5302459946161834,0.5353558305245376,0.5357940294339261,0.5358997244715654,0.5271103873988423,0.5054280969728049,0.47125444920032555,0.41491535570443866,0.3019466287773121,0.10343374211155087,-0.08572829091152939,-0.1817964923021146,-0.21777783224210073,-0.22379773034003936,-0.20840791396659883,-0.17679443367162492,-0.13879963382350832,-0.10335731745116941,-0.0732443177874549,-0.0545562668008065,-0.04461159653733278,-0.01774151047362985,0.08089341213708368,0.3911791898907057,0.815324095396846,0.6822817489741191,0.5698768397296055,0.5139258103166,0.491151725619358,0.49155309638761147,0.5074050199307519,0.5359971076081045,0.5866164760243103,0.6678019299131224,0.7588884902330629,0.8196853110482499,0.8186583346375974,0.7333257554127727,0.4968059672254404,0.017735914155722676,-0.4329446647638278,-0.6162610489620659,-0.6244175244524951,-0.49840837766117646,-0.22608307624584698,0.1273050667102773,0.397299084257834,0.5319348249493517,0.5827112813773199,0.5967658488433732,0.609557745943542,0.645493248593644,0.7104875616735259,0.775591549450529,0.775856876082288,0.6877137501679588,0.5458724828414154,0.35325117102833004,0.05237623944254069,-0.3851893478923117,-0.7409699552766243,-0.8944417206695557,-0.9491220985933038,-0.9709315430350811,-0.9807553249861345,-0.9847127903730947,-0.9855665307896935,-0.9856880500170483,-0.9828313641483485,-0.9622606435558266,-0.8948608638635174,-0.7587204070956158,-0.579271427750012,-0.41994967439356395,-0.30851752033812785,-0.2288824462842845,-0.15582797461549966,-0.08240043412580157,-0.010469082464534034,0.05990374187939249,0.12179652567374888,0.17008703095384556,0.20536280076126942,0.23479604447667643,0.2807879043764236,0.3752443476216877,0.49327353764350035,0.5362821315272827,0.5392841466757953,0.5478600268967623,0.5631633557882215,0.5813205007781702,0.6035280588053278,0.623636037069516,0.6327938957109124,0.6272246113798947,0.6118526772225596,0.5974946616497395,0.5988419698928913,0.6279950158529782,0.6863377582850116,0.7519036481285979,0.786193078642093,0.7775016281607746,0.7547212596191507,0.7452870875166981,0.7515371661228574,0.7685546323797051,0.7887224530311244,0.8054670661070854,0.8066136429518432,0.7731838169015022,0.6760656563296182,0.45995511888463947,0.08225621692249516,-0.3153474930422979,-0.5519533980314378,-0.6526430877239144,-0.6829586235414263,-0.6799026443977857,-0.6663089233633545,-0.6589921805449965,-0.6713683271930618,-0.717285985951983,-0.8007522893846637,-0.8911802410269053,-0.8933040154318393,-0.7678647981708606,-0.6145137641381884,-0.4894347233157492,-0.39055543266300957,-0.3100032904458521,-0.2427842826268719,-0.18801066608184083,-0.15188078635448957,-0.1486423535347214,-0.1992748278119978,-0.3118345946061671,-0.46152384663670437,-0.6020482718523208,-0.7001741711043936,-0.7634609337317382,-0.8089100568805286,-0.8421561894188808,-0.8609055197741163,-0.8556492580282549,-0.7885780116252118,-0.5537584784600155,-0.1367621149130877,0.19748871293870696,0.3744534348002776,0.4633070931055585,0.510320541783599,0.5378629313121669,0.5582086137581298,0.5771075709082296,0.5999051014001894,0.6241169387767773,0.6448182303591018,0.6599998315023483,0.6746085873578095,0.6889561823049859,0.7066176696497787,0.732859575285053,0.7631666449234613,0.7901968898345986,0.8123946784896382,0.8159561744139512,0.7784896983499129,0.7136817956648734,0.6576440901777103,0.6275722141242506,0.611504065600989,0.575831356772454,0.4562716396728689,0.12888082642607251,-0.3682251043031236,-0.6463810395846229,-0.7243108518852602,-0.7113621468574259,-0.6477878134953977,-0.551694090223628,-0.43488373391165763,-0.30846191592952676,-0.19754407019359776,-0.10414164040699513,0.004828835117426423,0.16445437490450437,0.36850352954936455,0.5573524203932564,0.6846604743068928,0.7582989214409216,0.7734575707351754,0.6957805486100285,0.5830475708144486,0.5098391336055534,0.47988797026205315,0.47853509355726237,0.4932844523936274,0.5149983925521393,0.5356691407447757,0.5408348250413639,0.5183172242951694,0.47066911486069757,0.39741625564325717,0.29352675412894813,0.14906884803023673,-0.03960258083064299,-0.2769930639662918,-0.5395496381479191,-0.7522869935007771,-0.8753870586499767,-0.9289411276033172,-0.945912588757652,-0.9441642419538445,-0.9333840829693173,-0.9206579314785533,-0.9060399608629799,-0.8803191880881966,-0.8220780189472032,-0.6889123159072799,-0.46168214900109844,-0.2033956790773249,0.03409333247803903,0.2345817848729498,0.3644191885507147,0.40765820130370717,0.36421572138214603,0.22548286456851294,0.0011764096138079394,-0.2094098525377352,-0.33832306312638,-0.41232920150069774,-0.47964328250918914,-0.5668298075125303,-0.6623809895855495,-0.7333977218717022,-0.7717442397110073,-0.7828895393074587,-0.770941333165895,-0.7361284772015356,-0.6807418372190692,-0.6108009351498693,-0.5327435185542011,-0.44175670982840637,-0.31113511333034105,-0.08810181528371916,0.2912058416401864,0.3360624440460245,0.13514555055037278,-0.016893299756241813,-0.11033448866690167,-0.1555470372577851,-0.16543403006776652,-0.15232524337184342,-0.12890694624173044,-0.10274232300080992,-0.0788694591727353,-0.06204483212008574,-0.048691141159813996,-0.017249542417733094,0.06555672426347076,0.22918187114436228,0.44575314217633966,0.6434783733994487,0.7721780428992752,0.8347180000521889,0.8574001135887973,0.8578084675237567,0.8470493769402908,0.8294187051400443,0.8063978987492403,0.7708507137578386,0.7011731526399013,0.5441384805318864,0.22027645015872888,-0.20112990477137696,-0.45089890620724377,-0.4894437541313342,-0.3352187320438671,0.010185546908270183,0.3730054772734942,0.5909996014724863,0.7017519278725585,0.7555290004508959,0.7773373101667221,0.7835639638799546,0.7850624712807996,0.7888722213248884,0.7911793994088326,0.7590704863850515,0.6345443979532353,0.3834794214086566,0.01730478498666488,-0.399669661333004,-0.6206861784808518,-0.5783692609335761,-0.40627274130836677,-0.17145023941013984,0.103125395384049,0.4122495527051768,0.5971887620366068,0.5743794546167975,0.5128441778537558,0.47692696691253933,0.4629467380694192,0.47143410896316024,0.4946299446546721,0.5017571284327984,0.4367910405576643,0.23015164858842452,-0.10031219312156252,-0.33809485413994583,-0.4456224086774381,-0.5066424514153857,-0.5834865478561345,-0.6823614902526008,-0.7708871970706497,-0.8237625934697722,-0.8432009164847176,-0.8390241533721838,-0.8115588607012353,-0.7469255290612898,-0.6155150351492384,-0.3827754146618957,-0.06774897068065712,0.19825297153475557,0.35905889759959364,0.45815603760273876,0.5270256540168645,0.5644022754478536,0.5475644671796389,0.46256867087376624,0.2895550780196628,0.06519894510019712,-0.09589186782561752,-0.1772185150886748,-0.22382690385104845,-0.26312986346044304,-0.3096007106745416,-0.3659200452052516,-0.4102631197697335,-0.40074703223073405,-0.3087129720758335,-0.15009610096699247,0.02546327249569962,0.18803488353757924,0.3490633728749018,0.518091106406041,0.6772289131173291,0.7663409779686824,0.7180951404016109,0.5502293186386339,0.3553301526641478,0.2085419252027522,0.1308209773382991,0.11770568271883004,0.15050372518366073,0.19078310762594544,0.19730652186159683,0.1618166520416843,0.1001070035790669,0.020035825771441553,-0.08871363387020195,-0.22513003940725546,-0.36752062140922176,-0.49937128840543177,-0.6082473269343965,-0.668793516112188,-0.6601991382726872,-0.5829989584697683,-0.44144356886049674,-0.257294805217722,-0.08088733871726567,0.05928487244604171,0.17218727015857832,0.2725341028802028,0.3676896329302472,0.4509164128504239,0.50959466402716,0.5309969737531075,0.507054584140923,0.4415054369726794,0.36712669472778386,0.33406375880979905,0.3327356238671767,0.28549286120422834,0.12058772014069141,-0.17190089561823185,-0.4117204940209647,-0.49288182883831516,-0.5029095885267872,-0.500170860912565,-0.5093861330473032,-0.5468517168540433,-0.6153798462757585,-0.6758494677476925,-0.6333118551496937,-0.43354002680749193,-0.1359527914471319,0.11294362736451892,0.1369823477626282,-0.12582171982843965,-0.46545862208888933,-0.6672652076654478,-0.7561845844460054,-0.7886377039584679,-0.7865046672189864,-0.7493135564080813,-0.6640278525962595,-0.5109754160944054,-0.2818661632684459,-0.010780330531542716,0.2234678008820698,0.38651191848385225,0.5125819101806607,0.6306082768944226,0.7326469635874425,0.7966315084538252,0.8224570151797411,0.8200678258124091,0.7895906908807228,0.7186870925656625,0.5839769039924373,0.3618834469421629,0.07349214738038834,-0.20936520065316666,-0.417393239381605,-0.5186774010273416,-0.4924141236267181,-0.33712146258905906,-0.12301814513146021,0.06238681863463196,0.2067586671148411,0.33746685476530713,0.47156803732475144,0.6189740777904428,0.7549163523984521,0.8428990161875,0.8680001872131998,0.8442877232649328,0.7987992407696686,0.7520205580750835,0.7129575808518043,0.6856533104252138,0.6708564640119689,0.6678954464075513,0.6578325311475663,0.5794379454621353,0.35999234471181457,0.10650812021529334,-0.07140895292616548,-0.17401357588454958,-0.2108523637907006,-0.18243128468939307,-0.01566817309249211,0.2805717336623102,0.33966742306910924,0.3216846883203258,0.2904456526834456,0.25635424021086156,0.227299723608178,0.20908697039077337,0.20265700487268926,0.19632751346011665,0.17532094374267293,0.1260924017185296,0.04032024641230597,-0.0794457005875915,-0.20202210465951176,-0.29150653913298424,-0.3454572606557755,-0.3677389134029603,-0.352912390832864,-0.29424825679700295,-0.21008110095213575,-0.1483166908924653,-0.15418220681273026,-0.22319702455692758,-0.32568051970769973,-0.41426258466330673,-0.4769431731096002,-0.5195317734774414,-0.5463410234323699,-0.5637064969913653,-0.5754016225681378,-0.5864111375268106,-0.6075100478946457,-0.6478417323216333,-0.6964742574994529,-0.7369023455170045,-0.7545446640790842,-0.7504709601230026,-0.7304934109379418,-0.6973562065235348,-0.6467524121816232,-0.5595858736484461,-0.40277215009693956,-0.18163792547000368,0.011124369691510035,0.09859004678961668,0.07855612949444711,-0.010319104153867598,-0.10254509928097134,-0.15544258103693645,-0.16328274001630538,-0.14050850307905474,-0.11714031142969085,-0.12727776300168384,-0.16911482453250587,-0.2140531022447149,-0.23784362440979295,-0.18773432990379837,0.250774040060293,0.45576267728352815,0.4637723796586091,0.4626249988842031,0.4551523862433706,0.43687936833253294,0.40043030087583875,0.33772989178267504,0.2530169254295712,0.15642559581884127,0.024207064770277058,-0.20029456170121812,-0.5168470950492804,-0.7809001428523603,-0.8506900358655256,-0.7026909373666357,-0.3411372721312781,0.07645064167773585,0.364748034676644,0.5370252138609862,0.6475626672561678,0.7288412002775526,0.7901800192309038,0.827746922335527,0.8342190131427402,0.7978054254633654,0.6737296635379644,0.3378013186168591,-0.21610780310889197,-0.5730941605997733,-0.6971919065717754,-0.7202142664522913,-0.6964888431488876,-0.6475489410097202,-0.5918285923249865,-0.5469037863555027,-0.5231766286441716,-0.5083300738320625,-0.4696755737978023,-0.40072469091185964,-0.3158296146532995,-0.2284706240001614,-0.1598032923074749,-0.11793681045859153,-0.09809286504772115,-0.09461502971280733,-0.10179808639440399,-0.11739358346803697,-0.14293215527843503,-0.18228057042726173,-0.237049836117248,-0.3048900983839005,-0.3759498767097055,-0.4394755308287051,-0.46505197339548027,-0.3507126653190414,-0.1523069388389258,-0.019988118891391522,0.060682423941944154,0.12662947872390604,0.2005951295237748,0.28953179919101946,0.3640050500923203,0.39366278850592995,0.40401583474499264,0.4185981515113657,0.4403957795637333,0.4731056750096654,0.5218837455282452,0.5876097954297225,0.6694143922181726,0.7630080621240615,0.8324119130091631,0.7960105420552478,0.6612363112043048,0.5251817215698619,0.4233899422364137,0.34896321220138793,0.2912680035698148,0.24167339617627998,0.19601024807284512,0.15352873801731318,0.1122536633037629,0.0510264715586368,-0.06543946561739206,-0.2595964602759812,-0.4693889367970737,-0.6097327297543347,-0.685312704593963,-0.7225014584908059,-0.7244251324568154,-0.674383260002247,-0.5363188869585416,-0.2580272101105579,0.15438048436065333,0.5306111327745521,0.7419625500908256,0.8084051669567441,0.765063534963297,0.6184778227533376,0.3898124820966334,0.13618571203945207,-0.10376837994577731,-0.31293900855069146,-0.4621081371753008,-0.5343942641363341,-0.5480032424269946,-0.5525510376581428,-0.6043589376256394,-0.7038023417342567,-0.7972181016297537,-0.8530899074709554,-0.8675407398113094,-0.8404951940700026,-0.7627048148408455,-0.6224035042501005,-0.4371811700445287,-0.27764389250231364,-0.19121955920607495,-0.14753809964150136,-0.09427341925439393,0.005978790930430051,0.16723698355185102,0.39078881533144183,0.6281613256039111,0.800592844212222,0.8790102621397307,0.8919169542134894,0.8827226469643942,0.878855365551968,0.8893812819844922,0.9090477032096688,0.9280808740393245,0.9399032409068,0.9441945953032258,0.942084151408396,0.9319575647024521,0.907211329571963,0.8480949429368334,0.6804315802002905,0.14938488723325888,-0.5805086893314374,-0.8384044543523016,-0.9060936729672244,-0.9263740848788365,-0.9312994961647979,-0.9274301828691428,-0.9129660164848614,-0.8758786018895258,-0.7832115711321864,-0.5812429209492836,-0.2551505711574896,0.11173377069703044,0.42873938643621934,0.6485504290080556,0.7617621021897911,0.7846519819447424,0.6958177889668409,0.3072085619282691,-0.3748449869391232,-0.6733677936800034,-0.7593454113348416,-0.7780483070129665,-0.7597527608665342,-0.6985697515560858,-0.5678943974014231,-0.31465718775201523,0.08599686332739553,0.49981841079381634,0.7593663749711499,0.8714672655008536,0.90990277285176,0.9208606747054846,0.9210264295876209,0.9113733321337486,0.8738727375954087,0.7271388772216408,0.23164117440905815,-0.327349842785501,-0.5448049428257525,-0.6064267285666656,-0.6084594969562824,-0.5755366311593666,-0.5173785085912133,-0.4438583213206476,-0.358839519620261,-0.2918179026663168,-0.3012635165781609,-0.3994890015523944,-0.5303954937492268,-0.6147258259646982,-0.6446893249823977,-0.637222626954657,-0.5913902742871671,-0.49517242824882846,-0.33588332426422607,-0.11129381854871422,0.13006582354724994,0.300035036420257,0.37610322528909523,0.4051821865587443,0.42704124513325603,0.4501090134638631,0.46201893712868053,0.4434185665345595,0.4009023733766625,0.35190552067321673,0.3136150941963821,0.2974355476054467,0.3012672142975974,0.31618305414114234,0.3300706761293972,0.3283660610725998,0.2993182020433499,0.23388507575645956,0.12940311951605224,-0.006571805101345847,-0.14419363020752074,-0.24844644850921632,-0.29535182129618204,-0.27404175308913653,-0.18319004489633298,-0.03215485467086879,0.14612637982347554,0.2996982147633818,0.3830333253791586,0.3817073897007951,0.32505747417864606,0.26638445849342357,0.2441020092692672,0.2602920468202549,0.3016753786539026,0.3592127597313451,0.43107845036475345,0.5088699102286919,0.5733038136064131,0.6079197609100926,0.6176096106587501,0.6160781910313967,0.6121488313495961,0.6096646266574369,0.609306193840139,0.6071619778405574,0.5922554920552529,0.5574388864089521,0.500493580401332,0.42421753087856295,0.3385578694634717,0.26217865531650153,0.1954834260312001,0.1270026468810121,0.04462315278616456,-0.0503051382674059,-0.15481090266282496,-0.2662628716022436,-0.38599799121119527,-0.5082008855470342,-0.6261904026097935,-0.7209790072560432,-0.7719666186664776,-0.7712317662703507,-0.7189559884893524,-0.6126773365266825,-0.4547086699660984,-0.2713854030918087,-0.12307802362421835,-0.07697934480898679,-0.17210402757839693,-0.3498573032234492,-0.4621072308989376,-0.4760720015773572,-0.43397017761830425,-0.3635929480408904,-0.2873852332114744,-0.23456822649633807,-0.2578335970954903,-0.44929145753196204,-0.5094174942368008,-0.4451319130268091,-0.446517989246843,-0.4997097793600081,-0.5800521907522116,-0.6530640291948151,-0.6904292453191532,-0.7025911850269031,-0.7126630654035884,-0.7232522783922538,-0.7285534172840936,-0.7149895740617204,-0.6709344579740645,-0.5844564207858517,-0.4537350516812939,-0.2967449558189912,-0.12727165871196805,0.060479370089726786,0.2951756815164269,0.5830934777225601,0.7949105088195333,0.7793281412925368,0.6603717164070336,0.5476840984233253,0.4634350596702938,0.40555160926595274,0.37272001019307,0.3644498688709351,0.3752227976811436,0.39251316111962,0.3944523587040824,0.35239166884358164,0.2505647152651613,0.09955461675684613,-0.056099072864063786,-0.1696789526177951,-0.22958330660858906,-0.2515317008106578,-0.26044614067031424,-0.27611755958857426,-0.3043690521667757,-0.3285003471343957,-0.3259533447514469,-0.28451684231468444,-0.20885318971060077,-0.11536536818447714,-0.017283158386108596,0.09112939678673736,0.2194946084358894,0.37521170302515106,0.554433550968982,0.6982314267629931,0.7376165909616126,0.7061211759049218,0.6712818557872062,0.6576032594328881,0.6617081443382107,0.6668020040596239,0.6344676580042818,0.46384584239124205,0.06900198460653081,-0.23597737765094154,-0.32684101161928003,-0.25388383090730515,-0.10829616796119061,-0.06814472740231067,-0.13069464950908175,-0.22511952321269546,-0.2828016039458252,-0.27266739096230963,-0.20782473838789486,-0.12080851474526567,-0.04649633643122654,-0.006317014492123834,-0.010959911219566392,-0.056762386759994544,-0.12442590554694838,-0.18860106231901233,-0.23952051711907563,-0.26745585905179603,-0.2738529624696004,-0.27914716996005495,-0.3012305132200159,-0.3516063793004183,-0.42868525706211574,-0.5093801502126223,-0.5785285163887023,-0.6404815821883807,-0.7024744484814108,-0.7593180216320703,-0.7964261902938723,-0.8086437336359926,-0.7990336272578974,-0.7706340358242452,-0.7256753135704078,-0.662874982486182,-0.5845784450080558,-0.48778647062196423,-0.3530354162905587,-0.14714892564412133,0.13196366198723308,0.40916729124233836,0.6014290521657985,0.698125588104596,0.7290476461662106,0.7222219881350556,0.6944339665913282,0.6542400230553608,0.6039179936512679,0.5417752182888955,0.46360378071260205,0.3763751818166181,0.3016894039564467,0.25082146986898496,0.2271941139354743,0.23503282713808757,0.2758387705821438,0.34428968944664656,0.43230931696340164,0.5240154835789465,0.6004973893835254,0.6466436012198375,0.6542762468184807,0.6182407099232301,0.5337576685308729,0.39988436896167623,0.23609255831044815,0.09051081519741626,-0.002907726972831403,-0.03709390399747018,-0.021136056560097764,0.013809860946909574,0.025526426330856663,-0.035337438043696864,-0.20034113576245893,-0.4310119125788508,-0.6229838816123321,-0.7209411906953523,-0.7439567535518034,-0.7262885704861163,-0.6820907811676661,-0.6135341271633298,-0.534676379072809,-0.465586444631462,-0.41791846581784275,-0.386965446078106,-0.36178553917674505,-0.33803678635684076,-0.3008687440662322,-0.23626281708540411,-0.1373862394555436,-0.022536358116433265,0.0798283422120904,0.14404247758150154,0.17165522072102582,0.1808620419250268,0.186456480748729,0.18082983532571878,0.12203299154235511,-0.023272083883411333,-0.21270607184827536,-0.32947478744680286,-0.33137717876437994,-0.24339157444142676,-0.10411049935169417,0.05450116181356869,0.21862185379420104,0.3796650984205558,0.49544720297803446,0.5077995754461028,0.3476813531272481,0.009566602650510823,-0.30054757427019574,-0.49022137380612635,-0.6242755170707811,-0.7366207567631776,-0.8278189503289869,-0.8796339148988294,-0.8557394848637294,-0.7156518566911657,-0.5150919650145283,-0.46549452461627644,-0.5560925500007685,-0.6422768193120016,-0.6704061323518068,-0.6215858909783389,-0.47215681397501186,-0.21890431765693455,0.06530068907598986,0.28303626661951337,0.4136012253602523,0.4771487340490326,0.5025684241321374,0.5127048403808843,0.5191355558617038,0.5275112182844894,0.5398565350870468,0.5568856613415831,0.5747457238686134,0.5894376718204407,0.593986484806122,0.577251125374657,0.5203386511866357,0.40246844796614256,0.22722836477108216,0.0657062716020656,0.03393116154408468,0.23007555732326102,0.5997591227039094,0.8197367522261687,0.8949900324722834,0.9104717826726402,0.8829190172766954,0.7773397108010274,0.4964119672309743,0.008882043542131655,-0.40120236601401904,-0.6084943813080688,-0.6981959271971789,-0.7278063210463004,-0.7179329227311577,-0.675264457045428,-0.6038961941740851,-0.5188457970364161,-0.43294382270752707,-0.3336940807144431,-0.19725342424676967,-0.020417270123198807,0.14284966740069072,0.2485642861979143,0.2995373178796485,0.31681417160766284,0.3098151331739338,0.2768735903444553,0.20673967692122647,0.06897664747008254,-0.15954187296499067,-0.4215856567296328,-0.6176447704267322,-0.7310343550662382,-0.785049097875029,-0.781606918134785,-0.7263675111413648,-0.6415127222215948,-0.5449367915462958,-0.45296126500958706,-0.387671863419742,-0.35754379902991545,-0.35009468772205726,-0.34397319579844815,-0.3306583389490402,-0.31334858507319335,-0.30827285404193683,-0.3189941739211938,-0.3303368828646734,-0.3296231599375353,-0.32931863938911493,-0.3377769372682307,-0.3596511593235305,-0.39037139541128574,-0.40641868831968014,-0.3757909005320021,-0.28695886936443304,-0.1407574123680655,0.038630258173133744,0.23248238903557988,0.4334310007093766,0.6072416926519679,0.720144236423265,0.7622858203591921,0.7447577400746662,0.674564296806644,0.5623186313660654,0.45156864088637283,0.3928156515030402,0.3959730708893952,0.42722379707533403,0.4424346222828399,0.41126342143968864,0.306572638250449,0.11739439762593447,-0.10735705248731699,-0.27470855665644517,-0.34155715427030336,-0.3126175969576099,-0.21326086904929412,-0.09081679202938478,0.01607127294508631,0.10247248065506132,0.18212146133816146,0.25314117316373236,0.31772820062976526,0.3724848128658698,0.418459283345187,0.45481310999256847,0.4826214468711341,0.49052910495794494,0.4574507795263375,0.3877949292966216,0.3243082711332223,0.29508260614309306,0.2996815552019437,0.31840945660097303,0.32562590712183365,0.30801310484063293,0.2669965025903081,0.2213959743920248,0.18552807363109133,0.1633794879142429,0.13655655931000307,0.07874897958282223,-0.014853040722847448,-0.10487117672118734,-0.15073206544831796,-0.1608593183803563,-0.15525753680299567,-0.16002872199731014,-0.2153065789874234,-0.3509630727965825,-0.5291718435125576,-0.6625332529647447,-0.7353565499816637,-0.7773406801695639,-0.8087142103067586,-0.8379896604265635,-0.8638010646791271,-0.8792243197814796,-0.8801065589525366,-0.8726596127604197,-0.8634824618806506,-0.8493988365783884,-0.8240671465601186,-0.7849411403610957,-0.7407005858275014,-0.6984811046900327,-0.6564108806885507,-0.5815111766120485,-0.40958548699676595,-0.21909567675991937,-0.07032113068134933,0.09894198878490881,0.30609484668924736,0.469007066945297,0.5307547460642381,0.5030079976656894,0.41296352540604775,0.3170644437616271,0.270592841250034,0.28929486108140123,0.3673682783291958,0.49839424236460733,0.674101103395446,0.8362194440618216,0.8770553883194653,0.7984285853819045,0.6601986453644884,0.47107349710052016,0.20917443497464794,-0.11997277713277539,-0.4089076615622795,-0.5600943173639265,-0.5968961656132122,-0.5612504426588808,-0.4639420548674323,-0.3110171832398289,-0.13275309554368428,0.014431152598525822,0.0976199583011762,0.1035189028879036,0.035178844998738114,-0.06439749494032823,-0.10992761765381978,-0.061334565860567826,0.06357336751367364,0.20604120161964568,0.304363051357628,0.3349592772867177,0.3028527933128477,0.2375181512229059,0.17681209562842026,0.1395988889349105,0.11953753487641114,0.10287936083299919,0.09116581720934688,0.09729665717701745,0.12840491802704862,0.17235528538342987,0.20989685336505468,0.2388832600313518,0.264822016260499,0.28885055588587943,0.3057457500187628,0.30190473118949296,0.2687896898707957,0.2156502099097399,0.16788197863216556,0.1522084552796332,0.17982713286077678,0.2310534695829422,0.2747084268953356,0.2911622398055656,0.27699497856784727,0.23638824275082562,0.18273815375330255,0.1360985365438212,0.11478657201002784,0.130100943829868,0.18002388885756648,0.2562412298949607,0.33214906653331205,0.385691688013901,0.4074240606455728,0.39950789363054334,0.3545692074735265,0.2135149191961288,-0.012338079550332242,-0.1577607170713647,-0.24340532759632513,-0.30497864090612886,-0.36229062904515696,-0.42444232134058374,-0.4933908880883938,-0.5723749417182549,-0.6577552513932367,-0.7290590626579531,-0.7708840648730031,-0.7808750646814114,-0.7568915099856732,-0.6890348207342772,-0.5470534355583005,-0.2831171291594585,0.10130636593622436,0.46815539514321364,0.696889006431328,0.8124272602534892,0.8623069837592805,0.867872784180779,0.8370662381293865,0.7768021449825121,0.7010095587956339,0.6199429110656868,0.5417874420348492,0.4853874927137555,0.48327169186314706,0.5574345582480384,0.6380688810026335,0.5188987088142369,0.27681600921830485,0.049684788478281464,-0.1329961195337598,-0.2547019766716477,-0.3050681224361088,-0.28944007166330554,-0.23641476364418168,-0.17914053660991294,-0.13146124934759756,-0.0893773614667504,-0.05046868727942072,-0.024018808950118365,-0.018776513094647868,-0.03982941646955344,-0.08557276019485964,-0.13708371268715816,-0.1434049417861533,-0.09302360963361116,-0.021058500283152058,0.03935161823102113,0.07352864269194344,0.07710185760967762,0.05027441294328593,-0.006683438034101283,-0.0973060776380738,-0.2172631773437306,-0.33511672228785094,-0.42690287471573707,-0.49809932189837225,-0.5611141316795045,-0.6157241198003125,-0.6534586739408321,-0.6743585631599461,-0.6867207552526154,-0.692383932681302,-0.6820895243175319,-0.6480617310449857,-0.5892756770486295,-0.5078803791906996,-0.4079430437466615,-0.2945191665850315,-0.14180624110940673,0.055960619897860615,0.18324120004382674,-0.027651881995894304,-0.7028767137730366,-0.9189726297483904,-0.9422726951064595,-0.9356274244909809,-0.9121863217855305,-0.8672527636372206,-0.8025122653560018,-0.7322248142716701,-0.6550205343104512,-0.5316892744826822,-0.34745838717203914,-0.14632860336330583,0.05943673476345864,0.27017246829261576,0.44055091608348185,0.5128254520048523,0.5104424169653807,0.4769829345011973,0.4439381452005823,0.44010631445699555,0.47022546054355113,0.5172543507861668,0.5582257327205061,0.5802342198385124,0.5772532934022997,0.5447453042135629,0.4741617060608401,0.3621273297863958,0.2400767179065795,0.15538297822857214,0.1291993249723114,0.1472088628409435,0.19637048603937066,0.28651096452451613,0.4303612714744675,0.6100988824588367,0.7698144059000878,0.8525039847404456,0.8520799696710343,0.8036393071485276,0.7546626459289008,0.7292096580554015,0.73221905483681,0.7551475437581232,0.7844083422168834,0.8053598870854438,0.8096830649834079,0.8022286634748095,0.7922842548913878,0.7846511687951087,0.7772951838748464,0.7636185058035115,0.7323343681088292,0.6630310028943586,0.5084234336446979,0.16709996095534552,-0.32952504378525066,-0.6498318275405155,-0.7615113158829648,-0.7709718164083847,-0.7170435633567303,-0.602194188828649,-0.43285244785824495,-0.25732806885315623,-0.17215663961808966,-0.2531467850659388,-0.459805289095062,-0.6193003594348505,-0.6624848207192974,-0.6300943064862202,-0.5535833141035253,-0.44474177907656215,-0.3233648397203052,-0.2301943827576604,-0.20041295879744,-0.23526624144040706,-0.31367924142142817,-0.4296476245817587,-0.5899075950873213,-0.7305287364783968,-0.7168252547360695,-0.6146330647220349,-0.5145775655423022,-0.4131090904399127,-0.2796409948348397,-0.09134032657334952,0.13127740357860607,0.3286784065156659,0.47061878912593036,0.5655850837823821,0.6318474293774168,0.6788096232432661,0.7077928505767582,0.7123706252458413,0.6784675670644358,0.6181864119225763,0.5719271058641326,0.557208638939436,0.5676180596449923,0.5930225072772003,0.6263980862054234,0.6605621109450986,0.6908551379099399,0.7162970767340778,0.7372387298640799,0.7512892591472564,0.7497643423680533,0.7128126547726804,0.598720168246216,0.31738107374856933,-0.16639481367753414,-0.5545325484487256,-0.734395882334758,-0.8117947874260678,-0.8456636423110596,-0.852832438237516,-0.8273195954402456,-0.7376519497942988,-0.5289045797216997,-0.21563169375307617,0.05350667356778235,0.19699278933488848,0.24187672712766412,0.23495513209443225,0.2140075907532068,0.19449238541808725,0.17300915056301164,0.14558299838641314,0.11964855969676945,0.10955536332405683,0.12327122947632155,0.1500984896873222,0.1726826793397941,0.17910861115234575,0.16729145562283312,0.14449038864241914,0.11825871358522361,0.0935160567326217,0.07304157753691375,0.056570437359337304,0.042683994574278655,0.02570492091049847,-0.004750090485223582,-0.05302732851016643,-0.11965180525447906,-0.19709774397434102,-0.2794910848783759,-0.3546953954968305,-0.41161262485434286,-0.43922807063469826,-0.4366936144265795,-0.413129079695646,-0.395529258988484,-0.41213265789016784,-0.4681223356880355,-0.5433830514482632,-0.6109329779025824,-0.6521685302755412,-0.6568698908550917,-0.6230688910330697,-0.5547463512090302,-0.4677701103350114,-0.3877434398213375,-0.33380757311070763,-0.3155714412231386,-0.333796262821516,-0.3764745301388428,-0.4196150815113399,-0.43655128112553065,-0.40334683390657255,-0.28992545313123314,-0.06325743833110599,0.2447850281245842,0.4991713062352929,0.6009758703144439,0.5477248171783323,0.4087287881988462,0.27269448083031694,0.19074479742343445,0.18252097089720137,0.23506657778238638,0.3135452747579538,0.39828722046551424,0.48205344885629997,0.5517523315610077,0.608882515489507,0.6512680860761976,0.6385191455810652,0.4806015337766339,0.031002459136249064,-0.5426609305169453,-0.8237017043994389,-0.9167890913067671,-0.9474010075216712,-0.9528661122222697,-0.9381942736567663,-0.886038983102484,-0.7374901995537406,-0.41250662524786125,-0.015121296449677383,0.2642416394716098,0.44517964081618683,0.5988429504559165,0.7497406720013439,0.862390702270901,0.9074020472582919,0.8999765273858066,0.8664002468787189,0.8222186015620151,0.7705766819602593,0.7029063898232637,0.6002616177453779,0.4476189342636197,0.25717416142924215,0.07114410126051535,-0.10117084659992891,-0.2901341140807126,-0.4285526185275519,-0.43484728848838144,-0.40376667013365497,-0.36849248892303466,-0.2939601305931816,-0.10349507766330564,0.0987323406569225,0.17982195311060456,0.17986609115480667,0.13025114949404293,0.049648660250378,-0.0433620584585798,-0.13204234433483023,-0.20851541034320012,-0.2557313331944344,-0.2026780069140363,0.02782119144115991,0.22317299398114715,0.28839594120433754,0.2800038594666438,0.23840786267625616,0.190762245567672,0.15174767779521534,0.12872720856384698,0.12740820526821217,0.15334965058534003,0.19990267941170062,0.25019679657240446,0.2841604927037047,0.2873505309176996,0.24690045641559372,0.1554629228400168,0.012645281023929438,-0.1560400061663202,-0.31312562661323873,-0.4429342079346503,-0.5439552933094709,-0.614230100451434,-0.6536925639626447,-0.6668122043947431,-0.6556669687235577,-0.6200619651275144,-0.5568218253947527,-0.4553480331308507,-0.297287833401922,-0.0879986287365378,0.10905436105446005,0.22079004774745642,0.23222126068593604,0.17897289520528661,0.11091196004017449,0.0716857602297899,0.07672193698475006,0.1164079666410501,0.1414991277611229,0.055372902745868716,-0.14978443952765597,-0.233088112612118,-0.22971248529952007,-0.19745347239137617,-0.15100775456783988,-0.09275505256560243,-0.020630644750969526,0.061034505452451614,0.13751906244853188,0.19806008939978775,0.24948301497913017,0.28318739772943274,0.241335471914096,0.16941580054645913,0.13026221612096917,0.11717707310481672,0.10619078573890511,0.0796164291744222,0.029315823932623906,-0.04155171270679154,-0.126837138623704,-0.21829761889253482,-0.295516229916243,-0.3307681145359914,-0.31857578705081474,-0.28795336917066217,-0.259404471751005,-0.22810912843087464,-0.16094999776203442,-0.013425156967869008,0.12281429475613277,0.17311407394184786,0.19756575714058017,0.23272762186981155,0.2848349797204452,0.33296005790877364,0.3393725886543475,0.2726528600383026,0.10193625859607068,-0.1947564619437655,-0.559126547200135,-0.7989790503772057,-0.8686602127060571,-0.8587408725590413,-0.8217552420409932,-0.7670162109820253,-0.6861281413391541,-0.572265872029641,-0.4284219412673207,-0.2635634117753254,-0.09441066517395211,0.06101367953109791,0.19707902184531823,0.3234359002621596,0.4442372983455084,0.5618237127518085,0.6793407246986009,0.7981025895280306,0.8927323662706154,0.9123855250875487,0.8608760248340989,0.7979534396960368,0.7576271112552833,0.7392573297765342,0.7276852416855383,0.7087524759159451,0.6719364044141197,0.5936284521355614,0.4045658413720964,0.05663231659166215,-0.26053298128333785,-0.4373392063975059,-0.5317582301593371,-0.5923793868090679,-0.6436395342695489,-0.6932279838029186,-0.7338641590626098,-0.7596490475505807,-0.7728186801342796,-0.7809531803080844,-0.7948942978356416,-0.8206284569910492,-0.8523770872876512,-0.8737649199624221,-0.867175501847406,-0.8190972815916102,-0.6868868329712763,-0.13850571218959423,0.7842710313807185,0.9026372914454461,0.9003629789435647,0.8772127528843282,0.824353325081988,0.7076477255418927,0.5192029213841162,0.3379786953727455,0.21205101836790674,0.12751193048226905,0.05603420570910595,-0.01564441085803614,-0.09167189567513137,-0.16593326922080529,-0.2283486947079839,-0.2714900513342037,-0.2972545318620911,-0.31460672762365355,-0.31809148220203604,-0.305045903399313,-0.2782582726493063,-0.23870813068154972,-0.16729036314177004,-0.07488348037663402,0.014915214273323128,0.08620345662482484,0.1337511439222535,0.16102318965164603,0.17995361921231554,0.203246166202256,0.2410721189454501,0.3003754625779283,0.36415704670401206,0.4075514306109514,0.3945231911437944,0.2792319778573821,0.04798951374848429,-0.15646142889032316,-0.19902180784167678,-0.108569891285989,0.0433371027516526,0.19148801173439053,0.30169880786986036,0.3751829155063916,0.4246195141579349,0.44435031224550525,0.39337216237837386,0.1969197277163084,-0.17164881780537766,-0.5039058374816985,-0.6806042611034431,-0.7624114235117792,-0.7943527314343072,-0.7867383607538316,-0.7375117079737502,-0.6479102153633478,-0.5339724180118242,-0.40933341351359037,-0.2720545031835618,-0.12147050079381302,0.024575528236653283,0.14694116305603291,0.23307206273736183,0.284771893960047,0.3080882360435503,0.31079590107673505,0.29949539251304513,0.27775305429614594,0.25630774927951516,0.25512745228762024,0.286123318442592,0.3466923537274194,0.42173121920496326,0.49301327441828063,0.5499638515383528,0.5934661790233278,0.6351277042853821,0.6956856722627941,0.7828279325793669,0.8472526983165799,0.8424480311844915,0.8030935249842207,0.7663066400537905,0.7386522382195442,0.7110655464662502,0.6624133590330329,0.5383711871441497,0.2297440749280264,-0.22670768033399333,-0.5307132716860826,-0.6694540912814756,-0.7404455483332637,-0.7901539907600069,-0.8282300056052713,-0.8543384826891288,-0.8686972585797773,-0.8705447168826572,-0.8550638830299351,-0.8067023046937688,-0.6875609865391165,-0.4416018686141306,-0.10506625829949857,0.16127963191315314,0.3093065820706221,0.38341550734692526,0.4299162694226582,0.4821191173781814,0.557116932428738,0.6484425983651745,0.7328405952993846,0.7933480621626291,0.8342655698177694,0.8694194962578536,0.9012277610617371,0.9211079058151768,0.9207075042880081,0.8898294155151022,0.764182562870575,0.2780217690338762,-0.38909668817391657,-0.6591805105864659,-0.7563812084447675,-0.7986092931190262,-0.8153295302463849,-0.808328905684981,-0.7653039971401564,-0.6842348804510611,-0.6134405508225838,-0.6022533975150252,-0.6112627348640948,-0.5886336878028936,-0.5378292889461248,-0.47193356904081313,-0.3996543825295278,-0.32509084007157873,-0.2495307055830899,-0.16334135306347383,-0.04674420261009274,0.10958688208418191,0.27248705858164324,0.38861508217575685,0.4505765738348141,0.4726543636697536,0.4650705109168423,0.4570214106842962,0.4781367276221255,0.5273632858374284,0.5886938527253519,0.641341027363039,0.6809181294869168,0.715595941409579,0.7510498200219246,0.7829068766718347,0.809321596384893,0.8305973192135311,0.8428746843264227,0.8434401827635808,0.8389478679673056,0.8369562462154747,0.8463619711246053,0.8687869019584832,0.8922081364776219,0.8796897457920728,0.8058241826629569,0.7123149590064752,0.6343386344056303,0.5560881109965629,0.44155295568866815,0.24207766435301328,-0.07510419657059172,-0.429638608123238,-0.6708233995834963,-0.7879630449683712,-0.8345417673230431,-0.8425684962809983,-0.819970203934039,-0.7552806781594715,-0.617432175137204,-0.38892558869852983,-0.14473367800707268,0.0235448196582146,0.113080307839621,0.15749031015498946,0.17759419063432602,0.1827204375902032,0.16661991018870087,0.11263567220613904,0.011097622298614326,-0.14464702676693986,-0.3411229121846382,-0.5299835433300816,-0.6710649277093303,-0.7612400445399884,-0.8140765767192083,-0.8414243317014464,-0.8501783932327174,-0.8358770095041009,-0.7849186411879745,-0.6920982357936823,-0.592311959813283,-0.5250124371632748,-0.4911210388460933,-0.47336132878312354,-0.4503127787267072,-0.39010664294415165,-0.18986961394463198,0.276849263410605,0.5101523018545787,0.5556721635609813,0.5590752692355188,0.5469365681855282,0.5239072866772577,0.4942730260155551,0.46437073740862067,0.44237590767463425,0.4319267266198582,0.4255455228346971,0.4138572490355851,0.38527725966396,0.3316260732727215,0.2552888997991559,0.1772342240094742,0.12658648568579706,0.12580332448555379,0.17751466452082237,0.26227174280232934,0.35637266029423875,0.4441080495399114,0.5145104290855884,0.5517274729632534,0.5384743982233331,0.45376030088141117,0.2831551876759271,0.08101026397422523,-0.07618783913011493,-0.1667431836548124,-0.19948688594846598,-0.1774586900264014,-0.11865806015036416,-0.04608819384192621,0.028939941930772053,0.10588881297770837,0.18153575156748442,0.21135609511070835,0.11118491349781223,-0.04653364098742079,-0.17461746426780927,-0.25964988486178525,-0.3086845781558102,-0.3268869701447493,-0.3232130926634246,-0.3055561138576466,-0.2845050969656178,-0.2604664531733516,-0.22977480894461103,-0.20251093471574108,-0.19195977843672937,-0.20486376343194287,-0.2363961197670573,-0.27263716428169643,-0.28877516375342616,-0.2579616285192119,-0.14807511349980615,0.05751556218014403,0.269851669231609,0.35215570945775,0.23261850533435813,-0.10017127915058469,-0.4533359000331333,-0.6448839151454567,-0.716012021698249,-0.7239812395679378,-0.6919253114008584,-0.6354526590757702,-0.5852911479436264,-0.568440116291708,-0.5738768903866491,-0.5715130593499268,-0.5483523024505986,-0.5002272057322854,-0.3958244964440251,-0.15472906270386938,0.20514455220369524,0.42020103272313813,0.4751908880802242,0.4594480339376437,0.4122103440060113,0.34120895124067213,0.23489364832639933,0.0744142178956781,-0.1471493411132863,-0.3896271178891787,-0.5600677022820816,-0.6272294994229812,-0.6205249487834319,-0.5683481919962435,-0.47420409131101754,-0.31204200343261274,-0.05753157846658392,0.20315635665837473,0.37566323632103693,0.47318354228239756,0.5283116924301244,0.5586561371587687,0.5734050746759983,0.57951789224981,0.583456997053177,0.5918533177489862,0.6074908302577278,0.6279803743437126,0.6431089949475961,0.6363411990010227,0.5886300881936174,0.4934095477191261,0.3832993920862149,0.3698292551883812,0.5404906279961369,0.5196303795402486,0.45628632181619,0.411273994193261,0.36157384448331786,0.2971460147000286,0.21559612633075123,0.11912432486978786,0.026627358699904572,-0.0015165832854587959,0.09404668172032811,0.28006514842846936,0.44193842572226616,0.5294760013158968,0.5667548973848763,0.5743545919679296,0.5557757169091971,0.4941446724797365,0.3369521808066975,0.0035726101780605003,-0.4069094978082041,-0.6617920625213451,-0.7775450867090334,-0.8269757142782659,-0.8422329128682464,-0.836542450925811,-0.8190739389321425,-0.7939496205418987,-0.7597359148597158,-0.7103180819080076,-0.6443342958533701,-0.5676212174072058,-0.48750548217710954,-0.40421381395480177,-0.3132331672106305,-0.21298209391056588,-0.11431338763728535,-0.030961541746065288,0.029476042126850337,0.06187325301831742,0.06404855581052123,0.040728069776901576,0.003615074279367655,-0.04213537540827727,-0.10340387779071351,-0.2028425795937835,-0.3626595010746314,-0.5605201531516829,-0.7008946706427056,-0.7347182981556792,-0.6831720035347627,-0.5486329287336328,-0.3150027441206256,-0.017839683681399654,0.2345239736267681,0.3888321434459343,0.4708172259829724,0.5115413850035182,0.5295402573878079,0.5242232598851578,0.4990231707545854,0.46796728705352275,0.45371795574986534,0.47959573053664395,0.549452725912954,0.6361827868434788,0.6993207969791511,0.7241638639073816,0.7240408610433942,0.7214145469344719,0.7294344735979557,0.7425576277983773,0.744979067906501,0.7213653178764997,0.6591741676523319,0.544686745131477,0.35794264660468045,0.09806107723510889,-0.17337008416379526,-0.38141890290347674,-0.5088946992758444,-0.5691127832014292,-0.5779183538376703,-0.5432770668822076,-0.46929218689051433,-0.36971436717598555,-0.29207688697357304,-0.3098829112704608,-0.45244505041290406,-0.6304153421671527,-0.7392494958725073,-0.7832698491228581,-0.798249596385231,-0.7974434276962519,-0.7780923595465966,-0.7251126331634264,-0.6197340865459411,-0.46139325653965413,-0.2918282200918605,-0.15811644965549845,-0.0757908250675943,-0.03657615744973395,-0.020587695724830032,-0.004989976628104072,0.023148603179610025,0.06640660517099899,0.12003132581436825,0.1726077988801185,0.2169076295069346,0.25306121262240516,0.2841025337670646,0.3104121587669961,0.33313679917869415,0.3576919128231064,0.39068533917962334,0.43879564877082156,0.4985038214883126,0.5597052074065059,0.6135792464096288,0.6537040168810994,0.6783062242811475,0.6881420591449358,0.6903568944662278,0.6885060417849619,0.6735902438958943,0.6348191238096044,0.5723905764308829,0.49886208918133385,0.423358535212052,0.3513360031822614,0.29507765110090034,0.2577606478604408,0.23755036203702695,0.23257524191456355,0.24367357697578124,0.2702052228262364,0.30969372854124577,0.3538869641240356,0.3872719686148164,0.3983321749947984,0.3920915530615268,0.3826809812660513,0.37518088841046815,0.35060608318994535,0.27789628680620376,0.1428333329826752,-0.026928154292096464,-0.1770907949435875,-0.28729001995413184,-0.3768299903690862,-0.4747667565925972,-0.587435562394913,-0.6906215426733983,-0.7579132821286867,-0.7891684754313006,-0.7993213416754211,-0.7631004874210798,-0.5774714448891232,-0.2634521198247677,-0.012906762902738877,0.13842566417787397,0.23230106406237455,0.3009700914060131,0.3696452965469929,0.4597292568310083,0.5827835741449511,0.6281060859237816,0.19617436871598828,-0.121976999631673,-0.27752852673063894,-0.37786921735264917,-0.4538533142854731,-0.5068669851672456,-0.5207722332409521,-0.47800114020564644,-0.3919015350419963,-0.29934369931112303,-0.22666591353379312,-0.17648039220669595,-0.13413955703355546,-0.08936517503201033,-0.03690735245010516,0.01883921893592376,0.07014424914924945,0.1061987685206868,0.119909342410286,0.10099460303451599,0.04860911680695146,-0.028923168566979168,-0.11525496071634234,-0.18271925922119284,-0.23256905460028332,-0.304400426034969,-0.42643818605886247,-0.5610702516878262,-0.6549457830928151,-0.695760713572505,-0.6962464400832455,-0.6731143788758681,-0.6393130108914781,-0.6042026250025752,-0.5759034120239096,-0.570029982644637,-0.6046743470825552,-0.6288874005809809,-0.49059596277984624,-0.27142908441712593,-0.08420764963170363,0.0651670719657499,0.17649781640301565,0.24799361867692035,0.28308858941435394,0.2955815184927928,0.294947103170639,0.28412857815878606,0.27943238952817273,0.31424994656523353,0.41404377347885907,0.5750477426280685,0.7398540999661638,0.8316945488779702,0.8421950482859301,0.8079399610207515,0.7390819936132265,0.5849484283550089,0.17413071404082459,-0.46430868385621915,-0.7835765637029798,-0.8833749042007922,-0.9138816590260845,-0.914060328336858,-0.8919428215291259,-0.8475260658142421,-0.7821683089118916,-0.7024120628560191,-0.6093245187772411,-0.5046439120359018,-0.3892885366777588,-0.25993381856360837,-0.12811113230806148,-0.028928276272497562,0.019634211934157562,0.03428647087507346,0.04794535827571029,0.0783430768746922,0.12813307506489424,0.18702307551686406,0.25276173796854257,0.32775265520694136,0.40945320254899437,0.47432059785129016,0.5046105781348941,0.502540969392649,0.4733720910478403,0.4253898998301572,0.36896350661369376,0.30831393450856975,0.24382755860365163,0.17363238906254616,0.10293602432205194,0.045893877686696005,0.018316778011640878,0.022996697041317415,0.04863257132845766,0.08474886363592583,0.13674573219000183,0.20700551757354618,0.29125875953226116,0.3858769835773577,0.4843198760694424,0.5669410659004085,0.6002275327132046,0.578599212913495,0.5349998278068318,0.4942016175277966,0.4685357895938548,0.46049839205382154,0.46821716937618957,0.4898852862004861,0.5263178912849623,0.5784000849155592,0.6363087887525181,0.6790082419924123,0.6707612086350602,0.4591374073854362,-0.486540150126248,-0.8135396437487938,-0.8414389223469065,-0.8124349117479409,-0.7032164477827747,-0.38769704859537657,0.1515753513247013,0.517622786467292,0.6882788014965031,0.7883512412156933,0.8653937453208536,0.9244608532966737,0.9570780732384523,0.9565866549809303,0.9143164123375616,0.7971920513718546,0.4923565004503107,-0.1139909440247425,-0.6158275678973377,-0.8204475447808419,-0.8969243140331495,-0.9303347021796169,-0.946322876602577,-0.9502321491723382,-0.939260176907492,-0.912019697747326,-0.8711395888039102,-0.8166654975747311,-0.7403828446160781,-0.642278973702908,-0.5412674640558374,-0.46060883805234965,-0.4134262483650294,-0.40666165883418626,-0.44855755681681103,-0.5218986784435946,-0.5782611969727827,-0.5878844011435127,-0.5586827472913121,-0.5061926319920275,-0.41988566464670557,-0.23624657403917393,0.08515616523766642,0.32801612411312014,0.4020498206162848,0.40677701435715585,0.3988278686117785,0.39925129994051184,0.4267217838211962,0.4856230268600211,0.557549560287494,0.6198505179247658,0.6572673116028036,0.6624905283386977,0.6342184797720655,0.5689208807511238,0.4666422871986105,0.3110643477961256,0.08866208367680138,-0.17603187571340403,-0.3873642490751815,-0.5195461317826348,-0.6038548010362698,-0.6623559208746347,-0.6973318425287486,-0.7256811199512033,-0.7841995735333986,-0.8757839732350267,-0.8669714864464321,-0.6957508400249669,-0.5568619656579706,-0.5067031094441476,-0.5101389257313903,-0.513623252512147,-0.4452715807849196,-0.2422832416817797,0.1409707486223111,0.5678129233893991,0.7006656748155964,0.663060981389461,0.5934156067415435,0.5425899626381531,0.5232569686324897,0.5311919957051051,0.5647192779139467,0.6182864202629283,0.667532127061381,0.6653974531599874,0.5732937601483316,0.4436041651246947,0.35504925048965486,0.32817760107783306,0.3665794983056044,0.4511893918685182,0.5296718870105759,0.5496558850886353,0.4909480470769439,0.36227901653552863,0.20285957128954543,0.05861804391409087,-0.04729245046345271,-0.11502477022925542,-0.14935448570646434,-0.15129132756992006,-0.10938018804878498,0.017233152733006053,0.2889624209718034,0.2912595742661734,0.18349444884145796,0.0659228318213751,-0.06718825488599513,-0.2162506638634258,-0.3624039260007623,-0.46857986001062935,-0.4973803255201346,-0.43496761901814174,-0.2897816927962228,-0.10000300395238257,0.05641394801623118,0.15545870506412268,0.21660295456474532,0.25545685134393153,0.2900866007634273,0.3373029480940872,0.40509884600027746,0.48340407537424307,0.5515590118578061,0.5996667773955187,0.6177846847432561,0.5941007969720566,0.5161291044071298,0.3791039085715949,0.22161435731608803,0.1252954714178573,0.15497380659819027,0.2898012572606485,0.4374023006415191,0.5393201129769756,0.5932738574797063,0.6117970654518489,0.6014924362204583,0.5709985037604759,0.5361108480794723,0.5175487709976316,0.5215192021985983,0.541017999526722,0.5638082329048919,0.5798532491281153,0.5747253531515475,0.5252569607287759,0.4009148252320566,0.23761037586059466,0.09598460112738313,-0.047789484448942994,-0.24733691587148382,-0.5063610625146377,-0.7027929067035378,-0.7340412116909837,-0.6450533046561839,-0.5066837154278002,-0.382797661167575,-0.3275863340955685,-0.36925643926667884,-0.47423196836924153,-0.5566845160721994,-0.5930869533409392,-0.5824314074023382,-0.5264236818692226,-0.4241864030077885,-0.28477893396733817,-0.14635903849712337,-0.07496233724024329,-0.10839111905805217,-0.224259643158347,-0.3647114462051532,-0.4760676513900772,-0.549987630624436,-0.6049702891591183,-0.6593042834351263,-0.722825301912086,-0.7870191621585586,-0.832381431378698,-0.8462247205370707,-0.8189963716918219,-0.715096363902185,-0.43633595220034305,0.0025128319627634953,0.31980984447249483,0.4824585420594423,0.5764424284952608,0.6457714793569245,0.7000581074310284,0.7294432821054486,0.7174200297619062,0.6355708070490257,0.42091332274858023,0.024451431692584652,-0.3784506652976244,-0.5982316365347443,-0.6597693626040213,-0.6110728484303798,-0.45461539527655775,-0.17830642453699747,0.14169342935687884,0.36658830056623537,0.47144481596464005,0.5001357539927855,0.48841263467745194,0.4552181608763316,0.40071491048265434,0.31050476590173404,0.19065018003920498,0.07246881084774752,-0.043990256111978134,-0.17174126658601235,-0.29250749722917885,-0.3900404940929133,-0.48172465871790726,-0.5956008069263544,-0.7034981447894552,-0.5660121228307066,-0.24969902236415822,-0.016676987243209124,0.14574431350149566,0.26576712159486215,0.3451859950629633,0.3851285163325877,0.39624052936314813,0.3964694713779425,0.3973538021886263,0.40253193156719325,0.41405064787173745,0.42969474998490714,0.44320434787853036,0.4431660692613252,0.40318093858015464,0.2547517750570952,-0.022744787999906296,-0.2055016914894771,-0.26550302973849865,-0.2597283961739055,-0.21051001053589305,-0.13273744716067754,-0.04461523007046509,0.0371382618216817,0.1025171519769249,0.1532699324809967,0.19564528951263643,0.23923201543787168,0.2864899007906562,0.3221487406244871,0.31697640305268904,0.2690042634939077,0.1852305020531823,0.057267847610822833,-0.1082322899492533,-0.2717838901126446,-0.4021574350145191,-0.4933767265490515,-0.5506549762931435,-0.5819823842808114,-0.5860088327969881,-0.543454830014667,-0.4334834755806639,-0.2830901755199811,-0.16046393799628964,-0.08715761665158503,-0.05009040083482193,-0.030514423972402265,-0.006250823415352414,0.05707826293360643,0.1838405092244369,0.35498610728046737,0.5118528927808672,0.6138319205759791,0.6465769440218379,0.5603208391902585,0.17795028131841162,-0.4266982289314626,-0.7378789832731718,-0.8717222840028449,-0.8971243642942331,-0.6802500305264596,-0.28048858092597295,0.019106970371348366,0.19317438556914754,0.29197797904895945,0.34981242361527115,0.3892517411392689,0.427212634928471,0.47073567307749675,0.5166883382171473,0.553764698819106,0.5735384411399918,0.5733078385106749,0.5461436607917471,0.4687459129168102,0.30657896827245756,0.03447548934929847,-0.26639072348524845,-0.47314019280638625,-0.5757689983700461,-0.6126732708345052,-0.6035186220385261,-0.5593489865293122,-0.5120769484222331,-0.5115612392691365,-0.5672776081554568,-0.6427294175642774,-0.7068332770561094,-0.747617555103622,-0.7673851638819178,-0.7777834480653122,-0.7932042281296852,-0.818394573697135,-0.8417716253292956,-0.8267423724584191,-0.7568485523138869,-0.6727625463471573,-0.6026020946534556,-0.5432548851487755,-0.4855320823330966,-0.42320918588792245,-0.3584864229563253,-0.29798631232517103,-0.2419507958873912,-0.17343731672919976,-0.0562940738398233,0.14774462084341983,0.436684943575845,0.7132332277711415,0.8659738971906127,0.8975105869414595,0.8580896366084739,0.752071939887717,0.5215997409523503,0.1577680629299981,-0.12851588780524698,-0.22999483430310852,-0.20300223411973095,-0.09009914826672882,0.07918713180633356,0.26519226827833836,0.4283984430250052,0.5657882519305107,0.699066476679568,0.8252889391109723,0.86981261476798,0.7329860801726216,0.511715814453732,0.3365242763719287,0.23370746658999092,0.19866873645216787,0.2325710117629416,0.3366975598580808,0.4947532294206173,0.6526763936561542,0.7558441613954815,0.8057427451921114,0.8254324087288888,0.8043681073430118,0.6962133469555958,0.5130447197444538,0.3402870332698354,0.21950479329113848,0.1473426626821398,0.10810078721219807,0.08680350995232029,0.07148232678148111,0.05156643025073907,0.022390242884979865,-0.0153089775993809,-0.07364291673024376,-0.1472326099739852,-0.2058536024046473,-0.23690087707428326,-0.24431443150153873,-0.21956226061193868,-0.15538506586504305,-0.030466709601095713,0.15178171094056106,0.296613501820335,0.3670696732721298,0.3944875013720463,0.4011643517026653,0.39518578433623136,0.37659207371712017,0.3485658480116574,0.3132007290970808,0.2737254062342898,0.23401198166198678,0.19007014133644157,0.12599674434597283,0.01276116851552445,-0.15171327214163668,-0.3496145777524109,-0.545441716571804,-0.6558996722120586,-0.6770243530342279,-0.6567039443287737,-0.6120039587875682,-0.5377846653203844,-0.4244681700689176,-0.2745944188354878,-0.11588991878960489,0.023125780373596052,0.13291962068655974,0.22587006977777804,0.3196328841168999,0.4303370832794257,0.5570376723602349,0.6707063502263249,0.7552769884104306,0.82069309948083,0.8767375805659596,0.9206608382870626,0.9447304665917099,0.9452560101158728,0.9324315675385134,0.9136383820693187,0.8716556410322498,0.5264830459632005,-0.40646914205887025,-0.6503735682188753,-0.7318697037827222,-0.7888009438284215,-0.8426114732216452,-0.8992591716317929,-0.9539022883585552,-0.9792717407043094,-0.9369114360744712,-0.8281200177579338,-0.701220653478492,-0.606224659834954,-0.5673004472221154,-0.5782420863330441,-0.6021552392959593,-0.5829706497363658,-0.4850511967362,-0.31781106942001985,-0.12364753171406026,0.06629109753941208,0.23896397409175277,0.3970364535761534,0.5391285196862186,0.6589942835205553,0.7509296774831976,0.8030107498341873,0.8148841155705051,0.8061589798704188,0.7936047135352914,0.7793011339314123,0.754252452196575,0.6882504581904907,0.47769382506502617,-0.018710704726555213,-0.4126817488645659,-0.5161207913008352,-0.4628578559226457,-0.3066284829755471,-0.12114110731026509,-0.022599837204490686,-0.05670740545898768,-0.1994627440259714,-0.3954366999788461,-0.5666112533409039,-0.6784561940579166,-0.7430321374926666,-0.7784696935680319,-0.7992617710400995,-0.8136452448451894,-0.8185964480010056,-0.8040028949661688,-0.7566118241318507,-0.6367115686432382,-0.3704054246927219,-0.0059186549969065866,0.25600206246378193,0.38190133523722686,0.43707143479264304,0.4580364489908524,0.46092140022271,0.45309911335661596,0.44662083831028504,0.45631746719231064,0.487758860824642,0.5327390561109353,0.5815863426459984,0.6230063515090849,0.6473566136076426,0.6420042580215958,0.6083987498368747,0.5679927210431265,0.5246583600717273,0.45766993497659175,0.35912289182748625,0.26142836953186793,0.2055253517781228,0.21650783357489778,0.29859328928092155,0.40450213469439783,0.4816965111722895,0.5368882929455274,0.5855822573120958,0.6350859801473653,0.677527266542154,0.6872255615478745,0.6523274074400456,0.5851430421277882,0.4885171861324856,0.3657174105542895,0.22336708402763109,0.053126691765455564,-0.1689590985562048,-0.4071210560430616,-0.5789199617149028,-0.6900056619496112,-0.774843072374129,-0.8327794036635535,-0.843324270367245,-0.8264206288536853,-0.8128048210691045,-0.8109828855004897,-0.813070509007443,-0.8000112748272087,-0.7323078459074369,-0.5548933318679993,-0.2671959525357576,0.024873886700612247,0.23588775471216342,0.3550818800332326,0.4139557319510327,0.4430855571026842,0.46295730084246567,0.4824632629624876,0.49376399942273114,0.4788223069288619,0.4252952597363488,0.34504985817589434,0.2666828736389241,0.19352002041643737,0.10704424227397281,-0.01709541266102921,-0.1875613176620569,-0.37944574568818173,-0.5533892046102968,-0.6889346717677249,-0.7860522936924116,-0.8486319795175044,-0.8790798014109333,-0.8771994531501972,-0.8497500885927267,-0.8199977265540395,-0.8038656385304708,-0.7991568458357784,-0.7978022086741582,-0.7962705448372804,-0.7884731576303632,-0.7619310814856168,-0.7031369801858027,-0.6021471441584009,-0.44799547637936055,-0.22854740940887874,0.019019442363405994,0.20578114710325757,0.3068672296171908,0.3572732839449736,0.3938157171310253,0.44417101193220515,0.5238190565459578,0.6321480186924502,0.7370026985566573,0.8096654728237602,0.8545535913546582,0.8790627447102722,0.8890722272669438,0.8916571425928718,0.8913996511353772,0.8891956641371062,0.877680049252814,0.845325811292853,0.7735110794773205,0.6498826100873046,0.5445296895107956,0.5523320687893651,0.6311579713751024,0.7156270863308177,0.7779873757023819,0.8184328165140187,0.8478929021301621,0.8737741808493811,0.9010417933542894,0.9325208397383276,0.9292048127948399,0.8449066179528972,0.712451462120593,0.5921901086152628,0.5036086865928661,0.44485653775935574,0.418323713042836,0.424692465402591,0.45387224336759646,0.48192789127825775,0.48333169928080166,0.44526644359179995,0.37181162979415827,0.27490133496857905,0.17495213011067717,0.10601889032543013,0.1135311290229552,0.18811901842165082,0.27372991406914365,0.3093955968089103,0.21384852127916004,-0.15673855428629432,-0.5732804227408134,-0.7487533889777996,-0.8188160582990454,-0.8595866802664418,-0.8881745572402439,-0.9069152394548483,-0.9155291556688535,-0.9135037808344743,-0.8985278012569834,-0.866200014819881,-0.8102415532273124,-0.71979828211077,-0.5722943573662624,-0.34269027443901234,-0.07389043204947776,0.10406507194437871,0.12081494465510724,0.021438966920819556,-0.0941836421871619,-0.15893858707941522,-0.17921999995565077,-0.1902799171485899,-0.22511629925888768,-0.29514345877264203,-0.40359265666507155,-0.5580298893120903,-0.7502885080441628,-0.9132316571609395,-0.9320477772967585,-0.7881757382561372,-0.5481891365795943,-0.2722708690540562
-0.3755343161341802,-0.19527789933753997,-0.09789843096448754,-0.14347614787180146,-0.28817809804010924,-0.41385784723456215,-0.464380838461314,-0.44230933317722854,-0.3595839648261068,-0.23766371968230499,-0.10807548010426793,0.010591992761335406,0.1073006094403505,0.17392165160372705,0.19809204646051604,0.17136427565778029,0.10526029712796829,0.035480185869711356,-0.013295806953971472,-0.039786365213002,-0.050002003423239634,-0.03969123050028717,-0.0003460354502781373,0.06738293969362673,0.13208883696762408,0.13708070483489393,0.061622630364061286,-0.05528289493277368,-0.1460567923723147,-0.17920149374490976,-0.13950141901806865,-0.002836344377463772,0.1807872678568756,0.29316111937970313,0.3433846199072561,0.37265285089340083,0.3916001800907996,0.3941452459435302,0.373095207397202,0.32519398642836106,0.26268829447111075,0.21057565983624907,0.19118560977884505,0.20744921294021795,0.2454595563902176,0.2940596162635757,0.3372738942368423,0.35626186067318727,0.33485849304610227,0.27001044340771535,0.1724425191961109,0.06097605571506697,-0.050223158247812434,-0.16105798350487077,-0.2821178464463223,-0.4165193707920817,-0.5419511588353509,-0.6301150082750634,-0.6858752429304132,-0.7170761190418689,-0.7081586576670876,-0.643611424013966,-0.5291806807226211,-0.39227688035409847,-0.2842137613337897,-0.24294901508058667,-0.26670497431478907,-0.3264248997573673,-0.39620191817985345,-0.4604451500727092,-0.5202602664234974,-0.5852683850398479,-0.6597005380150078,-0.7196778339844779,-0.6861981658017569,-0.52709466612852,-0.3425010013273502,-0.19243784925081864,-0.0769420852650497,0.023977299201495272,0.12851468517570017,0.2410758845413866,0.35737367540458964,0.46582011237207616,0.5583775424532154,0.6205464628110814,0.6321918460664584,0.5816161967172767,0.48585986669136133,0.3776949225708559,0.2781716369787965,0.1968396601628505,0.1330670995600349,0.08821502246785536,0.07057579002147972,0.07956082314920086,0.08556087985098908,0.06564346838910218,0.012256145314836011,-0.07235214572797025,-0.184006741580257,-0.3156386378607217,-0.4361979795065937,-0.5232124462751782,-0.5736999615691944,-0.5959471582884188,-0.5705030767018858,-0.44694435597516247,-0.17831842612411344,0.17802049137180648,0.4373947623380039,0.5347895268317974,0.531352117429008,0.4844347075950746,0.4171745655118745,0.3266483916214155,0.21055810379415985,0.0701755332318225,-0.0449953021489231,-0.06867380202136651,0.02799408072646586,0.2152250224633533,0.40149119411235035,0.5229130002481444,0.5849681193186159,0.6059566784129721,0.5909841253167649,0.5355796555918484,0.4244804426048179,0.27017360655496486,0.1508200942588556,0.1517750691512597,0.2754176584909315,0.44471537145537654,0.5766636738240477,0.6426477958818188,0.6489601518725419,0.5928286628291971,0.4485843095865156,0.18760272044481513,-0.13304760771361265,-0.3972424825630515,-0.5835859274646481,-0.7128673330301474,-0.7962666718984915,-0.8416490159724516,-0.8602107964606236,-0.8546165706828757,-0.82034484962013,-0.7573227377523234,-0.6908650393739126,-0.6666059546554214,-0.6976345021870732,-0.7558864251021604,-0.8080296755063584,-0.8316409140890081,-0.8219479883734172,-0.7741486624644478,-0.6762364992189597,-0.514672537433014,-0.3147107111277879,-0.147584498025942,-0.06260234573098268,-0.07716585637232884,-0.20355320570883756,-0.4149384539098759,-0.613088216545042,-0.7290996226179363,-0.7632808510612442,-0.7314384594041774,-0.6504816014926214,-0.5452447037625384,-0.44410861524883954,-0.3758021746400886,-0.34386444135184774,-0.3162030040638618,-0.25312386668548653,-0.12770359313742513,0.06905318200067878,0.2961009328013845,0.4719712975671994,0.5684191462662904,0.603497061963242,0.5846358308956001,0.4934873885868651,0.3295117665094795,0.14729695332304701,-0.004531088868987114,-0.061714422828035555,0.05624831558674815,0.29182261925479075,0.49307302040946865,0.60725857079918,0.6567967729346105,0.6680489152094611,0.6573808162017303,0.6356369030345541,0.6175212410466919,0.6181452368061515,0.6402405152734882,0.6498633021671111,0.5907659672651061,0.48418019196779816,0.39357712277276274,0.339934073687139,0.315780664180416,0.2993007984960313,0.2679538954897212,0.22154160770196454,0.20185910013882571,0.26223206697425583,0.35250679051054656,0.4099809906378211,0.4266332920467914,0.4097271625843891,0.36383575421078296,0.2893679419076964,0.18217418318108952,0.018639324517610162,-0.23477838456425232,-0.4779916279220671,-0.5366282774088973,-0.5032031984748808,-0.46154863420120856,-0.4330849241453995,-0.4209285930828579,-0.43087742449816424,-0.46972111276497147,-0.5178467939076539,-0.5213761569924306,-0.487586858036107,-0.4603538820551765,-0.45683456749276513,-0.4765855645179313,-0.511433953231274,-0.5500360694657286,-0.5817164930338717,-0.5974296252107929,-0.5935372911396565,-0.5683585805447978,-0.5270440186947166,-0.4771819443502235,-0.4196741356383277,-0.3502417758344058,-0.2693444262486056,-0.1771146724453296,-0.07401887545135369,0.03652098739667376,0.15310677420133767,0.26156995065277827,0.34149927090378146,0.3915359774570707,0.4106049487704276,0.38655906469655316,0.31769519893215653,0.22280361771839208,0.14124058075590162,0.10056150673906127,0.0993441455891401,0.11868110749492303,0.14363483875681893,0.16507525314922664,0.17623438543104095,0.16296287283490343,0.11656593676181014,0.09437603588447757,0.1375287040030027,0.24930247263360966,0.40738299032665,0.5414456966522723,0.6172741500808046,0.6564277976234308,0.677304504552237,0.6808288013213656,0.6586228381277628,0.5900132586497275,0.4622712423663203,0.3515047595114127,0.3355343714788497,0.3728995110329723,0.39827122118404584,0.3789058610488789,0.3179934608537534,0.2339582512066108,0.15104088913345498,0.08547486187919918,0.03340611772744321,-0.02584572179670888,-0.11120754590150644,-0.22019952610972168,-0.32473248671462174,-0.38230727203394627,-0.39415159017161505,-0.3941975922931807,-0.4082792681797145,-0.45007834223461973,-0.51067015679157,-0.5609211428257668,-0.5751209933421823,-0.526487638472397,-0.33963423024457595,0.09742917278967045,0.48230473943123847,0.6118903380179431,0.6223976560363902,0.5640323250605804,0.418417952238239,0.1349350448466473,-0.2623747413356374,-0.5894410834252368,-0.7631477158094799,-0.8426329973639793,-0.87967625708064,-0.8999592334956846,-0.9097721518428038,-0.8803133198827314,0.5432723743078486,0.9385490688622159,0.9627997935389867,0.9711420875866588,0.9729417170695416,0.9679074086274964,0.9523573332909219,0.9186129102099982,0.8545215902301607,0.7336435471247067,0.48929981617962515,0.07058882275107664,-0.3105933148797793,-0.49554506736106624,-0.5657618515107606,-0.5806588650006144,-0.5560283527621964,-0.50182508822714,-0.45024774603981416,-0.42407682815183,-0.42537629280829703,-0.44917602357204733,-0.49156552711221324,-0.5446571882124793,-0.5940748054053416,-0.6148197200244969,-0.45652538098504647,-0.0823711828136288,0.11415523691917004,0.15053386388031367,0.10223711745785444,0.016459363518664817,-0.06671672548901628,-0.11505538660295114,-0.12046265248585371,-0.10259932650159762,-0.06729974106449409,0.00810505998506852,0.15799560019718575,0.3110679549656187,0.39949895394190704,0.4641330219355479,0.5166357370768238,0.5541027151387802,0.5880297108142039,0.6155494580866597,0.5688055953759649,0.43753610303970436,0.32593326449181953,0.252825110612092,0.1792817041455717,0.06252174883132512,-0.13887586173090252,-0.3943129537843481,-0.5907522764241672,-0.6914933031086951,-0.7262603381085043,-0.718584338443014,-0.6745075399771038,-0.6111388907090142,-0.5581780534520436,-0.5209816509432033,-0.48140360063216076,-0.4349405185493912,-0.4153843505910879,-0.4840705918727525,-0.6275238880383305,-0.7566614092963421,-0.8305392371343561,-0.8593280501989901,-0.8564999718071435,-0.8008603359001064,-0.6046682190873159,-0.25122180183488513,-0.0006410062353163843,0.04953335020797353,-0.07032089114600139,-0.27542195056781527,-0.4242085709535315,-0.49370774284735797,-0.5007026684150322,-0.43024499644086894,-0.2246228151345784,0.08561829516664249,0.2740032511334917,0.30788234839362544,0.266964938945928,0.19457272904760392,0.11563511872072882,0.05884082662335696,0.03409681186931997,0.04236208153534741,0.0698617834509425,0.09893878170521178,0.11082757452988443,0.09183991177190748,0.031244465347808906,-0.07153093183851136,-0.18540830800236316,-0.2779602921599169,-0.3429064959650599,-0.4004394804320719,-0.48006833897904916,-0.5947870102959988,-0.7020107820320793,-0.7408509604655241,-0.6667689582824884,-0.41703944053150993,0.007982472541991803,0.37773350270568545,0.5797759558820196,0.673607977015737,0.713717345598292,0.7310676319629268,0.7443873066082298,0.7567263401911316,0.7589659724391127,0.7443469157574686,0.717423800839585,0.6905986824992278,0.6668013244958602,0.6355681511484339,0.6023059356000727,0.5793569203640505,0.5632575066785558,0.5408286668317009,0.49892632079096416,0.43452267925417193,0.35226825580470733,0.2609263143361178,0.16543103718698926,0.06495366797304303,-0.04426593536037585,-0.1565110446615677,-0.24695285746191117,-0.2932890071085801,-0.29211347083200145,-0.25087234968864597,-0.1757748839898836,-0.06653210542288071,0.07197782854764506,0.2104572617517675,0.28212751730607855,0.23205416551286803,0.12155353983352449,0.005957754368511592,-0.10256951097630809,-0.19399487323177123,-0.2499888569300105,-0.25809638988860933,-0.21580044821484518,-0.12968337220503454,-0.014752382284231839,0.10545730345719877,0.20572933929118165,0.2583268527168681,0.23684337510248996,0.14834131938215397,0.029208740028904206,-0.09016616062526728,-0.15770145063865415,-0.16984611550422893,-0.17578041064032585,-0.18927663866065128,-0.2044117900618129,-0.21208717621317166,-0.2053907035265043,-0.18273851639677208,-0.159542539129445,-0.164495854020214,-0.22344352295470454,-0.32758482145613754,-0.43115489917864314,-0.48864493475536547,-0.4912034357917945,-0.46228837228548486,-0.4430107760673667,-0.4653168424991892,-0.5399041125392622,-0.6409430134805788,-0.7162146044399456,-0.7382792036259345,-0.7146786516254541,-0.6595799443153124,-0.5809198938734886,-0.49178938720138715,-0.39854858742753363,-0.3122176707754341,-0.23765504413668873,-0.17176470374281302,-0.10509025280962582,-0.030495558524560273,0.0544459192752897,0.1459688662767685,0.22918150321056543,0.30095867831104545,0.37356225429728857,0.4620472957500113,0.5663076248725207,0.6621496457699992,0.7118875494455931,0.7165533635982478,0.6954734520690564,0.6511582333670766,0.5733416149146089,0.44348003816667775,0.2648189914225343,0.09229925208236198,-0.019794988014299443,-0.06014108052303595,-0.03828730198963998,0.03516425191074921,0.14294891914438873,0.25507676127841317,0.33608614053811414,0.34701233573714096,0.28896761654594216,0.19814005047931388,0.11191549742363224,0.038969331772223934,-0.02867062220320977,-0.097677822853899,-0.16690228284136635,-0.2264620488430892,-0.27252475218337313,-0.30632802889203636,-0.3305135316106221,-0.34097304528405126,-0.34323377852341974,-0.344286406761716,-0.3341940316359586,-0.29282534973936863,-0.22573936525267793,-0.15520834579970852,-0.0912486511934417,-0.03201481853652675,0.026886455037861662,0.07705982330880502,0.12132738011444567,0.16613787909570515,0.1938407181003962,0.18252584144511547,0.1319382724562583,0.05786609103879071,-0.0301791214169079,-0.12663524554596978,-0.22351843150950906,-0.2987200381426756,-0.3318332633231727,-0.3300748177411333,-0.3087125133333195,-0.2737950669312684,-0.23161423814211185,-0.18871127655751962,-0.14986117728416926,-0.1146570548934504,-0.07987365167835635,-0.040377214550574796,0.004797017294460274,0.05265625124858813,0.09986543471170821,0.13977276262669677,0.1646471570479219,0.16921026681468526,0.15541211562604562,0.1646470748076506,0.2371989267284879,0.3362493665946508,0.40825899989849307,0.43499530564238087,0.43248389354944516,0.4198459661391651,0.40167369524736923,0.3568807853767526,0.23848291131361998,0.018003002209645437,-0.2242595595561514,-0.3872131723540246,-0.4626368325995693,-0.47912767949199786,-0.45350774865553695,-0.38891705276457317,-0.2739598333722695,-0.08705097370502543,0.1250326007660771,0.23115902478855957,0.26719667807895886,0.29210355848737546,0.3257590187276138,0.3723465757202824,0.4348582317374976,0.5134133911210647,0.5777438047431228,0.5777388787450162,0.5188728704670658,0.43776861695312036,0.35185692212717123,0.26921027055080554,0.19099338833497959,0.11563792649161614,0.04829288600193996,-0.011208562719767669,-0.06678695854620273,-0.13945348232489657,-0.24034726568671816,-0.36524524029281785,-0.4940696945069931,-0.6038530577366577,-0.692077252142878,-0.7624419660906481,-0.8217113320467379,-0.8667759893004481,-0.8863820292526726,-0.8827634338411429,-0.880277041505661,-0.8939454098476254,-0.9011251312585832,-0.8210497636803561,-0.49446642831004645,-0.09030761067823788,0.11734910480904805,0.18270621051256417,0.19844069632478237,0.2239409996383579,0.28752034267532417,0.3785804040764002,0.46167406380455533,0.4788138937615198,0.29844419574565445,-0.0844116387620171,-0.3694423295929069,-0.5281502033070489,-0.630351335045063,-0.7162339675539429,-0.7975049816981538,-0.8583721383549865,-0.8867537348470792,-0.8848289588813198,-0.8112975265740562,-0.3027994136167225,0.44956524988377344,0.6481828438355496,0.6960630539198437,0.7012038255638309,0.6796752543277661,0.6179460643688447,0.4729533697664074,0.24376633017357774,0.11011181660992586,0.1625536014978677,0.3198077995999957,0.4855446564320193,0.6006388597050352,0.6389923794750937,0.6015008326093625,0.5037615252803814,0.36795296291897656,0.22907809446323532,0.12683934079219372,0.08115408444285196,0.0862971395552507,0.12066690538941259,0.1659481115600775,0.208033360488674,0.23475351510460635,0.23966280805133117,0.2185846403122122,0.1801071848840479,0.1356620550912547,0.0770617929593666,-0.019793430064747382,-0.16774929912639341,-0.32333643487317426,-0.4288984955212215,-0.46878054747869313,-0.4503890668319018,-0.37241494898292027,-0.2194372485752227,-0.004091680323206548,0.19436993255963944,0.2989243147508327,0.30276651618527034,0.2274166237597825,0.08598468200588573,-0.10212772528959167,-0.29076437188709836,-0.4360534196830422,-0.530038647221839,-0.5800475536947485,-0.593889831506046,-0.5824876268890975,-0.560101437411279,-0.5451130889213448,-0.551913727734814,-0.5900253728100804,-0.6611990330075297,-0.7458267998123238,-0.797184615636401,-0.7367593141915286,-0.5333132061294547,-0.3346722075573596,-0.24437777239821873,-0.24134395263286607,-0.28443009426259636,-0.3404407625881178,-0.38973806775714986,-0.42079468750890964,-0.4141460430728157,-0.34215295035628934,-0.15980744768911653,0.18096812410970547,0.5678465699011364,0.7866442457140315,0.8604483922422042,0.8632601339622517,0.817452981241554,0.7299601454489566,0.6305685909909169,0.5484619090067683,0.48862272956549635,0.4421310530569964,0.40122013513297267,0.3564743965431881,0.2890862011523067,0.1815554858425406,0.028364582049512237,-0.157043112072497,-0.33902542892992915,-0.47741813079422796,-0.5532142717277905,-0.5607313633074067,-0.4743111688128258,-0.2492803892167856,0.09590115814171103,0.43896860558462486,0.6883310979858153,0.8385923377487661,0.914496650488703,0.9369764665989072,0.9157713986925006,0.8448593063597478,0.7102657487583408,0.5425507331815829,0.43904467472847714,0.4206424266197812,0.4269051754648507,0.40575533838230227,0.33401042199533487,0.21706335742937083,0.08845668001350508,-0.014551522651030597,-0.07832978023122973,-0.11064082857017635,-0.12705688852993513,-0.1389949311142149,-0.15016284818165365,-0.15948139668197286,-0.16192692138243153,-0.1569238434808744,-0.15239015609306192,-0.1654322741730114,-0.20940046595376388,-0.2888978773782872,-0.38813158759884675,-0.458286455863806,-0.45351673221090855,-0.38378199809051455,-0.28422161796008494,-0.1797392188868636,-0.08312747469095746,0.0013583845709884978,0.05893908554166389,0.06608861935800696,0.01513101865183136,-0.08670118168969469,-0.22829650837370194,-0.3921646163428385,-0.5303117772299568,-0.5867702213988777,-0.5804759861633044,-0.5556604839272199,-0.5268271842460696,-0.5011266762054978,-0.49461230856361915,-0.5128906319801728,-0.546354368792209,-0.558538223818871,-0.5237409791544524,-0.4609112006056099,-0.3978988830212792,-0.3463033940998459,-0.3047025222808793,-0.2722640125369591,-0.2504458195907984,-0.24322905204862427,-0.2553873798366547,-0.29925846514720256,-0.3722279959556768,-0.4343615393841791,-0.4403452270541027,-0.3592409781030576,-0.17961572460421188,0.068709483349194,0.30223591521246657,0.4671176839418035,0.5716547652472802,0.6465639218562332,0.7062917331444618,0.7563148189454812,0.7972990956170939,0.8306629972542379,0.8566266186850702,0.8704087110290195,0.8664298073373172,0.8376545913180137,0.7640511204562543,0.5635144114928576,-0.038510095854747795,-0.6218521426806871,-0.7449696053706605,-0.7321415240178034,-0.6477695994496518,-0.44324928915728073,-0.041382456388208505,0.3956058295552798,0.6277592922993637,0.7042190458559824,0.6971863678043663,0.6255227969871324,0.5025625042010972,0.37033887864249254,0.278425480272668,0.23287355518442485,0.21878000015952598,0.22054004926386342,0.225442262416144,0.21718381536745354,0.1777853848587499,0.09493142027318147,-0.03359815356105328,-0.1817775514209093,-0.30683214961231126,-0.38444489468424403,-0.4095024053216597,-0.3759093992965458,-0.3027430821261696,-0.22386165063504623,-0.1577956419409283,-0.09700497699900484,-0.03843144307197688,-0.0012325618069208186,0.00440127191813759,-0.006506816135167777,-0.01963812582227292,-0.03749463361131424,-0.08014712279888875,-0.20549131462530276,-0.49608889354770086,-0.7879164077033731,-0.8584437715643992,-0.8269613159349329,-0.77619797613139,-0.7260460251671943,-0.681354231855292,-0.6433401516487234,-0.5912550749513233,-0.4962614807578058,-0.3865235105363485,-0.3104046526006854,-0.2747180268472962,-0.25976917239411684,-0.24282778426351437,-0.20911792623348927,-0.1544933837112655,-0.0899506442970507,-0.03157881980205195,0.005446096168863411,0.013355639129680045,-0.004327346575945091,-0.036172582977362665,-0.06776963466005864,-0.0881167131073837,-0.08998098190161198,-0.06746049724190399,-0.06592730317150279,-0.151349913101471,-0.27723431219224715,-0.30271307407103065,-0.140732349934279,0.12442622036581673,0.3436117873304849,0.4801311867159908,0.557158548569259,0.5972868037001509,0.6189032505389396,0.639398714445191,0.6698778487836367,0.6972722258208909,0.6476459607783761,0.4769655117254556,0.3196539048417324,0.2234087942009052,0.16732456021689793,0.1340131117163992,0.12273470067019267,0.12946427330117008,0.13719536984961542,0.13124413381715214,0.10861429540530763,0.06045000874526557,-0.02556324984953295,-0.1628150076672757,-0.32549921537632504,-0.44295098928039855,-0.4570661568711414,-0.3519457202670327,-0.14025139731047578,0.10999027133806154,0.31691424175568195,0.45193427626447497,0.5173400107360301,0.5178916127022856,0.4490413551774615,0.2819302179129939,-0.02340513054162339,-0.36139746529893835,-0.5377206663743032,-0.6015781360128105,-0.6417690232793005,-0.691747547780656,-0.7387640298456195,-0.7511421680800672,-0.7157825157680854,-0.659052300194377,-0.6124280509146187,-0.5866006654596576,-0.575004667905791,-0.5841720238126181,-0.6273656180355506,-0.7152033413238041,-0.8163298546222492,-0.8745409121377169,-0.8613554457217274,-0.7733776724260887,-0.6227971765543742,-0.4499960084618777,-0.29615279991630344,-0.17279604915868918,-0.08788553276911751,-0.039730917345598915,-0.024197070546471664,-0.040926568585637355,-0.09932369321703402,-0.21275044658767392,-0.3598122646650771,-0.48227718720098917,-0.5437240172576945,-0.5438260769772263,-0.5115658710713081,-0.48726649299737523,-0.476610175637896,-0.44950909925512106,-0.34709647762816687,-0.05403904405400726,0.43322355985773586,0.7351856253836476,0.829795652119013,0.8471115198634235,0.8390401346882065,0.8317276352481323,0.8402878005323494,0.8633172504900561,0.8869992314173788,0.906213396520705,0.9253296718498991,0.941823714362759,0.9317838568999763,0.8437026924929829,0.6388552486558524,0.3657582894249652,0.1137376974468944,-0.0694155717439826,-0.18997461564147763,-0.27572294197054814,-0.34634967657629034,-0.4116223333205797,-0.46364917628207164,-0.49273020602819834,-0.4931878018407516,-0.45912905508438856,-0.37936619053501436,-0.22574093252702118,0.014431138590087576,0.2751966957388935,0.4614027016737274,0.5553007007241441,0.582946918082493,0.5604468014058447,0.4992254818794533,0.4241485738234649,0.38216634707442143,0.3987658722848401,0.43718557661137897,0.43529367436690297,0.3387091033328943,0.09067454314956805,-0.2785558501389959,-0.5620907190993698,-0.7099840175215716,-0.7876985226273364,-0.8366871394965106,-0.8660751440948254,-0.8659768253605366,-0.8322305139308268,-0.7852032058098442,-0.746479554911999,-0.7129381788025205,-0.6799317454656787,-0.6543809132680477,-0.6414416683616885,-0.6514373036247987,-0.6844269395934642,-0.7046893342551624,-0.6319421956321117,-0.511777840120681,-0.4265911753924127,-0.3775769733445834,-0.34323274135949283,-0.30617956223220133,-0.24875009784518426,-0.16424991113772017,-0.06676568409702258,0.01503965645749899,0.06981502404711336,0.1041436502695727,0.1250098234681863,0.13492473426368745,0.1426557180974219,0.16116705273114726,0.1989638434189004,0.2550211954620435,0.30854328929514835,0.3284784798452975,0.3021740065668337,0.24273204106246837,0.1690145654238274,0.09824978728253783,0.04872926299191088,0.02403839724120674,0.020035128360594505,0.026512334678345094,0.03954471450225867,0.06941635284460942,0.1403967325626949,0.258714439000941,0.3852889590982984,0.46645031776590923,0.5018730545222265,0.5118750760176835,0.5129313487795998,0.50748627170747,0.4918898217406866,0.4729744665311331,0.4500052521869405,0.4179178703510049,0.3649738573626558,0.2829873803829162,0.1718729082596496,0.04112468179474884,-0.09447202650505397,-0.2030439305460627,-0.2475340047426611,-0.2249568666152125,-0.16102857367462903,-0.0727857322886159,0.038681019078384865,0.16861476632897104,0.29288483817967986,0.3766467372520538,0.39846143255835587,0.3715334318952441,0.31278542069254356,0.23049001367395378,0.13191734015740605,0.04135640616017093,-0.022991809232653142,-0.05891259424537351,-0.0721422927359831,-0.07303841125461483,-0.060453757205621066,-0.039916836781320984,-0.009819531495738132,0.017590450651750973,0.019445886680854188,-0.017474256393164394,-0.09655500291393386,-0.20468729944002795,-0.3080640218499061,-0.37105596008948194,-0.402724580475816,-0.45022233461765093,-0.5676663263673584,-0.7210083728797896,-0.7913673349231545,-0.8017080015669014,-0.8009545721364764,-0.7981324972573339,-0.7953506574959784,-0.7915484000041473,-0.7837171643115194,-0.7728076344175827,-0.7645676279964995,-0.7630437357568186,-0.7686643006512646,-0.7695531218304289,-0.7339479955737848,-0.518398785935273,0.2953267212028371,0.6969036039566668,0.7781750504346951,0.8038245459045577,0.8125057179297199,0.7979258175643332,0.73161249544986,0.6075416431505469,0.48269423750142154,0.40521634722361616,0.37627889510699625,0.3819970903718871,0.41017226673989404,0.449211438487854,0.4919290958564645,0.48394668407556474,0.3981336606388348,0.3598584368857781,0.4056782971956749,0.525881442683434,0.675247254168253,0.7547143134953116,0.7312259065741811,0.66790453145898,0.6051650234185051,0.5511501728333476,0.5045430455747386,0.44204881440124183,0.3199158333504767,0.09492307134573087,-0.2117425901244195,-0.4867181373983869,-0.668831858765455,-0.7676353101232807,-0.7847473248294575,-0.6505873201563829,-0.3871134205404547,-0.17963472214307605,-0.06041168675650946,0.011051423087489836,0.06001253686712847,0.09523385390160516,0.11254528680784044,0.09991434878545852,0.044251544715697665,-0.0580590619092347,-0.2034426481470994,-0.3685550638712193,-0.5141650267164103,-0.6250079723619599,-0.7236059752912637,-0.8113223144939611,-0.867499441921452,-0.8926494595531983,-0.8999788354890023,-0.9006684314423127,-0.90475410603922,-0.9139535220160643,-0.9108573675412771,-0.8731887663112611,-0.7810293819923088,-0.5646507127740465,-0.13421946899479667,0.28338690015671075,0.47224888399141685,0.5211426978434626,0.5063979839011332,0.46172589233181194,0.4028551607646698,0.3332896500467489,0.25157012101201504,0.1601109888902687,0.07646221138251953,0.012860274035490055,-0.02349451118673407,-0.0171272993405545,0.04227564577837769,0.15371157729066015,0.2882428523371193,0.392639694975107,0.44829049974162294,0.463164522526912,0.4552416490843556,0.4295797097079349,0.3866442039468496,0.3183414236327351,0.22296886688430398,0.11832348836195392,0.025561323490929194,-0.052120910837924986,-0.11731449504006941,-0.15621804902327488,-0.16889332527936995,-0.16642949076703872,-0.14838691457161568,-0.10977245809989584,-0.050809984641922934,0.021655129198493234,0.09143573949459764,0.13811549795646288,0.13544670075112197,0.05954865179673078,-0.0821370365582545,-0.20754609773826574,-0.25756728461843464,-0.2405650402427905,-0.1810870089962164,-0.09844742541221,-0.009617525566988225,0.06942635955077799,0.12458897877671807,0.14799173749968092,0.136434691815388,0.0847813111594326,-0.005369021497867073,-0.11294383277174172,-0.1955733548602706,-0.22961174469097761,-0.22870013681158372,-0.21325480208308972,-0.19480176345112812,-0.17970006070900396,-0.16858278132622345,-0.1518554948183962,-0.1088503757147502,-0.0574374590355855,-0.028023743905246534,-0.02199649124625896,-0.03574604366276298,-0.06472282146913613,-0.1007914702425312,-0.1286699111823587,-0.14235646802543883,-0.14323854780452316,-0.12893475833713164,-0.09846902901964065,-0.055154791047360464,-0.01215674546627913,-0.0002938135107528011,-0.04988249889268161,-0.14782553244303548,-0.21959350673613276,-0.19609317303137822,-0.0697674215034606,0.09911928155027087,0.2338794334087684,0.3009093074120341,0.31207740791481875,0.28712413738273546,0.24270794818565783,0.18141222103854276,0.09177752570495082,0.0019848848406197697,-0.015582030056941138,0.011021054123766274,0.046334847432997275,0.0780984478331049,0.09762187714577697,0.10206155930504654,0.08343860643857827,0.010953458234177673,-0.15026688982201192,-0.3513314652002347,-0.47622207010333945,-0.47856346790478177,-0.39020879992888563,-0.256073724800045,-0.06403105295384355,0.23088638065385805,0.5417109920303347,0.7297323056843125,0.8084589770998608,0.8328102131087302,0.829880222388213,0.8073911414725706,0.7614859331199114,0.6765531209584342,0.5336101170351352,0.33891592266558473,0.12904903884373373,-0.06483224827512646,-0.2312681356437872,-0.3531546599387288,-0.41381060245930373,-0.4046827113194043,-0.3248576848444426,-0.19981438323440412,-0.08725371415327099,-0.027461010753558415,-0.017793476797881166,-0.028501036750352954,-0.03867978083924475,-0.048131397604479424,-0.0632541592029776,-0.0975477280915556,-0.18198425898970333,-0.3425950192135496,-0.5201399892322965,-0.613002551114873,-0.599133287791293,-0.49604265001587294,-0.34692702587952573,-0.21654799279316353,-0.1667888730626067,-0.23491344513732385,-0.40159421128261025,-0.5691534778031984,-0.6743488149304588,-0.7308378635783782,-0.744348030258124,-0.7109130581064546,-0.6366873993464648,-0.5522603733745579,-0.4832927863031933,-0.4390387214752519,-0.41999080828745367,-0.42803252731238906,-0.46619842268414363,-0.5358282640598295,-0.629536888736328,-0.7334943091101686,-0.835986328783414,-0.9050110003497939,-0.6686928588666796,0.0670415966407767,0.2934550062706615,0.2604584004923197,0.15602843992946827,0.04736763583494089,-0.03661909208852585,-0.08948129487668038,-0.11675633718106007,-0.1318100930538841,-0.1394544931092531,-0.14191081246021314,-0.13988339606493272,-0.13421688195242115,-0.12375111855782306,-0.09579587910534058,-0.039672860244103554,0.0333887293250426,0.10417849207455322,0.16241846219294823,0.20767432188748347,0.246995700866656,0.2922525563311097,0.3378698940040831,0.3762801131282034,0.41206970570603363,0.46678255091236176,0.57234140676789,0.7228349850545147,0.8005520962264253,0.782714843688939,0.7647726811013771,0.7594715421916723,0.7439018278436567,0.6916932267869043,0.6221147994796272,0.554987476543019,0.49894105999799626,0.4546259351911758,0.41616032717707735,0.37597269209918793,0.3157432747798365,0.20526405030545947,0.01601991039537791,-0.22775256569796445,-0.4185046763759344,-0.42821240239548586,-0.15804167072041292,0.2628408346257688,0.5732660216169101,0.7579929940456548,0.8522267405307338,0.8610978467961531,0.7161450477303286,0.35627456372905136,0.05068245886565167,-0.08863692588104036,-0.1555376615453256,-0.22482983254529645,-0.33255961047297594,-0.4684470709495391,-0.5791848420976211,-0.6220688707186303,-0.5547106542085248,-0.3422507076306192,-0.13070921428471785,-0.0313037592402068,-0.007153028374085512,-0.0029482055204734926,0.00873689195038337,0.025863935632135283,0.032159495723965634,0.016838871768312575,-0.020439360963172948,-0.07686340076095804,-0.14819299710956838,-0.23150521463705676,-0.31995402001306883,-0.382132654783809,-0.3941249335639979,-0.3741682855430066,-0.33820289321616953,-0.28113872523030764,-0.1917472175162877,-0.08395963618953436,-0.022307200932898737,-0.04805913229012372,-0.12187869794504613,-0.16943107644300515,-0.18403134046807398,-0.1814953110148051,-0.1707596354226877,-0.15178405509799855,-0.11517313677855269,-0.045422776059081515,0.06632253519976426,0.21322796500363086,0.35960982589452234,0.4762421844523937,0.5499171618281807,0.5649048568583631,0.49477143127017414,0.31038559837409585,0.008298168522555872,-0.33644599525639185,-0.6203638127592401,-0.7949181277333226,-0.8821791791088945,-0.918182901235285,-0.9218233474261087,-0.8851321175837293,-0.8020866101938897,-0.6948575914564835,-0.5850037686361719,-0.46445648375418225,-0.3032140910644884,-0.07299825778450542,0.18123589196230142,0.3560571915900088,0.41359074515873584,0.37569178848831325,0.2939501798351715,0.2302451302477518,0.21566490343164088,0.24691313145829547,0.2939897162571063,0.3294129509545846,0.34956111740024254,0.36355240997189603,0.3804495317247714,0.39685460802145356,0.40554108905816355,0.40287508201038497,0.39803034152030387,0.4005969497889029,0.39679895488830724,0.345945408435174,0.21641534476576307,0.034055755198849784,-0.0798738556166196,-0.007741663919197139,0.27882353788555897,0.5828628995652302,0.7335715587799334,0.7871053352881081,0.7881582649186435,0.740940211621437,0.625928448831633,0.41403859437084733,0.09211245484680607,-0.28064232715972093,-0.5659782297954795,-0.6768115128728146,-0.6253111665451874,-0.48051181985479957,-0.30821994553180054,-0.17224775412264903,-0.118257399501115,-0.12051278677114165,-0.15391009851605283,-0.20904057334837955,-0.2902889199914489,-0.4035387097173514,-0.5349435929955942,-0.6302662012231384,-0.6238923765941307,-0.5171705004568787,-0.38857112042912256,-0.2909528962859883,-0.22963793607737018,-0.18761995418351146,-0.16636075034629333,-0.16351831011594523,-0.16910641462574566,-0.17710035502282673,-0.1805859965769433,-0.1686403938231011,-0.13510420893808298,-0.07778238055972472,-0.002228945845198349,0.07195261826441522,0.13170935017979132,0.15563187554697924,0.12631293960286055,0.05654576271278042,-0.021840169479609317,-0.09007391484471652,-0.13841025685636638,-0.1518595445698903,-0.11845224785263915,-0.044924314738014774,0.035981314255160185,0.10301734524176735,0.1555553419329459,0.19210155862261186,0.2135993003934687,0.22455822874895026,0.228981374155596,0.21908740467960675,0.1696245709860592,0.032490964066415016,-0.23947013248313623,-0.5652660331316414,-0.7511667460047117,-0.8167052020285424,-0.8325828505654514,-0.8173202791923216,-0.7418112154863095,-0.4022275400945004,0.42543873404166105,0.7617155764718678,0.8395333336897721,0.8574344090581644,0.8463475695342247,0.8023248752193678,0.7117063488923002,0.5729508048267996,0.42242187298301637,0.30309423236207267,0.22611600041177707,0.15653087254619308,0.05086570568393349,-0.08917610606148733,-0.2289886415570333,-0.3361139883455108,-0.4003349166934543,-0.4380320351340046,-0.4694832090127966,-0.5073777027452802,-0.5582106269920847,-0.6153295071536837,-0.6616204085733048,-0.6817139872321413,-0.676293578422366,-0.6497458180194284,-0.599091199644753,-0.5256659384203243,-0.4387146229361839,-0.3523100124701574,-0.28553236035898094,-0.2577244872401679,-0.27602506545690586,-0.3270097244025281,-0.38763142956455005,-0.44369914767913987,-0.4890683347426032,-0.5180786791928484,-0.5273059586255768,-0.5092114966162958,-0.4534332381356892,-0.340757109183875,-0.18719779074469434,-0.08351207420514532,-0.09661017894945546,-0.21372502689445805,-0.36222751364682787,-0.47185042468315674,-0.5308748644529446,-0.5590309736964831,-0.5834067391631045,-0.6370745329296118,-0.7209813263463901,-0.7885656310033825,-0.8139367206240831,-0.7933166940642792,-0.6625625854378012,0.2590775875556626,0.8401145875241852,0.8777307282633199,0.8815334082666431,0.8848125230398958,0.8925779975547526,0.9052972033450712,0.9182494646894331,0.920017426352452,0.9079280146324107,0.8943253333570886,0.8715738198323449,0.7774702037980222,0.5630452081849765,0.291976662095543,0.020878617502922386,-0.19931136147046175,-0.2896135956218248,-0.2747338136864036,-0.23277305751887295,-0.19352759728759,-0.16005614345539143,-0.12698501657339434,-0.09219956104880557,-0.0606315768656637,-0.03614530509103662,-0.0278476858506667,-0.05811796391852499,-0.137074707954617,-0.21578767438470456,-0.28104160611372,-0.33509514753316105,-0.36867398946818103,-0.36392824739774404,-0.2965648380916516,-0.13846012760908052,0.12876886677816152,0.46895793961436316,0.7371396799798817,0.8056115977214584,0.6782649478690799,0.4536472684732607,0.24703900291607978,0.0992968440645305,-0.0034258212632216596,-0.08470992715836331,-0.16193133158037312,-0.24559580926820906,-0.3395485297486404,-0.4411693658687928,-0.5397755278354931,-0.6218519146378094,-0.6754321862625806,-0.689600256584742,-0.6256424540662052,-0.39279634748556075,-0.1292217236922289,0.012420465290436184,0.07570036271828587,0.10202247549420189,0.09797617743670016,0.04652081633106185,-0.05403948194393518,-0.14247632755894082,-0.15407772906047262,-0.10572294989163267,-0.04808262528590392,-0.015990375320574318,-0.014806679815616576,-0.0378359681524319,-0.07014226274919697,-0.09974684787854915,-0.11361280470577231,-0.0920076038265403,-0.04246055160729432,0.006797572957901243,0.04825264985807759,0.0865902212266664,0.1251487928890648,0.16734738496870474,0.21437478209447347,0.2672018034481133,0.3287480900408173,0.38772162747356603,0.3969513106509453,0.29915380153044,0.11891248288894203,-0.03463817354871529,-0.10662639843950851,-0.10462564038048977,-0.03888921640506077,0.08497587494381431,0.25916947319546957,0.4562306181125591,0.5873762230841085,0.5567507584961474,0.40864959609355317,0.21912539736251396,0.01921113361015717,-0.1825753145171743,-0.3602667242233271,-0.46915021444170396,-0.4899946061955456,-0.4343903205023122,-0.3573229188440177,-0.3242873046192843,-0.3568074994286881,-0.4112252416648567,-0.42714062597464203,-0.37939105293488434,-0.28975818689338073,-0.18655802987685394,-0.08323975098179429,0.02238842423597391,0.1363031031282072,0.25525322742759193,0.35875374430011303,0.4201608071565382,0.44524037867958505,0.4539148758402412,0.4590154734971132,0.4632568981583224,0.4533064321820358,0.4094790738326418,0.31754568764168956,0.20059075264161594,0.10723099980366917,0.0650650828793507,0.060853968818520114,0.0666242571926204,0.0645821775604834,0.04995147228219941,0.02943034472439765,0.014854392403626753,0.010178324036634696,0.01989347504405228,0.043919519395747966,0.08150971593242318,0.13480733557807745,0.2064622713837499,0.25436682970859587,0.14178334409257615,0.028223917191566597,-0.028642767817642516,-0.06131679042816276,-0.08207996571209439,-0.09384997470734352,-0.09333387917783269,-0.07765090863876822,-0.04647122836132593,-0.006174309716833416,0.01998113263035891,0.02470687624574846,0.022887323537473896,0.0272006998153774,0.03230563329423906,0.012870248203584754,-0.07632313308953913,-0.32017464453699285,-0.5265260491833884,-0.5291987115642178,-0.5217882655485243,-0.5380775567867746,-0.5796474064026539,-0.6495742811006506,-0.7469375832134507,-0.8504816029145562,-0.8697451254558427,-0.7129752131372312,-0.4683785981242231,-0.2611244489723264,-0.13399632462924715,-0.06628226975047909,-0.024377855274875966,0.03047809605469099,0.13740973314650196,0.37519115835713146,0.7435850734033015,0.8281745995767095,0.7679241811813385,0.7288000147688855,0.7094671845955086,0.6944178375913448,0.6527059050810858,0.5208908837960291,0.25710672905724086,-0.006627474723733873,-0.10332408859274256,-0.00938485428567606,0.19707477586840572,0.36635129075605,0.44055718416979794,0.44905208238382627,0.41449815026526876,0.33688099735569416,0.19833406708701481,-0.012335935425193527,-0.2560191638605914,-0.4418157756482255,-0.5325821449344662,-0.5689990539270798,-0.579389659567784,-0.5679497230688134,-0.5220948726186619,-0.4542604813856562,-0.3852562779846175,-0.3250128868626101,-0.2808125158562327,-0.253133269275618,-0.23338803598130084,-0.21727962120837516,-0.20619961884711177,-0.20164626547659475,-0.20556692959829923,-0.2117167126983855,-0.21063566882385096,-0.1972975991710993,-0.17435455132821176,-0.14166834064049502,-0.09471089619406509,-0.03684489861516033,0.023511629760447156,0.07577914906062258,0.10823546423275272,0.10649549507875473,0.05272000930511055,-0.05242870466702734,-0.1641727940713121,-0.2333099684783915,-0.2409267132604256,-0.1995733885564026,-0.13447602053047142,-0.07306396395625758,-0.0342426107533382,-0.018252514019484137,-0.00813276450556243,0.006378445639536306,0.019294745149338193,0.026301412665428688,0.024527130663532418,0.010332906023295459,-0.013452199619821378,-0.04437259093438798,-0.09454812298228968,-0.1645304288777285,-0.22486400117493957,-0.2474156497901948,-0.2254817841122065,-0.1684897157558749,-0.08856983167370744,0.003890796034300566,0.11195438119695904,0.2203832434459137,0.2926495763861071,0.3163359669593021,0.3064011032044897,0.27939666774590133,0.24389397861783174,0.20478851708783458,0.16059984257355042,0.10958000195292551,0.043763491830653777,-0.041186999956405956,-0.12805876208810923,-0.17827809881698276,-0.16110092587588234,-0.0629165681721577,0.1246617758725643,0.3566404908498892,0.5257317013783278,0.6170144591248721,0.667998393631096,0.6974485227299082,0.7027747750246335,0.6689148402540123,0.5407299522088972,0.050471680688706506,-0.6211088947382375,-0.7558399767898608,-0.7594833577313012,-0.7255773692516334,-0.6444581788061801,-0.5063978338697857,-0.3612524003263664,-0.27557619649581017,-0.2591936764772246,-0.2817271023179035,-0.3122991340735359,-0.33271671042344453,-0.3370881204261804,-0.3304415833090372,-0.3283421854253422,-0.3436883022333271,-0.3818873582003724,-0.4388695185690238,-0.5025977155163944,-0.5307694283236054,-0.44890115064622477,-0.2927542474010401,-0.19105966145374945,-0.15396695352288656,-0.1483477207101005,-0.15416362065696396,-0.16378183486414666,-0.17582592949207,-0.1832241649861986,-0.17753714592416214,-0.14254049059162446,-0.06438337079037136,0.05625979462156259,0.19177446080535315,0.30087472608820165,0.3650342544672821,0.3892850770977939,0.38122906678162166,0.33928373102454096,0.26071765123504415,0.15005761148051222,0.030088924376106687,-0.07237898252612118,-0.15084342800971481,-0.2237537932248617,-0.33651967097138763,-0.5301698217730575,-0.747065437063964,-0.8600559379276078,-0.8423247351509113,-0.6946645811637917,-0.40826236354251816,-0.07304337990173368,0.17621596118010383,0.3191319207812717,0.3899289987362818,0.4119964034224126,0.38982890558496647,0.30501172259535997,0.09592057380135334,-0.22955622873485876,-0.3796378375624636,-0.28226019383431356,0.06378243546193231,0.44163357863394026,0.6017450495697164,0.6231229079038921,0.6029907434735289,0.6191111184251482,0.6918143679082048,0.7764410176969812,0.8329063763055187,0.8525170689889114,0.8393181086427237,0.7911660268637285,0.6936151747354476,0.5351520401168104,0.32360382521644093,0.0799591319735334,-0.16017269635317852,-0.3469490662195883,-0.45863905408654715,-0.5197192672839703,-0.5556443075817027,-0.5820875297836916,-0.6082476946282142,-0.6357064545131793,-0.6575949366937969,-0.653934810640314,-0.6113353849640607,-0.5448857699673256,-0.47994031047214697,-0.4280851238357615,-0.39235817803110695,-0.37382915933197697,-0.37682089012939624,-0.4032460681331124,-0.4561178110421167,-0.5342422814544617,-0.6246299060790449,-0.6785880503769698,-0.6493133452996871,-0.5487748280170645,-0.42548113712963814,-0.316577706298756,-0.25035159694209586,-0.23847285699312382,-0.28160051926336616,-0.37804264954356437,-0.5128656192124984,-0.6435068047118874,-0.7237402704620928,-0.7371112633338021,-0.6813423138380462,-0.5432617831759928,-0.32098312310053856,-0.07092069328347471,0.12848835431893305,0.26021334348515396,0.3492497154909349,0.4256456437292239,0.5045933121111745,0.5876992817710215,0.6709306005835937,0.7461169472875298,0.7968262609718506,0.8105012285400142,0.8050105662358961,0.8110873121305094,0.8356702178886023,0.8635701039903226,0.8789697105349168,0.8775232366469263,0.8602138994057638,0.8094211947300822,0.6929744660640462,0.5285905348582924,0.3804768920913334,0.2810165363905928,0.2203704370350246,0.17547316718864045,0.1131801113834647,0.015303207444215376,-0.10777103981575803,-0.22257015846238243,-0.3019542718195096,-0.34116060810578014,-0.3412911159460945,-0.31445846953683815,-0.2775977307680297,-0.25170290051768146,-0.24511158922666065,-0.2632951933686226,-0.29806622869379906,-0.33148989344869895,-0.3562454908514854,-0.37574967818563565,-0.40193748516337646,-0.45713208134015204,-0.556391319898476,-0.6631174260850972,-0.7349805102234922,-0.7854934897742681,-0.8263218356471099,-0.8484545000939693,-0.8367271088750994,-0.7724310827513611,-0.6325060236382475,-0.41749194162222536,-0.15095061259903242,0.19004999433616968,0.539076678834128,0.7015857466200034,0.7160111494210265,0.6619402281306329,0.5626271193078025,0.42507435075534744,0.2580541964464902,0.08985024634353175,-0.025312994200808306,-0.032015240064230094,0.020824370821799925,0.04090628094461297,0.020084169679404747,-0.014519873142756169,-0.043885403275167656,-0.05807727794384063,-0.04587859168373943,-0.004173234811964091,0.04632050147444522,0.08251564516236937,0.09212432751500235,0.07768346790553181,0.049129232148197054,0.01647987708524476,-0.0041496485424804925,0.0021890631360226907,0.04004591733420791,0.09751842638884826,0.15654874967524665,0.20360416538562065,0.23584785236519026,0.2585889543638369,0.2718542774292343,0.27138125710748096,0.25657213402894197,0.23812788391943823,0.21249172177460357,0.15560355975747328,0.10306884073673897,0.08349804468637095,0.08203062504064249,0.0860631683388604,0.09740834343787282,0.11715007333357466,0.126714450800345,0.11020135640604692,0.09098522992540568,0.07805519292785505,0.07969573642943874,0.10807631461105485,0.1695754691017091,0.266611081908127,0.3873176864623245,0.5079109387443664,0.6018242792111677,0.6468964094154734,0.6308048572681481,0.5689245817897118,0.4952666487777418,0.44245181673179956,0.42443787211129264,0.43263655125100065,0.4478306415428941,0.4499714401368491,0.4217146968758089,0.36096539493641727,0.27877412273635566,0.18751148750932997,0.07459797711561393,-0.09718825439974617,-0.3061922375146224,-0.4860825625379268,-0.6124113515748956,-0.6976482666101498,-0.7532376261361075,-0.7799337104145633,-0.7782784344242547,-0.7574897591969014,-0.731075474494628,-0.7107746258914142,-0.7076886120443674,-0.7387005889430018,-0.7909466476016078,-0.8058980579222403,-0.7562595292238172,-0.6889821234962872,-0.6439756150090851,-0.6222602528346036,-0.6121899052078873,-0.6077479461014159,-0.6107797638838668,-0.6188227870727746,-0.6213430373940458,-0.6010840497781691,-0.5521178603142088,-0.46650286066358754,-0.34874961098457496,-0.22685406143869738,-0.11122905503574566,0.008711317817454576,0.14004279595379415,0.26883679192854526,0.358944598232299,0.3836052433928803,0.34638152265547545,0.27578981720866375,0.20450382638130457,0.1539807734279562,0.13682610505545897,0.16753064464559633,0.23989711570865432,0.3336353318850667,0.4271850157070019,0.5003014327554752,0.5232090837175536,0.4812994107238855,0.40664903023594706,0.3534186567174149,0.3403631649627827,0.36418271374388633,0.4092636276421327,0.456518573058463,0.49062671577191164,0.49904302375046034,0.4601532496424083,0.34890915167605224,0.1593718909552864,-0.046446709625224646,-0.1887680038226371,-0.2402344113641738,-0.2082414718734138,-0.11107981546358954,0.019812990145151657,0.14705347966700716,0.24725275984902154,0.31292009581926095,0.3505303581463776,0.35797040468027663,0.31512037029989226,0.20009072659434363,0.024013075181949603,-0.12865775017713252,-0.1879041081905868,-0.17276446664135112,-0.12092283523858058,-0.05546715149130362,0.00785085211237814,0.04782352980023125,0.04928562306830686,0.024616566212404524,0.002057158187850448,-0.01108202831983434,-0.02330917071481287,-0.053169536618590446,-0.10998857328003375,-0.1887307526500039,-0.2631109791818206,-0.3105741669968355,-0.3341883189984224,-0.3594941249228733,-0.4078659391953162,-0.47253940685816,-0.5272568204033046,-0.5520500020073908,-0.5166722059248194,-0.3510535112378746,-0.020337228461424914,0.25197232287735755,0.3395423407791644,0.27445885932380054,0.07752755255218159,-0.17150434108087959,-0.3845033070589852,-0.5647737733186029,-0.7131488314321547,-0.8071622326448262,-0.8434661840378871,-0.8383802728059603,-0.7982241298607187,-0.7102479321862787,-0.5333878686433825,-0.2256174500246714,0.13648072880437845,0.4181096048601174,0.6062578454710744,0.7326636144638411,0.7969025647935057,0.755476087470765,0.6076659197738468,0.45720441865373534,0.3832159880180895,0.39717499283275426,0.4850718428467335,0.6051306508285583,0.6980747020942482,0.7286118819272741,0.700552130535203,0.6134619206047962,0.4596341420252165,0.25394067011564697,0.06468780476089431,-0.04473226228066836,-0.05934979749996293,0.006360694118220744,0.12811223463399152,0.27816890235294034,0.4377221118289296,0.585206839328453,0.698043254764536,0.7732434405041613,0.816653590204657,0.8313361374259678,0.8108151482677047,0.7336248647266164,0.5779086481256871,0.3572952551360039,0.14268026290764002,-0.002556145132572097,-0.07745421618147419,-0.10526301876804507,-0.11477831397779616,-0.12924594426882646,-0.16594136226752135,-0.22794030044524793,-0.30325141020622426,-0.37072198681765584,-0.4123475807676723,-0.42917190648242853,-0.4358855584232665,-0.44570427134345303,-0.4643431559858793,-0.4849943670424549,-0.49852232177631683,-0.5008652351307848,-0.4930180958476525,-0.47834473546793754,-0.4592773592604991,-0.4405319369438429,-0.4268159847664971,-0.4262178195680283,-0.44318206404597255,-0.47997459765619327,-0.5274908942724613,-0.5225972718779592,-0.3912222193992486,-0.2963406628985021,-0.28098985401315,-0.2953850048047973,-0.3099347415177545,-0.3049374346128244,-0.2720909151283211,-0.21235556307731673,-0.1384261628377524,-0.07543802721228418,-0.035586328642701025,-0.01935631797102707,-0.024480118659380865,-0.054662504976482645,-0.11378032216728319,-0.1968508740329039,-0.26473715081634,-0.2737902308163054,-0.2417476930587565,-0.21114949249855813,-0.21179117481658405,-0.2574186408321752,-0.34335295772847013,-0.4453705111863408,-0.5379301012360709,-0.6108690031182169,-0.6605781519864089,-0.6734850690656278,-0.616163689415925,-0.41096061762871455,0.07377916356412159,0.6349103545415778,0.913032799913887,0.9953807135645135,0.981778385040989,0.9134056542796016,0.8121918496708485,0.6976099190808638,0.5895780802873455,0.5031528528806448,0.4370358520023115,0.38627554837717176,0.35116670030041136,0.3348522473435722,0.34435200902833774,0.39213736460211057,0.48273379486031626,0.5878030287988975,0.6300495872636603,0.599019334888407,0.5493375046836904,0.5093724717489596,0.4843806442340371,0.46444006308988,0.432233958489245,0.3589456463272303,0.2115840689772299,-0.014488348246495626,-0.2488082409491689,-0.40921714626202893,-0.4837071821426738,-0.49412574270171084,-0.46584284111584984,-0.42581511644666364,-0.3980447129907151,-0.39417175583837283,-0.412827694779284,-0.4551205083076289,-0.5135370826512399,-0.5760926612104669,-0.6374905435636432,-0.6970542625624913,-0.751997866093837,-0.8004876657888286,-0.8237981709096385,-0.8273123077726839,-0.872391651948743,-0.6423002893115133,-0.31195834625088303,-0.20623197478676608,-0.1930704194209303,-0.22370533258490685,-0.27344257516312054,-0.3040452071934941,-0.2590927298575166,-0.08493744552565845,0.20004870609315956,0.46197796733133945,0.592408786172266,0.5825492638677937,0.43302753435264235,0.18788243101085628,-0.006204163965942619,-0.051810664649617706,0.025129717585942856,0.1424614490474741,0.2294670461837948,0.2592081234132437,0.23896648879375995,0.1936693819855168,0.1425487889814925,0.09026992198479535,0.034410210935904906,-0.014579785430863024,-0.03130681621212543,-0.00037954671293812236,0.0666895075289346,0.143718595673811,0.2097063045156483,0.2504318039535232,0.25750485738449475,0.22957953392610445,0.16656268433410415,0.0818069729559415,0.015643126948992184,-0.0051749348477382225,-0.0005457939622381025,0.015029051521016162,0.034398340820077346,0.06315527993695975,0.10381995091751384,0.16337900303058953,0.230489447450096,0.28226352344074174,0.30245271338464197,0.29934452872808914,0.2844255494207089,0.2628575272840082,0.23162572709450055,0.1889909345656697,0.13571071690675673,0.07229256107402916,0.0008020465157652469,-0.038583000229860276,-0.01838026377422276,0.03393346276150269,0.10280294201050451,0.1819916187927093,0.26687829095950943,0.34065106502021464,0.3710148833191448,0.3379846891798561,0.22660066482789978,0.02768215800556525,-0.1910063682877054,-0.3556989362654737,-0.46566433839190036,-0.5329331756893542,-0.5579836428665029,-0.5319890540627447,-0.4579134648624517,-0.37615340521305934,-0.32430863692755363,-0.3165303457892729,-0.35750057157711795,-0.4543375292307642,-0.5690715519101573,-0.5964705747295154,-0.562297717395839,-0.5324379952025876,-0.5134871697652001,-0.4908381606502925,-0.44221828963878973,-0.35015156978618606,-0.2267700147447119,-0.10416769761732228,-0.0004157081067236403,0.07259501012192898,0.1004702984080655,0.06063868187625271,-0.06785243832918672,-0.2510503665008591,-0.4006127574756786,-0.46846181307625484,-0.46342007164122667,-0.4051521900272257,-0.31075949451992496,-0.19465286359784378,-0.0809412982160875,0.017333468317257888,0.09622794187883825,0.15823696473759397,0.20911218582099225,0.2552051288580673,0.29983953222580817,0.3433314074440048,0.3619575539720223,0.2934051672981662,0.16997988118820578,0.09154910923049284,0.06886762054506708,0.0951708138578746,0.1753685394651315,0.3218461750004442,0.5437073924538509,0.7913652842138116,0.9160976947165854,0.8461207933923481,0.6844257050142675,0.5158906135454668,0.3698848352080056,0.2639702830575853,0.1979943862931923,0.1653791217821591,0.15868412686145253,0.16818384825416446,0.18233889295806746,0.1955456630843185,0.20512847173416102,0.2128201565243285,0.21803539725587634,0.22151945549603785,0.22563130364700118,0.23023465865452847,0.23452430562991342,0.24046632444798507,0.24600198256280795,0.2505255232840967,0.2571325683222275,0.268006917097882,0.28094545985725167,0.2871033234470966,0.2751299812609762,0.24253528231067695,0.19481294941319263,0.13482468561506802,0.06156819931602065,-0.03168029710154104,-0.1623860415603276,-0.3341200828520745,-0.5114064589384613,-0.6260443575248066,-0.658555388311146,-0.6434175015376818,-0.6165849970658803,-0.5949485242315347,-0.5721201676436205,-0.5266979081738441,-0.4564450833480412,-0.38397186190941246,-0.3261487559561018,-0.28614568296860915,-0.25628066655518544,-0.22150177152565098,-0.17633956243614154,-0.12315272046161534,-0.06827139348270979,-0.02046560356057837,0.002134877140809365,-0.03390643081480132,-0.15225173017024965,-0.3270432421241574,-0.4867365117091998,-0.5649559516282883,-0.5401415529268767,-0.41704178112727475,-0.20926631979712357,0.012434104065440692,0.1344710047859043,0.11374436530996622,-0.003919541315098466,-0.12040845950300456,-0.1535090896331254,-0.07748373539360777,0.10012765695958425,0.35008890045190194,0.57085757164676,0.5308077554052854,0.3491176348736978,0.22004670887742186,0.14877894356314722,0.11397746181745438,0.1046798714264463,0.1189432218944975,0.15571997862223688,0.18728528727371402,0.13560585807568365,-0.0077164108818971,-0.16615748934596988,-0.240169396763215,-0.18339081848800307,-0.030893758613924807,0.1446681363266848,0.29550517468359355,0.4102051667617619,0.49404947577058445,0.5587389800293594,0.6178241401126381,0.6754945016071846,0.7122817628519944,0.697285472578216,0.6173319395630839,0.4536387671084008,0.11954973729508199,-0.3516304488387474,-0.6220706827550344,-0.6936379863619436,-0.6542375198077375,-0.46017925987214453,-0.011805336610903511,0.38580262620925637,0.524871721733248,0.5357696617358125,0.4861333345857647,0.4035093969434366,0.30801096537551725,0.2051177617367602,0.07831023526960278,-0.10485469730370058,-0.38146727124556656,-0.6266453127473455,-0.6747332907754567,-0.687944099920139,-0.7251280349597667,-0.7681003828268126,-0.8014235794466009,-0.8220016934076513,-0.8327769629085537,-0.8353504706914966,-0.823411342840269,-0.7920890711311694,-0.7491772405716051,-0.7120738995095297,-0.6957584197699375,-0.7080152871819277,-0.7405860420977481,-0.7690288701162464,-0.7671983282486946,-0.7276309323248867,-0.6617630458699841,-0.5854868036395382,-0.5152283790212007,-0.46101968031032337,-0.42709060456285725,-0.4158331988424172,-0.42575507026218695,-0.45114303732361866,-0.48533937030082186,-0.5058194030774485,-0.47098989259127805,-0.3575448378881996,-0.1974016141187032,-0.01894285471021637,0.15964067454358113,0.29233622084396477,0.3371715091295507,0.2731783278759146,0.10628891850388439,-0.030417673740231476,0.1623680819724809,0.6972524218501586,0.9056926785749567,0.943536178985467,0.9511405963372607,0.9508130423764545,0.9453169028247677,0.9340774706808677,0.9166858606256251,0.8956530980842652,0.869562484250472,0.8069341462046873,0.5935318908750578,0.16704435129656126,-0.14838266703795114,-0.27371659660377845,-0.2919072808450584,-0.24509248932491873,-0.15305246522990834,-0.0398564498030922,0.05557746800304619,0.09567545322568421,0.06186587642891935,-0.04736309685442635,-0.20611622348800485,-0.37945971624369346,-0.5310797443144804,-0.6166662765860228,-0.6045398228952693,-0.42661898387887176,0.04572383651877899,0.5268784332739734,0.7323660159805444,0.8020608097893184,0.8181995435252319,0.8061536140790178,0.7807603312366216,0.7620219023238493,0.7527750632573018,0.7195372252204968,0.5931231659686235,0.3144757890427503,-0.011907710206831795,-0.21772649025869142,-0.2832515063579261,-0.2468028764457799,-0.14669221818996328,-0.02945478593328375,0.05732885690681363,0.07778644432441197,0.019380049295096215,-0.09101557772244229,-0.20038875754294028,-0.27125388151514424,-0.2990545626039688,-0.29511636138170233,-0.2716167732945725,-0.23659665811675562,-0.19305959113790339,-0.1487132350637969,-0.12587754648744637,-0.14454420788811315,-0.2010265608840575,-0.27998367296662297,-0.36591899162331754,-0.4422231072471871,-0.4881190400371089,-0.48638707224821665,-0.4174179486701977,-0.24280834666899076,0.026146945163353124,0.22234619956630874,0.2922637763670623,0.2856857864152302,0.23901391240622596,0.17353922571263403,0.11442943501466,0.08507956602107894,0.09201299613367757,0.12113227965969588,0.15159099589104014,0.16264838751749625,0.13769707196318237,0.07179225307663781,-0.026580393037243546,-0.1448933250074071,-0.2698521803438628,-0.41916886172220097,-0.621479112584518,-0.3323736263919817,-0.11655425089151296,-0.07638322483129076,-0.10787525357043305,-0.19671038661845558,-0.31928718302291653,-0.41239895397622045,-0.43672440411464775,-0.41841918652216925,-0.379901308324279,-0.32510362708364504,-0.25556790723110134,-0.16486447102157084,-0.046713805402290406,0.08298752169159553,0.1960619875042191,0.27305270880167387,0.30594512642531313,0.3051108654813642,0.28972606294629877,0.2833574484461117,0.29004549438961075,0.2862938828166721,0.2642433355953444,0.23168481233171934,0.1947665838646666,0.1561541243606319,0.11827504284841817,0.06923337950140576,-0.008176547052355843,-0.129673468165143,-0.2692192073218527,-0.3657768731386894,-0.396822544861962,-0.3844578607695917,-0.3446735255837721,-0.26870297991765313,-0.18419229890346236,-0.1522895729912047,-0.17678343713338848,-0.2380745369422363,-0.3142504556673095,-0.3821651576660214,-0.4284428413304607,-0.4534279667760743,-0.458728714380798,-0.44544337528293226,-0.39961834234519616,-0.28320825496103985,-0.13653095662101744,-0.04071510541110896,-0.0036187185780134747,-0.017166098160778288,-0.07933341211831063,-0.18222585639484368,-0.29662270506336474,-0.3765500679183811,-0.39205084876687707,-0.33547391008186395,-0.2198075127382786,-0.07148382787406996,0.07784651292785327,0.1996793134405406,0.27430931483218446,0.29169214051266384,0.25220352241802674,0.16850345227537328,0.07448971517962143,0.012822685625451295,0.007238756579573317,0.052594229110070105,0.12272521236899786,0.1814738006494024,0.19737214421501623,0.1670373577563465,0.11321884256004915,0.0702024723752006,0.07601208774944802,0.15854735474119153,0.30369394915107595,0.43251053407765505,0.5057118499164824,0.5344371227272251,0.5374774365225498,0.52530905483869,0.4980035335174781,0.4437758837825972,0.3181257493756633,0.11567164314385216,-0.02778357768209804,-0.0903637367573203,-0.11349215021686938,-0.11900138093231229,-0.11681600032591091,-0.1091935662391781,-0.0963714092191549,-0.0766099026349325,-0.048255479953368555,-0.006454910995325758,0.056520427903761175,0.13901167195821473,0.21159858674464474,0.24520326567500855,0.25016262896862473,0.23901217174670294,0.2115350282685783,0.1608840151281421,0.08639190481146537,-0.0034957721676556965,-0.09417689192028116,-0.1624092299906414,-0.19314544949360982,-0.1782452374871489,-0.11617746444617945,-0.023373933113100476,0.05570566782398763,0.09197887402397767,0.04558011660867136,-0.14577020301694527,-0.3059926055231907,-0.32128161700720265,-0.29672234024861793,-0.25710767369240856,-0.20185295347481075,-0.1284491342861313,-0.043256092973764156,0.02088338070947464,-0.0070045846208470625,-0.161330997895112,-0.35947166535921915,-0.4994199134937019,-0.5745031610840672,-0.6039140215398525,-0.5965524746653348,-0.5545713508812911,-0.4783622766099386,-0.36587729773468475,-0.21628435484209857,-0.04223275679564509,0.11140386747711285,0.18648613666313157,0.17241105125280326,0.0864670924043706,-0.026026163016924484,-0.0852430437756273,-0.04484640962729258,0.0752532895881835,0.22329104112969347,0.3405755445719013,0.39678170514946143,0.39139010552439046,0.33478053261978086,0.25906701056006576,0.20873248161324373,0.21034042730510846,0.25653270104435855,0.31982668409676107,0.3767081658488907,0.4163231012771831,0.4304874746190651,0.4096645040882376,0.34342832636751736,0.23000893440922832,0.10426387180627208,0.018915611526265537,-0.01797608648995925,-0.02658961344717364,-0.019740641249493703,-0.0014294866265460668,0.03300305174398237,0.08175138034974891,0.11954682719090508,0.14105063683089553,0.14985572329923938,0.15076847991037678,0.1431271087600362,0.12190873770939352,0.07430229258295848,-0.004242532144736298,-0.09348143669220922,-0.16343483685758275,-0.2071871594337703,-0.22722199433749318,-0.23696900068954752,-0.24426347790425312,-0.2517322974221919,-0.2581419768437739,-0.2616700937565471,-0.2696666912498813,-0.2854908072781202,-0.3064801994804412,-0.32125848170976573,-0.32959841220333397,-0.3417011362509227,-0.36578336647320747,-0.4071709887613129,-0.46323711258770867,-0.5268205443055152,-0.5945154437054665,-0.6662831751346583,-0.7264611667510777,-0.7611454942769071,-0.7716039131516821,-0.7593112625449032,-0.7041599878190689,-0.4849111236444012,0.15038430989393758,0.557397252652866,0.6711664291804402,0.7082928623506909,0.7187386493101102,0.7112201563804947,0.6826078415704929,0.6312746551179588,0.563618341623415,0.4905128089398546,0.4188121752004846,0.34372994746441565,0.25322386166929567,0.134976176637651,-0.000744384104221102,-0.12147212249740723,-0.19855420663755502,-0.23878864053201357,-0.271565118962791,-0.3024137742551884,-0.3186866726240233,-0.3083627780427003,-0.2708999501575496,-0.22712238386063657,-0.20581889698463496,-0.22960075338837013,-0.28074585099844346,-0.29545128062383963,-0.23544006506667284,-0.10609632924658868,0.0692868010199736,0.24183679896244017,0.3579792378265248,0.40211138821380144,0.39116357864404383,0.33867270564341,0.24423604221554873,0.09302710832062604,-0.06435720045087337,-0.13864441858435106,-0.15242208094360285,-0.1331121533770206,-0.09609953683932126,-0.05367601081272478,-0.021193199014253834,-0.016695477803066443,-0.06572010453947019,-0.19091531046053636,-0.3587241702869678,-0.47633728627811966,-0.5046773618319854,-0.44723166402188047,-0.30747012478168523,-0.09836817840945486,0.12590181714897222,0.288962188935507,0.35403955331574943,0.3076761281664259,0.17743418094447463,0.028294514363235417,-0.09747451601430095,-0.17009023674348164,-0.16562583764751893,-0.12398624193737193,-0.08048788022030512,-0.039558446994330226,0.003128403648630129,0.03846760053292693,0.033332488307840975,-0.04875727249015529,-0.2058341686510383,-0.39093484501486403,-0.5663556024083201,-0.7277450167549324,-0.8811307162506647,-0.9480532595151352,-0.7024090984135385,-0.3045226865372657,-0.023220005321363618,0.14599540325590737,0.24381414373873897,0.2958054026954673,0.3182995870082929,0.3147009488424095,0.276235234039723,0.1994312821528732,0.11046326644930826,0.039910401721995434,-0.008548393288661783,-0.04414393772691818,-0.0736011442364331,-0.09128570359609027,-0.08330271522099791,-0.038321715870597205,0.02767007788495665,0.09025585450424756,0.12813039293934317,0.13104693116985336,0.10342026456802494,0.06097225756425898,0.01653102786649721,-0.02436787823841071,-0.07171174843521688,-0.14693875588466304,-0.26438466683167117,-0.4119910732230224,-0.550922865321518,-0.6442792789911146,-0.657136007407882,-0.4874241959486395,0.20808470179246094,0.7679672775636158,0.8739250108584767,0.9016110383025517,0.9165584895115453,0.925505397107784,0.9202831792837568,0.88103027712939,0.7764802910409206,0.6123763691454767,0.4999758432904174,0.5142313896055819,0.5787470909483111,0.6211324893204806,0.6377066943114064,0.6409702381069641,0.6353264486355198,0.6192955524982741,0.5749750377003836,0.455231393200878,0.2606464312848801,0.10559834063155286,0.007963891297382269,-0.07708511341371714,-0.1619584660274763,-0.2359165837714347,-0.2884106509264387,-0.3245671590105242,-0.36108723340195104,-0.4218366439962183,-0.5104401042401395,-0.5998435006956759,-0.6678636009634515,-0.7097753197102595,-0.7297712750001176,-0.7376339231728859,-0.7434805838560614,-0.7566121495364696,-0.7806922188629529,-0.8130282965857876,-0.8473947153074692,-0.8793464122822976,-0.9069967329797253,-0.9284196301221389,-0.9406697550405536,-0.932288846213584,-0.8731697742945815,-0.7147489339211016,-0.4759588232933593,-0.2669902722691142,-0.1392494360906638,-0.08480203459175688,-0.07595972051353649,-0.07074576922073228,-0.040663313368087234,0.006466414218979286,0.050988431248156094,0.07377369910383487,0.06484447948430538,0.0297030299851211,-0.015398635951147637,-0.043531381756190604,-0.03574858729521281,0.0033536334827376775,0.04782393072375719,0.06548576629703962,0.051824617533917997,0.02394644462758992,0.006569692256087691,0.00885630799785255,0.031739837486186195,0.07269520986879044,0.12902178793795982,0.19634356509007644,0.26846161305543764,0.3242265102124431,0.3387099690284856,0.29219849757859623,0.20258879556309445,0.12626327145000274,0.09302687284256492,0.10141009852033708,0.14048354915538674,0.20010259531301922,0.2614828618502625,0.29781592074282387,0.28881144804991576,0.26364478341105607,0.27922602252557677,0.34241249453650313,0.4099532052554613,0.4569391739104507,0.47887397383732466,0.48042615285226314,0.46516686179525296,0.43699542861643087,0.3906663930232209,0.3171685344717193,0.22533879533579249,0.1333421498647888,0.04352399934016255,-0.04449183501750798,-0.12214240267324072,-0.17662943669624315,-0.20157866442928185,-0.1998807003943167,-0.17346787694796073,-0.12376430071466864,-0.05442071672320474,0.0212484998413365,0.08747487115060784,0.13223226601339716,0.15821281746625432,0.17600957299224612,0.19906423264541867,0.23679566375111297,0.2841437349913509,0.32182057479896176,0.3246843587555107,0.27169176830186853,0.15897477795517137,0.0066366537469517185,-0.16074834263896493,-0.32932437480090787,-0.4919335393113495,-0.6316149266103008,-0.7421355001957993,-0.8198981142631317,-0.8667249085315635,-0.8847486149056297,-0.875258631362303,-0.8420087151466837,-0.7944814457075359,-0.7429456376250572,-0.6940710231803809,-0.6453769714536216,-0.5851133499782015,-0.49800723367560634,-0.38155967508253735,-0.25001539480993185,-0.11773419188589432,0.004783207484930017,0.1003685795203286,0.1488369608681375,0.13797383748703973,0.07136367012470522,-0.019870117708089198,-0.09808986153662241,-0.1476977357600889,-0.16297593976828276,-0.1408749637223425,-0.10517810544604728,-0.10898816386831586,-0.15141267016745627,-0.1752514325455945,-0.10981136302786032,0.12024091458370799,0.5098884574687343,0.8091322442717044,0.91817704942516,0.9413199669821074,0.9389122197507226,0.9269325486677841,0.9018923900412409,0.8427083137095186,0.6809456129771629,0.13203783435705072,-0.6288329133892588,-0.7980444444064474,-0.7918059359017368,-0.7331843706121596,-0.6276943966404436,-0.46386718116930176,-0.2474179548985458,-0.0282375595437306,0.13191975190173166,0.2073764982277198,0.21573934146513815,0.19824236553566033,0.1921765375629679,0.20369148122392935,0.21679725143710674,0.2151414225036359,0.19025673262983142,0.14515866594496937,0.08779218718391231,0.01774910943682346,-0.06467943223767883,-0.1604189587163629,-0.2722508022609956,-0.39421048905821493,-0.5184024918313762,-0.6197832369234628,-0.6597532545644598,-0.6263462819524185,-0.5560665179420384,-0.49363501978458707,-0.45983257057606797,-0.4499824164406246,-0.4473782957228124,-0.43512981799559936,-0.4047182538700217,-0.3388383719985981,-0.20826496761499652,0.022034596056416972,0.23234547354637253,0.2855470200350923,0.25516099813121756,0.20334789615037926,0.14287496491575125,0.07116556208070048,-0.015494818329380435,-0.11735669802715529,-0.2381407580944275,-0.3786128489234875,-0.5138299088166427,-0.6030774813065375,-0.6147683117600234,-0.5249035776420455,-0.32890351074795304,-0.08783024583204649,0.11525348108742275,0.25465443197272325,0.3517075388075377,0.44211835407297795,0.5299931952342372,0.4573849907782337,0.30355323528886824,0.21737272406626076,0.18320429267089713,0.18468165389720181,0.21599063767262344,0.2712482190243345,0.3413179359078007,0.41277049975544544,0.4749421781020482,0.5115455395993829,0.5057119144581591,0.4269227714401666,0.24673139947048106,0.004316305258320298,-0.1898899566626881,-0.2853529795401873,-0.2807215262349413,-0.19765518136059998,-0.07059654712454151,0.06680131009794374,0.1974062383645464,0.3173351154498564,0.4139510173045496,0.4667821406106705,0.4779802384895504,0.4649372371200338,0.4343663553536293,0.38367600989871276,0.31809970145656113,0.23868228584759477,0.1437714763265796,0.03280284271835155,-0.07142793696767889,-0.13452748198081105,-0.140490540250907,-0.09991065084151116,-0.037807902503265566,0.012911147931621183,0.029087818306845346,0.004534040177050571,-0.05718615097785432,-0.14188130848954222,-0.2402916398612957,-0.3480810579509012,-0.44608597714223913,-0.50284064130268,-0.5113647717837265,-0.48947095730046947,-0.45688996609890176,-0.4224524526166082,-0.38999485982457105,-0.35996450115846723,-0.33126604941281096,-0.30720509252721656,-0.295194881519512,-0.30071052280722116,-0.33015704287643893,-0.3862046104976559,-0.21207136586155942,0.004420356778627826,0.04072519394133706,0.00687237355874633,-0.08848909499736622,-0.26857209368275003,-0.44127927818415097,-0.4809909399554007,-0.4713849118636564,-0.44722932808640786,-0.38692097810882026,-0.2738156626287794,-0.12246287767873743,0.03707930413386939,0.1784545584335736,0.2825478938709589,0.3199229117159154,0.21829000663917336,0.04788981226470528,-0.04836463026210822,-0.08262439112669892,-0.07511883356766146,-0.03255180082111055,0.04240398368156229,0.13617122292003775,0.22296750305052002,0.27719039868729417,0.2861849082531805,0.25336379707127893,0.19819712829373654,0.15143787214213456,0.12821851316292449,0.13194638745661033,0.1492594117613845,0.16000909157938653,0.15039011211046363,0.1297832266667838,0.12496543449166725,0.16203394511169802,0.24341180944304658,0.36970039345759304,0.5289443438093598,0.5940417972948178,0.4765534873827124,0.35809276475566304,0.2992120082745645,0.28841664060155264,0.30152482768231303,0.3128777314187808,0.30749063119961206,0.2795881216246258,0.23317363865811794,0.19035355389119227,0.17160919903442332,0.18213809079157395,0.2156323088888523,0.24783130285489777,0.24402264708477392,0.1582974872578913,-0.01805875929560008,-0.20426211068838732,-0.3481925460982672,-0.45428770705668947,-0.5387725779662563,-0.5945423624823045,-0.6046987187801127,-0.5297331204732089,-0.28071684101104827,0.18124954120322742,0.5724293239877104,0.7441389124008921,0.8018215311937171,0.8077584522164116,0.7683955002211289,0.6874153271981841,0.5696880343020758,0.3305184355071611,-0.1041297960282883,-0.4608508284040482,-0.652079831416838,-0.733855132212794,-0.713387787523617,-0.6158800347388961,-0.4875589231640268,-0.36579480363253936,-0.2824379556100503,-0.27692027964459615,-0.38209470788712946,-0.5517449812205222,-0.68238726386821,-0.736841329317998,-0.7266617716705339,-0.6536388580772746,-0.5281335173265976,-0.407793212189183,-0.36003706651187134,-0.40179102585435217,-0.5007360083933013,-0.6026501215459805,-0.675665920446427,-0.7213017800133402,-0.7544400980656509,-0.7857712922430875,-0.8081741604349425,-0.796867028924438,-0.6550868019223025,0.08621312452128561,0.7528454581071157,0.8955389074845354,0.9332474856719714,0.9347308016533535,0.9047270540410127,0.8404564419472421,0.7531759358165838,0.678760797739607,0.6550513190892715,0.6971421529410782,0.7699480237500762,0.8084484543795297,0.80686720478162,0.773785665053949,0.711278490889495,0.6204090762409059,0.5130811496508124,0.4088474888144699,0.32850263763745335,0.2787555492089725,0.2545725136491296,0.24752764155119414,0.2563714224443005,0.2795485136749697,0.3101815735005281,0.33743092895452415,0.3589487776039573,0.3739710598307843,0.3655152746162182,0.32960951059509563,0.291126393425698,0.2672837203631575,0.2685368221302867,0.29099004401755535,0.32107693961600753,0.3454198945356308,0.35291039697700544,0.33809859493933636,0.2964982579600392,0.21482582112823537,0.07776665482374523,-0.129731407634528,-0.41873089165655275,-0.7284494603084973,-0.9007004208933226,-0.9370814785766994,-0.9094499037108458,-0.8217239061734425,-0.6230910483135246,-0.3165920255130254,-0.03688990287000634,0.13254737054307586,0.19674721928537578,0.16471669576982478,0.024300275902187713,-0.22270519509690506,-0.4697028845115201,-0.5978008344034227,-0.6376699368700814,-0.6402737036022207,-0.6248634489760859,-0.5898431253130758,-0.52429608092655,-0.4343260485654354,-0.3561609747813817,-0.3266055488877088,-0.34514093863750994,-0.373763125954581,-0.38950555029803974,-0.38942439458815353,-0.3744365750149517,-0.3395356231522706,-0.27620392550725104,-0.18442258826789112,-0.08889234964475382,-0.019360078846196015,-0.0039088469317375574,-0.06371947984279448,-0.2091895099330839,-0.33892791567982855,-0.34356755530764616,-0.27378305897784494,-0.18052787586153674,-0.08905927868670101,-0.008295122453604505,0.05904631129656884,0.12396492847093443,0.20880219079988088,0.34035870785432726,0.5085212774098166,0.6144585939034316,0.6479824672099525,0.6731745342918489,0.7195014315348867,0.7791838105587078,0.8056977230876713,0.7512756626078182,0.6703775266988663,0.6208560496535369,0.5971698266135236,0.5736482290475572,0.5186738823181202,0.39323435923077826,0.1806181399188913,-0.06570789891175158,-0.27852522473405267,-0.4517007017181962,-0.596344752995716,-0.6927390620982274,-0.7255537844527472,-0.6932430316222645,-0.5581633419790597,-0.18486324415851618,0.4356546101204057,0.7612486312625245,0.8240338663689353,0.7891309506791251,0.7027385734825924,0.5845107433346677,0.4629210375457393,0.36573293349903385,0.30309006552012907,0.26680383107661926,0.2401158521666473,0.2094103064057071,0.17051891414191,0.1308228262467486,0.10026509469742907,0.06212603040201871,-0.06570246317023377,-0.2796524530007092,-0.38020525151121826,-0.3945729068428725,-0.3715427461934127,-0.33190127163231653,-0.2826808024164382,-0.22811531180928507,-0.17094795672798552,-0.10895055561139003,-0.038089073416754916,0.03318901027022456,0.07002453710365017,0.014772821438468819,-0.16615752290950303,-0.4010101753289605,-0.5562417325837024,-0.6069820828900953,-0.5841465578259831,-0.5140198595030117,-0.4242229059713039,-0.3443378245404482,-0.2916223607035388,-0.2708008825688512,-0.27799531029856206,-0.3091939879787455,-0.3565314674543917,-0.39847009946862244,-0.4117689066720182,-0.408038526541687,-0.4093225189525326,-0.42432321430331144,-0.4543791720502166,-0.49131842628983463,-0.5194206788095159,-0.5216061845527886,-0.488860784484037,-0.436503024882518,-0.39103126080771944,-0.380061021229986,-0.44898869339037073,-0.6294020210136482,-0.6608849715799835,-0.49215324266456506,-0.25536153359648794,0.11974146982113897,0.6076512019517175,0.8907309749722285,0.9425496007815961,0.9214779203707153,0.8894445797862011,0.8595905469154884,0.8297825602150766,0.7912611259390896,0.7334441960579049,0.6495455878605028,0.5443238758103266,0.43552677963997877,0.3403441937210212,0.26768163449997656,0.21791622010174247,0.19011597501509586,0.17359026942337175,0.1590607265581902,0.14425078239775357,0.12967812022901845,0.10827781023073739,0.08682171218089596,0.061649284883220176,0.017458720553037203,-0.03229048724723083,-0.04401555499411026,-0.013835380479027675,0.02188699564789757,0.04585072675362381,0.06876306851692454,0.09655528390236338,0.10488437180608301,0.051436001386450714,-0.10167779926406526,-0.3347509495435001,-0.5376548621735504,-0.6508671426657172,-0.7008105897875331,-0.7231271410514036,-0.7357061146752694,-0.7459010119976368,-0.7566341799170228,-0.7704473549281634,-0.7897852987276563,-0.8162468376814875,-0.8411485517532771,-0.8284115577152038,-0.7123158819536098,-0.4647648379801575,-0.17491549052512204,0.05166351353681107,0.19582864685854837,0.2700862754947995,0.2713398597474042,0.19281982935945374,0.09926216792475111,0.04208325272243561,0.009341242529645969,-0.029089913206837733,-0.09571106657818308,-0.19554905276433837,-0.3000309532754242,-0.3692508109531874,-0.36924998506135165,-0.2561629377485772,0.011136160165341042,0.33177314702787086,0.5161623077526332,0.5491055679819314,0.494774347989429,0.4211373458248893,0.3769049015959174,0.3825316417556877,0.4361871083464064,0.5037476913022131,0.5363379063339102,0.5184682665907727,0.4447047210673177,0.2940261231866688,0.06584225272351615,-0.1572826570070132,-0.29513057942974896,-0.3466084302349546,-0.33416202697513026,-0.2769116545736514,-0.19654808965428414,-0.11787541723347408,-0.06059141961125714,-0.034669728557519375,-0.04240058329275035,-0.07090491955163601,-0.08901828585040426,-0.0793266174379469,-0.06302653271210144,-0.06591591442636931,-0.07213512802629493,-0.04295908369396709,0.0642293316391484,0.24525841632405962,0.39265600640329473,0.4506390370441617,0.4539969778201163,0.42633631455401366,0.37854086375308965,0.312453568500862,0.22625508918609277,0.1253286832186664,0.024113930921148483,-0.07680113162195568,-0.1936343095519437,-0.3344043128326669,-0.44956283574457906,-0.4924349181840784,-0.4812939982442127,-0.4425858098727267,-0.40422365462000054,-0.3985608907221969,-0.42279697863562854,-0.46480867249844793,-0.5146955106035463,-0.5639933448698292,-0.6095382937041834,-0.6567812184752051,-0.7255089951395799,-0.8163803760092945,-0.8667249210245236,-0.8167990253519306,-0.6986504949581396,-0.5576347067350956,-0.4237667252629699,-0.31585501816503214,-0.22552226871074985,-0.1291338443242225,-0.013096575952128542,0.11260526619339212,0.21854212755595312,0.287076720477344,0.317504292033158,0.2839804799969665,-0.04340909205886449,-0.5323633222400819,-0.5822874281600822,-0.5704288708132808,-0.5352888635675578,-0.4749751944470491,-0.37579334714983875,-0.21565770197866063,0.018050170822010547,0.290446685696364,0.5276542429729956,0.6852784452508982,0.7638780462990024,0.7828173696100799,0.7604220945913934,0.7192097903470102,0.698961054193295,0.7265518031981211,0.7734661904423106,0.7937956611044708,0.7686083234402099,0.7017511621272202,0.5967657003241812,0.4584371392197726,0.30044557488009216,0.15193182144480427,0.054003183800540665,0.037051700899743946,0.09669753832976895,0.19214171950126846,0.2799983973892946,0.338133881565601,0.3739347873106493,0.3922364579128604,0.31704024916633455,0.17740783161483306,0.11435381456522598,0.11043765876954645,0.13433367684924602,0.16336115643896562,0.1902135006523933,0.21522740352913453,0.23191538583160073,0.22688176230604842,0.20301850168175223,0.17865247898363149,0.1647121485421388,0.1517796965331085,0.11969009082238213,0.04524825097368658,-0.08146754611559544,-0.24037161626289036,-0.41240279501468563,-0.5989764063543477,-0.769038096610848,-0.7983418514846317,-0.7033136274775403,-0.5994633964010148,-0.5157617102596561,-0.444526307616278,-0.3757612556443488,-0.3064251407170546,-0.23771475469874026,-0.17423373102694656,-0.12207919438345335,-0.09310022016498241,-0.10565326321264443,-0.17299681875598888,-0.28953473852849254,-0.4170485856738566,-0.499131927776544,-0.512103787581246,-0.499410144890259,-0.5282436437268794,-0.6080760771173902,-0.6726033248225779,-0.6710383197126123,-0.5640772205004734,-0.29853831357385896,0.06874749608239875,0.33165902474671904,0.44767343272106636,0.46823203116337336,0.4227277805706947,0.3218970459002859,0.1901481663055422,0.07713843749851255,0.003970133466315585,-0.0444735786180989,-0.09565019313542075,-0.14863230611589345,-0.2083435749835029,-0.2850119608082097,-0.36144509062355085,-0.3891561214804947,-0.3447414284623602,-0.20972058040421834,0.013257613575196477,0.24828167342432358,0.4096717834193899,0.49340261224144866,0.523072014998453,0.5179453390627597,0.47860630064124715,0.39207624091542287,0.2522851515476047,0.11114512022329465,0.03268638627649548,0.01569590439751754,0.024703194300880103,0.04370971864970534,0.06324407163582528,0.08076986131249181,0.09287633008431286,0.10138003318257768,0.10722184884511955,0.10613700787225093,0.08860062894882177,0.04395549834207747,-0.036930724656764724,-0.1610459988517091,-0.32093386060678625,-0.4747660402504668,-0.568297116482107,-0.5812095175736549,-0.5381150249538875,-0.47244179787518953,-0.4087832566152586,-0.3629490868303794,-0.3358795447061225,-0.3171474481526514,-0.2993556604790036,-0.289673208905101,-0.29393580647835543,-0.315881641547049,-0.3502025437444806,-0.3852182741684733,-0.4133422885989189,-0.4332694405370113,-0.44393276801319326,-0.4431316892066418,-0.41208933755656246,-0.3492732871162594,-0.29653879642156344,-0.288296627656494,-0.31897058323017274,-0.37658467020112535,-0.4328525037543912,-0.4478963881676641,-0.3956559204575901,-0.28606244043011086,-0.1632248816790708,-0.06308576504435659,-0.0009306782451194768,0.01965419751880069,0.005033736113527358,-0.02904104535829048,-0.06785116625336858,-0.10816445072182525,-0.13896227801420408,-0.13530325802774112,-0.05756020317889999,0.10046636456913006,0.26288774514297075,0.34778503593200377,0.35687751023361736,0.32087160214993315,0.2457864343112867,0.12411367922102613,-0.02015050053970724,-0.09885439191444352,-0.03607967573006064,0.17096589521425562,0.43429598277477194,0.6352813362544942,0.7502410377668677,0.8050820598209439,0.822213793701379,0.8135809812008261,0.7914215818268185,0.7648116290363014,0.7370477686682514,0.7083745405831525,0.6782019027816075,0.6352836202617479,0.5504634468231674,0.36724329560736807,0.06047240334286902,-0.2606478082756695,-0.47205284378343154,-0.5667948223394093,-0.577701785054495,-0.5168532824707337,-0.30541550024193664,0.007114795332079048,0.16940196108605318,0.22377148428577912,0.22732839414497635,0.20152271763132043,0.1563986984338973,0.09697498258511691,0.02525857742231544,-0.058919463368205555,-0.15325827072376463,-0.24822747376772927,-0.33080870306846594,-0.38428849444314755,-0.38489084624945585,-0.31305604364229184,-0.21484595904714543,-0.1681550921389511,-0.2014024681406102,-0.27329816841208293,-0.3404035342524329,-0.3912420518649217,-0.4334836169554017,-0.47629631629134367,-0.5218836721811876,-0.5504570341444669,-0.5280217494089842,-0.41447238651787127,-0.19183173590798527,0.06869705594565202,0.23533038082527316,0.25596609344540044,0.1584881681842032
