0.14754250414320602,0.06661208902249492,-0.010027612596833426,-0.046611498152619106,-0.03964286618785286,-0.012921206018077253,0.006152363092125046,-0.00809048779552768,-0.041893557893225915,-0.05483929211703231,-0.037842995638069546,-0.007097771551659931,0.03516150627480154,0.0949049363067457,0.15399976048325645,0.178340291016403,0.15953119158919601,0.08815053602390388,-0.04931909675761509,-0.23170346616590612,-0.35556265231106016,-0.36000909656162194,-0.27037663836167697,-0.09394252636703386,0.15720841136195818,0.4172993878030964,0.5993460331670769,0.638043205365086,0.5458780130747337,0.3921928290316384,0.24044778064899286,0.10389746288443008,-0.026216604675500653,-0.1305171500321943,-0.17831707635098024,-0.16189971411437115,-0.10086089094912297,-0.03853518422423012,-0.009530071556317628,-0.017139306373133576,-0.023862694830320257,0.003605477232029543,0.09371339300183046,0.2018137218953471,0.24756165167150987,0.24843393707122907,0.22431251979310243,0.17792848418323634,0.10715679433540333,0.02846314970109926,-0.019931417697554462,-0.0187374695949758,0.03376832114031364,0.1404277144690266,0.2691500499547687,0.3723538433088467,0.4223493257065941,0.41684207039723065,0.3404252308257142,0.14439060411914734,-0.22893529743889654,-0.530057703376933,-0.5038861144354857,-0.33310421760854675,-0.17771157095120457,-0.08693579715491936,-0.06466015039750161,-0.11475945395251197,-0.24920361471555397,-0.41992636311998427,-0.5400247779339136,-0.5788271328164806,-0.5489409731385773,-0.44696401618409576,-0.2709812492199,-0.06722499691283976,0.08592696857199272,0.17087231200963096,0.20812374114654847,0.21860503175662954,0.21526101502058217,0.2012592104191598,0.17186521845161418,0.14392989966320352,0.1459096817700749,0.1933974819183698,0.27381044708444774,0.36578334356828107,0.4337445832075893,0.45204366815530944,0.4204933333837469,0.3542372148098384,0.27193659850560115,0.19246385850232742,0.13829126206935774,0.12061892102391031,0.12685118793399106,0.12961014298475462,0.07110978188362603,-0.07997899041197772,-0.25681800539857386,-0.3707463172142094,-0.42942304676188275,-0.45418467360320924,-0.4574718199031402,-0.4292583547883324,-0.3461293110781179,-0.1931471256666344,-0.0188144907870697,0.07780135328258188,0.07900160209012565,0.013963610829628022,-0.07743813151414826,-0.15182362723533352,-0.19344552449180982,-0.21306624184334796,-0.2252106945391518,-0.23974043529832995,-0.2665715326707704,-0.3033267270860552,-0.33295895467225284,-0.3347356475480798,-0.29624052892845454,-0.22419122609139552,-0.14721403275954678,-0.08378178942377375,-0.07768167412366593,-0.11479802761274098,-0.14805612381150726,-0.15706760120508206,-0.13747280292782432,-0.08153132801418417,0.02215254978935733,0.14598978423989137,0.23767688141682872,0.26042746376662546,0.19755061243933592,0.02894364317078596,-0.270116467894576,-0.6619923214248995,-0.8934166380175871,-0.7587193178179712,-0.5227467687764169,-0.36536328538589996,-0.28414208269284474,-0.18943500580107753,-0.041208928441440563,0.12780138916055658,0.2508410393473719,0.29021257623538904,0.22227433553436074,0.03103401418801287,-0.15124440991846125,-0.2234778549288511,-0.2297620110400087,-0.2060109426099573,-0.16744909887551462,-0.12048275982989282,-0.03536727462001417,0.12814126236953255,0.1714803522388081,0.18102470345231111,0.193365387133612,0.2072214580325618,0.21881365956689589,0.22285758985030332,0.20458880396838205,0.10655069774927654,-0.048144602211109847,-0.07465768219300059,0.010489186023619906,0.16882112109364014,0.33487640002887503,0.46007372728696677,0.5375092321124862,0.5845418529275448,0.6197184056165833,0.6453328948517735,0.6542240706758709,0.632592097537022,0.5883373937966268,0.5308611079294272,0.45527851542369163,0.33925472255872274,0.20168123323582643,0.10301046639835489,0.08786151871772768,0.16202652824196231,0.33634220928671976,0.5690032834370025,0.739287320149046,0.8032561730097431,0.7966983355073092,0.7403063121202165,0.6394115997304188,0.4960854112533524,0.3319777626747585,0.19326031064771515,0.0959707331487225,0.018044168403658658,-0.0795980140146028,-0.2595395477416637,-0.5126392653971349,-0.7062200449891366,-0.7936443550017082,-0.8256536282227787,-0.8208874172080382,-0.7600240419044071,-0.5916215784056433,-0.30736674475581716,-0.026929490257269203,0.17237251244709803,0.2908727221456075,0.3213230681788,0.2511752569586278,0.10356363461465151,-0.07114288758039496,-0.21698658257037717,-0.32317151703744085,-0.40435808711689475,-0.4539973487635136,-0.45369136507096214,-0.3696282106847335,-0.1657934558420048,0.09134113015076938,0.3171859463062861,0.44700552262947113,0.4594210256990898,0.3589866401942576,0.20745793245397667,0.0670973743073349,-0.030910257067602052,-0.0867671821003902,-0.10858795034428678,-0.11573132373684361,-0.13026624984944246,-0.17584388209968677,-0.2311435090206792,-0.26209776500365733,-0.26855392969285974,-0.2495300421235739,-0.18455036311280038,-0.08966765008295091,0.0010759092196749723,0.06720228251197834,0.09966215218141486,0.10130707915640114,0.08359064576208725,0.07166411790556156,0.0982580904631914,0.1802435419935883,0.2974171559146183,0.41877983669785457,0.5152951656867746,0.5677580918199103,0.56375652871907,0.4924248068149332,0.33449732193920495,0.11373452860384106,-0.08667509007466875,-0.21284873078582658,-0.26084527643026023,-0.25644825742006705,-0.21535332231831347,-0.1462581784596597,-0.05925474765068625,0.03116509726433577,0.10820780571002697,0.17990684167226534,0.27730665461816784,0.4026478813347261,0.5084652503654642,0.5612212917733868,0.5810669309512266,0.5849569817850495,0.5703253478445308,0.5126217611451058,0.3573798974100184,0.05175402647917686,-0.2487610324657163,-0.4120678025967989,-0.4773026349422192,-0.47604371871020196,-0.36692665727230156,-0.14091782026161448,0.034644620806431804,0.1383612431435294,0.20562427696645363,0.24043648684323782,0.23472038456314354,0.19232223627264255,0.1123110232159688,-0.0056974692418735795,-0.15195520955772795,-0.2988806351991386,-0.4140218395818872,-0.4871414084044834,-0.5200935261190854,-0.46052929495003603,-0.17139615561968752,0.059014442542432294,0.15673295080478997,0.21055895225324364,0.2635338657338227,0.33571812944992996,0.41719282326166146,0.46308734927276474,0.357262226119006,-0.18026962897477006,-0.6996856294795535,-0.8133746091142742,-0.8138506923180192,-0.7836068823864691,-0.7339682970296371,-0.6443262301850584,-0.4259743784064749,0.012279954856173676,0.38539140764858437,0.544487717874735,0.5900662806272937,0.5726217219975166,0.5011435147337068,0.3897511161738597,0.26439984308500597,0.11834042866254652,-0.08337040148252686,-0.2792935621978541,-0.39693135421267756,-0.4336268004565785,-0.4151433712587409,-0.3551931014924453,-0.24809974087999162,-0.08849495050822799,0.0768728527237038,0.18902521945374992,0.22235632331500713,0.16056101669023243,-0.01306064756859559,-0.23123629339380494,-0.36631970226082256,-0.41284677798598096,-0.4138915504025508,-0.3950700782144013,-0.3529469758394645,-0.26700387190716984,-0.10308672074821601,0.15379452876089245,0.28238506192312685,0.2679237520082279,0.23564618441742433,0.21245370500251992,0.19979369537035135,0.19312463293563428,0.17290801450566512,0.11517822669184427,0.05116516629065369,0.041478388773491914,0.08540396567411722,0.17510019460236217,0.3086994099108179,0.47127900149143215,0.6125151996012402,0.6539159122065584,0.5940715276138203,0.5150433940631121,0.4644132952871214,0.45044126291408054,0.4550012033583169,0.4619996225856047,0.4551360900337124,0.41896824985211184,0.3307273609730234,0.17644163227825865,-0.004539408031121579,-0.13808396661372815,-0.17550829385208427,-0.10213295827983902,0.04597620050568222,0.16933239551786725,0.2199263316247471,0.20447573410005418,0.11975413880362001,-0.04768299194484351,-0.28462868761772786,-0.49283763847257206,-0.5974769879524418,-0.6219019546004803,-0.602475101861153,-0.5529852445599562,-0.47519410696272774,-0.37681596511865634,-0.25386231360738637,-0.09288043909200576,0.08350475168869495,0.2356278630029583,0.35253028793092045,0.4364176902206782,0.4825364953410669,0.4772099484401101,0.4069400805353542,0.3037904149061024,0.2327870843859748,0.22138839122782417,0.2555311959329826,0.30987621486769407,0.3538385806536817,0.34766257026629127,0.2224409027454057,-0.07342604556163165,-0.30832883577071063,-0.41203576661684654,-0.45627132242274687,-0.4664667542296133,-0.44261403100017727,-0.38601992505025723,-0.3338105583642583,-0.3258845015226176,-0.36531795027201613,-0.4242070580796868,-0.4793239119160506,-0.5265405280014537,-0.5551179586809517,-0.5444647938391599,-0.48629422846478637,-0.35431846121276667,-0.056513067775604345,0.42151123241212035,0.7094360167999878,0.777874223911526,0.7591933380381239,0.6663757525775533,0.4884174923809196,0.26638329240614145,0.11120069582013993,0.09638739546646946,0.2132555578684325,0.3566937814704936,0.43984257098832646,0.46380382133810694,0.42708937283499576,0.3094032806161843,0.09436569485120713,-0.1983414468235731,-0.46854331607556765,-0.6278419692009719,-0.6801452561096228,-0.6407163813003027,-0.5002993111449311,-0.24599356150636964,0.05224157389809624,0.2604674818032702,0.3592218431624845,0.39075909539716586,0.3813345180763125,0.3456807385532848,0.2892305792296618,0.19804265061935325,0.06932185046518718,-0.05462265115756353,-0.11583064899773812,-0.08539558698195059,0.016742953296193713,0.1351514200297452,0.23537389931995523,0.30693054853541757,0.36504316691460703,0.42331021134733027,0.4667787091302684,0.47846222078376566,0.4602110439520338,0.4233828797745358,0.37094494808474204,0.31122338591921866,0.27251515902408185,0.2846890191038921,0.3323643097863797,0.347874260300545,0.27182026139245635,0.06344599764500239,-0.241113208653841,-0.4950801270243078,-0.63580909113052,-0.695796844919327,-0.7078463336666247,-0.6889159518302441,-0.65150234413954,-0.6049200737862989,-0.5506895332547116,-0.4884503314046799,-0.4199706743951416,-0.35560740804018776,-0.3005139834871125,-0.2546996923523749,-0.22325511724183464,-0.20634884601530956,-0.19243709580410367,-0.16232134780982607,-0.11830273357799363,-0.05938086052728882,0.031100389994504356,0.18367527944714787,0.3997122366115647,0.6083079928359748,0.7526188589977441,0.8386341211891133,0.8826695993300567,0.8938717777942893,0.8846988565290428,0.8616650396164616,0.8279780743443723,0.7883178400095497,0.7527514062538639,0.7265010278073121,0.7060002285284032,0.6826044984358617,0.6555355720022297,0.6187210787509667,0.5512780478545566,0.4214797049762509,0.19536464592772004,-0.07133804997956109,-0.2503188734854281,-0.30430913388404757,-0.2722180390548056,-0.1973466259964052,-0.16107932376272568,-0.217823803758675,-0.35934692273029817,-0.5196182267346418,-0.6376269765835121,-0.6974376131162209,-0.6881583248175058,-0.5647540473994798,-0.2511470864608951,0.13009267462365393,0.3128501348534953,0.20553729387457975,-0.34529664330880316,-0.760146729270237,-0.8509257215105998,-0.8685728487386273,-0.8623817713841772,-0.8296344704967654,-0.724280755238813,-0.41554862342354626,0.05679393219372572,0.35211102536464683,0.4675025751765033,0.4874853282899179,0.44473854973166377,0.32792626146380593,0.1271482659093819,-0.12558545527343545,-0.3179781742954818,-0.3767940568367844,-0.32046484436179207,-0.18622857924890351,0.009242865057907827,0.2596809586216387,0.5170550642207675,0.6945168355233095,0.7639822280128763,0.7668083257797627,0.7170976617353132,0.5185827915685564,0.07840635535374008,-0.2208444640389141,-0.302258059412546,-0.28629680595306933,-0.24255941213864726,-0.2044037171226265,-0.18363970762106863,-0.18840219182607323,-0.2276969532449837,-0.32400633274198215,-0.4946685544280063,-0.45968985931132544,-0.27832071091597066,-0.1803790137231956,-0.1314509470173885,-0.11057575814646334,-0.1161596788923227,-0.1598520403116431,-0.23786552488822266,-0.2820377072283326,-0.26750686300774396,-0.2090904290684343,-0.1103528968838385,0.00047852257129416854,0.104042682381866,0.21923422717893434,0.3292679969061691,0.41209956213957033,0.44793575231544563,0.44972262641680655,0.44197718100179495,0.43105894592619437,0.41811840789576454,0.41616581095119787,0.4492932090180789,0.5041430331755536,0.5377437222939166,0.5314098817303786,0.4952636017699022,0.43660705788845044,0.3620963387928815,0.27234209389498315,0.19863250856833167,0.18177694968325778,0.2369388164593112,0.32106842304988203,0.3852700770947941,0.4063303676876557,0.3832181644779371,0.3221970408427991,0.22966203992163028,0.12396805362848494,0.029917618740836104,-0.0329126455108585,-0.06265738385825391,-0.05847255732808744,-0.041276176243596245,-0.040021630408078754,-0.06359764039215013,-0.09843772025234684,-0.12092420621145672,-0.11803215092192466,-0.10735544716162211,-0.10662011232057209,-0.1189703474988726,-0.13371510880879686,-0.14669048577742114,-0.1559920757066905,-0.15653575355531654,-0.12082253753332983,0.002823982208070596,0.21812781908717901,0.4188261848213818,0.5440484683896568,0.6061480080395552,0.628400537770899,0.621915390407812,0.5936868500410115,0.5518758862326806,0.5101687606423004,0.45566554732395137,0.32298247651790213,0.07629892536972556,-0.17006557966255095,-0.34499744386122394,-0.45572684859510126,-0.5156030395245526,-0.534923934212451,-0.5245607700377641,-0.49575849308239717,-0.4617879581912183,-0.42060061995547054,-0.3734410771701588,-0.3238919595733162,-0.27609914165202926,-0.2302972581055999,-0.2192384864952033,-0.256527846307137,-0.3263042952007209,-0.39868913671033784,-0.44905051106113303,-0.45305306974814114,-0.3695122969928685,-0.1855396476399552,0.004144862415238786,0.11211486669167788,0.1226142579985734,0.03817910537031403,-0.11133438831618092,-0.27589259413366296,-0.4080238559359655,-0.4880920338056203,-0.5073034894460268,-0.4436115948025302,-0.2519311878236099,0.02956052064709876,0.22049554169332272,0.27532013521845305,0.22899737663763625,0.12992246737230928,0.04456769608331171,0.003186307347616677,0.018156400718741167,0.07826186988482364,0.15620110115832028,0.2170401734053604,0.2495722599112845,0.25208531644145854,0.2188105892738451,0.1313370344269426,-0.022105888530471306,-0.20315006209995687,-0.3405404719200355,-0.3996962477505882,-0.3868698116242883,-0.3092811908330026,-0.19350970902364675,-0.08088715453046062,0.01094572307751374,0.08190644638036555,0.14856019939558815,0.23360484579987992,0.33380725855635757,0.38978389443642886,0.3740001855674597,0.3044820881008654,0.19474859726361288,0.05807511395520522,-0.08483571130224205,-0.17996197505572423,-0.19861000921768174,-0.16777390951557614,-0.10528251146987046,-0.018080687461932445,0.08393083944570189,0.19116804710085483,0.3014024110463507,0.4157681514118058,0.5249016490162598,0.5780052286388637,0.5490579173115875,0.43749196560137554,0.2395181832043699,0.0009641438748428481,-0.18228785242505405,-0.28070350364283153,-0.31317846102635116,-0.30069399208262226,-0.2614742819377587,-0.20819137591960638,-0.1415633670577102,-0.07166598708096106,-0.023891338093325318,-0.020868660133068394,-0.0724061626226555,-0.1455513868025778,-0.17839810081832416,-0.14039571239048376,-0.03911806390634176,0.09700342508045182,0.22635675413476877,0.33348131717314855,0.4134741072520027,0.4693377481666428,0.49757129520852095,0.5039394295310612,0.5024422151833816,0.4999738666599629,0.48908717603185053,0.46080469875539837,0.4287105612676164,0.414796537387359,0.4201583148686732,0.4194742801313407,0.3959842900147796,0.33624910408487535,0.2363849952919157,0.11051808194880376,-0.0020334333495516856,-0.062244761749437987,-0.06207531403902235,-0.023932835358308466,0.016951389548758116,0.03158153758695373,0.027167021958792708,0.017329861079669783,0.014499531356399448,0.021782846337217558,0.026683298880695903,0.018691080926848083,-0.0019181360945650062,-0.023511780519338884,-0.03144242943124131,-0.023102781379178934,-0.014099448564309471,-0.03984730613003968,-0.11544380030172843,-0.2323703243873811,-0.3507914622588663,-0.43019494939639114,-0.4052453014379738,-0.23580040881932526,-0.041832980738038754,0.08580875707471287,0.14224165872855607,0.1433365971862527,0.10941222551878213,0.061647196130842616,0.031232261999265657,0.04398543009055901,0.09567834041066568,0.1654641796544863,0.2250066359432446,0.25654213710548446,0.24378693095102025,0.16296528865321672,0.015851265173990204,-0.1305618583118433,-0.14767768664970798,0.1123967389189371,0.539542436245157,0.7023939844860717,0.7015046430769678,0.6470671425414616,0.5625268376930631,0.427424347479113,0.23176993266166687,0.04300065607664898,-0.07894899670619135,-0.14643451488419099,-0.192793440110503,-0.23961391848776115,-0.29140163421939175,-0.3437711694618773,-0.39339804183281885,-0.42999656404253017,-0.43461908199396776,-0.4040375280752811,-0.36302292311483947,-0.3282244415279942,-0.3004172377813165,-0.27337775224733923,-0.24016853640520283,-0.20284304592685293,-0.17714404862352223,-0.18002091067353887,-0.2452033638288995,-0.3775187350762624,-0.48653443571116917,-0.5183452950817803,-0.47761959324110603,-0.38184771087310315,-0.2562489993453836,-0.12883182381529765,-0.03072169548493962,0.043691398365843515,0.13150504228980936,0.2581699564998497,0.4029186582762634,0.5149645075410905,0.565227989077553,0.564574581581216,0.5296923886483212,0.46952649521383216,0.3750033677744416,0.2418569749094826,0.09762915889736697,0.004247079528818137,-0.005753983629066963,0.06680646272055556,0.17715108502946447,0.272476734833947,0.31547788441172514,0.2954237955691951,0.21188123735214648,0.07953631186689902,-0.07662301177166288,-0.2102964856539709,-0.2758564798647953,-0.26570024890188065,-0.21409559479634316,-0.1672169141405384,-0.1450476371334511,-0.1423362600618958,-0.15144219030383632,-0.1495341865532399,-0.12976046350472922,-0.09070556867301953,-0.05114961066316999,-0.003051454184820852,0.06285268667169111,0.1457044104797146,0.2466013949222071,0.35936788336686687,0.47135255625075356,0.563112197213945,0.6071877208760363,0.5705789417438824,0.44368702702781665,0.2534900296123576,0.046211342421716844,-0.1547414465995237,-0.32115910641144685,-0.4328071029731207,-0.4578189358895187,-0.39918403643360145,-0.28918639374767124,-0.1621842669336493,-0.04837062544082998,0.031406821101434966,0.0739019761611745,0.08568254822317868,0.06215502102638476,-0.024101828222311883,-0.19607596245197537,-0.3839239886750937,-0.5079875991457367,-0.5504201858813648,-0.5210463866682905,-0.43498085248174323,-0.3375552477010456,-0.25858282574848096,-0.19245747212026154,-0.1273050048560955,-0.052584943760080355,0.06880440752364358,0.43530131287002144,0.19850938070912785,0.13523360710317409,0.12282799998249352,0.13578363308612826,0.17034395245442738,0.22650198924484882,0.30182028668823246,0.3887816003178698,0.453970106104783,0.41615959704057387,0.25327050560380154,0.09404590511255953,0.0007640553131583041,-0.04358226131039548,-0.047451870370076366,-0.012360595088946675,0.05999411901416918,0.14947385356147652,0.2258195825204832,0.2637683374103676,0.25836746325746573,0.21618673871123503,0.16664491916732138,0.1393802809145687,0.14853679872580608,0.17536908130756937,0.19225874710606305,0.1917776672203703,0.18822597464088126,0.20947700298683242,0.26520175983534927,0.3425366417294056,0.4322920818719001,0.5309083816583421,0.6185906777135837,0.677213595216459,0.7006311124802255,0.6977765145158232,0.6681707057069619,0.5806203908589972,0.36425885531602253,0.03463311122544096,-0.23863394609649927,-0.41439641641964764,-0.5164423621073215,-0.5701220600925742,-0.5931329636037507,-0.6042190942876026,-0.6156862364735664,-0.6255134323834841,-0.6244865232168322,-0.6050961149619071,-0.5658491663665087,-0.49273984810118615,-0.373972113498699,-0.22182803313702795,-0.052167134312117495,0.1303072277413955,0.32029437955789514,0.4903725328464458,0.5998574878819921,0.6614436586662924,0.6996838638559133,0.7219416983988006,0.7249282484272023,0.7188253034608393,0.6991518639613931,0.652368874708272,0.508918727520633,0.10944791198394697,-0.3537721007996912,-0.5805303966705171,-0.6699088035716363,-0.694327765842295,-0.6342266738240045,-0.3175268259217164,0.3442742101879027,0.6731281699425005,0.7587231759529647,0.7709861300623794,0.7234221231068977,0.5066079216441565,-0.03830148463763794,-0.48686037143525485,-0.6775761127342901,-0.7488159196127543,-0.7525194533104952,-0.7095033763280904,-0.632284922127448,-0.531191813463538,-0.3978270711326521,-0.22193431489002016,-0.02659449741707522,0.12497462352049381,0.1959747432073479,0.1812008111459289,0.08425536396671071,-0.07593151697650087,-0.22384287098257372,-0.29469188572249855,-0.2920963256691161,-0.23602078551906994,-0.1464455135579725,-0.0596671076692768,0.006735893504214962,0.0688748094839113,0.11347503261794178,0.1394749552479427,0.1470966600824636,0.150645895571651,0.1560771900733957,0.1551632506498121,0.14507961246113285,0.14093151819359404,0.18070816232594616,0.29946704937538204,0.45015017037275223,0.5579173773674224,0.6217942847447812,0.6582081520442808,0.6620002482247908,0.6292115654182195,0.5589418519104193,0.4490296604474334,0.3213159393177354,0.22898696877232286,0.21889983584086264,0.29286903157277344,0.3747553979659923,0.4028477931522499,0.34507529596251246,0.20281359363624737,0.0231375367039111,-0.09564361920414165,-0.1289072367629034,-0.10698627664858291,-0.061357618404901434,-0.00649266170571962,0.047652514230637856,0.09252138195829726,0.13731826800362926,0.19106482211103754,0.26147393908857347,0.3620270817018763,0.504717926071866,0.6518915096248289,0.7135746888743583,0.6164112977967613,0.4010689615564599,0.18975869278537832,0.05870050948826634,0.02941293689633231,0.09182660465750798,0.20065774277695134,0.26015355542266894,0.22466454624013463,0.10515881391851917,-0.07846602880320933,-0.273810270802319,-0.41125466995149546,-0.44910605546293936,-0.37339774641179857,-0.1887522927883616,0.08858294321698622,0.34596711790491397,0.4634736080854304,0.463052891299529,0.4058924080553106,0.32635572785859823,0.2248729937615783,0.08183554892446053,-0.11927330821302892,-0.337624504652324,-0.4624716020370322,-0.4732195332120198,-0.40550383959188485,-0.2780061313886161,-0.12958512773804876,-0.02079618280178971,-0.00014663942759691765,-0.08999049789033402,-0.2703199673612714,-0.43366538890682926,-0.5108376480387726,-0.5232752669772122,-0.4999393047180413,-0.4436286243067102,-0.3165773977640445,-0.10088394722444623,0.08930149693772077,0.1973680596694117,0.25744246408907295,0.28551802602063875,0.2823500802991218,0.25108567480126986,0.2101474400980812,0.1724024721694606,0.13840793624816752,0.1077078624723653,0.0833326792440363,0.057079891738317755,0.001219043629891663,-0.100132407019592,-0.21389192366845702,-0.3061641120385631,-0.35938566309753156,-0.3718151702825796,-0.3375217224148323,-0.2597727414610696,-0.15379279780753682,-0.06108523519559663,-0.017113363993221397,-0.015424788972760207,-0.028254949357831797,-0.03150229440683289,-0.01802583216470423,0.011765751500087095,0.05375809324629065,0.0980295053255502,0.13638881269189684,0.1628636152232569,0.1731093987684207,0.16273590589938797,0.1137868779838916,-0.01077852597729938,-0.22779762866165004,-0.4249299827220515,-0.5152285797881807,-0.5459489539238216,-0.5499245630504133,-0.540040997322992,-0.5077788474308614,-0.42075986301511165,-0.2602024392303842,-0.07255415980967278,0.07271229802520401,0.1514930698567596,0.18374330707793096,0.19932114526537761,0.21948865305212545,0.26201087899039244,0.32942114692321567,0.4127154316107864,0.49686372786542976,0.552729415782563,0.5675131103124619,0.5550609519969153,0.52845551948295,0.5063121991315502,0.5079684053699648,0.5348314555705507,0.5691180450899224,0.5892246149760116,0.5735200857539371,0.501286210483905,0.36691389271443176,0.21272868900197492,0.10374804740760944,0.04900426496012467,0.015311736634994992,-0.023285746751553496,-0.08074820495194243,-0.15002535690939436,-0.20608067925026405,-0.2257984427978927,-0.1940197009954523,-0.09996238865120956,0.06805492215610996,0.2692268011047262,0.4167729431507974,0.4918468051822055,0.5291131760910529,0.5583373364637517,0.5884020236932064,0.6181823888400666,0.6352696530939448,0.5790653478455482,0.10966311636247139,-0.35831946444200474,-0.5462845105143187,-0.6452264767348312,-0.696330732111089,-0.7033969190148994,-0.6696001264064685,-0.6083791177207613,-0.5415069262354755,-0.487561546248047,-0.44509706150834083,-0.4089896314535906,-0.36976830816357115,-0.3203619838275766,-0.2442567298977269,-0.13207822873843814,-0.008818208192287524,0.08428053197790086,0.1301362018191456,0.12396341174660971,0.07067701538875452,-0.007856622512636116,-0.0742133263410887,-0.09746686391214614,-0.06058836193401732,0.03395386866156426,0.17082981478171066,0.3443265937279404,0.5302484214179182,0.6471548198967355,0.6380736784400677,0.5238809797514283,0.3819844341646868,0.2627774522811294,0.1698333064242729,0.09074135959403044,0.02333432242279206,0.008668685013401017,0.023721682864435555,0.046873052348560186,0.07464123669998923,0.10786211672834914,0.13326972774260132,0.12061865868097318,0.04370114012168201,-0.08115315859157972,-0.2046184357050019,-0.27815697519143134,-0.3116587373769449,-0.33054681509629147,-0.3659191178054945,-0.41875318632568254,-0.4698277319798798,-0.48217153274410474,-0.4153279124231436,-0.2234311518329162,0.07145818086072295,0.3262901880346358,0.4798962670499958,0.5618917424676998,0.6036778791622041,0.6285566313007996,0.6487093636868981,0.6646082114880986,0.6758133886731642,0.6809847386034363,0.6776879239565512,0.6565574804156348,0.5873577402853482,0.34747988511447675,-0.0730677655923757,-0.32510149093730933,-0.432482877436837,-0.5012287933004452,-0.5778829204190942,-0.6516984007511576,-0.6860295949018936,-0.6998934239248559,-0.7073377210059847,-0.7132118515139257,-0.7175459241896898,-0.7176122555219603,-0.7044778296312455,-0.6628830144040895,-0.5767952559674774,-0.4409214952863475,-0.2724492538118645,-0.10527362759444765,0.03033663637826014,0.11280740799353542,0.11505770720393098,0.031207550022098525,-0.08737635012895249,-0.20337689911921186,-0.30437642579153446,-0.37880427773854763,-0.3986419636037351,-0.32583975890704814,-0.10713608747828379,0.22797755683387538,0.5278519864727155,0.6991324876594387,0.7869948679050959,0.8420638512793702,0.8772041788336723,0.8417230614803748,0.6281929363575115,0.3301917984193123,0.10878022624420093,-0.02914420907378107,-0.09128819162902749,-0.028650319807909143,0.09825900460986178,0.17709026716517035,0.20792779380075022,0.2129402605526358,0.21533516449355108,0.22338125458679378,0.21885129213673665,0.15212506566393463,-0.05068098683834625,-0.3275124032740273,-0.5198591097260491,-0.6080246216071185,-0.6335707644951082,-0.6217392073856989,-0.5918234188023607,-0.5656426777979993,-0.5525060727649321,-0.5350526710776312,-0.4856558522855161,-0.3931135349267374,-0.271976349721877,-0.1414167313754452,-0.017277725111760872,0.10864625500308898,0.23610037273833334,0.352380776023625,0.4285504205495886,0.44621724001951824,0.3969863857098122,0.2993307462434599,0.19427362303701753,0.13125273256201983,0.11285243488998195,0.11822962011898745,0.13419494856308994,0.16311047374357013,0.2122265838726015,0.27972883387084946,0.3580950154851508,0.427006018105717,0.4746213272594295,0.49277115425270107,0.48116808429927854,0.45102241013224065,0.40137755224320143,0.3109252940333746,0.15984056232631227,0.0039086137370134754,-0.059140048980981005,-0.020382233362939116,0.08805054987631997,0.2241425829995662,0.35848012008589963,0.4791426430135848,0.5788079306077557,0.6434276261510068,0.6572054891463568,0.6132173794172097,0.4907686470938342,0.1943962931306744,-0.10628826632349964,-0.21520078253742228,-0.22881933473169178,-0.20720207249106318,-0.16857669447589588,-0.11847166040172345,-0.0558431099488404,0.034009034731101354,0.16364130989917963,0.10393688020019241,0.0515140781862883,0.021308580005978427,0.003440647292477225,-0.0026761868868604138,0.00694894387027783,0.03585907222668646,0.08033271495494522,0.11106646602862967,0.07700096445740437,-0.024341329390980625,-0.11272581187108853,-0.14075092407386394,-0.10816235751801825,-0.03768091422000178,0.05032114393844901,0.12850058859244187,0.16883036414764507,0.1573302013666376,0.09613100645411493,0.03110552997822345,0.01166597546419353,0.06078820208047822,0.15460808895966444,0.23619370366118134,0.2729555514101391,0.2722573308893152,0.2670848605955731,0.28816679865524536,0.34440866819533356,0.4089486813009393,0.4418707069698899,0.4165303343491523,0.31387700566920956,0.13504163661240848,-0.05437987322648612,-0.18036746083031904,-0.22637636230820865,-0.18892947256253362,-0.0776833026552258,0.04500292856646065,0.10319860848526989,0.04441291094980798,-0.1484695718619628,-0.34668545858648864,-0.4479091246841476,-0.47844013918066536,-0.46745578863989706,-0.39136065539710396,-0.21614129530887227,0.011047134401236882,0.1667784203199645,0.23280835936962394,0.25001450114953955,0.2596546111759273,0.29266380819133714,0.3428528956512918,0.3951870146884349,0.440086108522433,0.4730388259792032,0.49813772079361296,0.5159679105400373,0.5291948100839344,0.528546677837831,0.499513019975378,0.39028178139807124,0.1939394782196792,0.02772864497410561,-0.05338074618742099,-0.05619629159814793,-0.021251184004441148,-0.008326511120658207,-0.059676664309534826,-0.21169304064687797,-0.41376443484416175,-0.48817950887708356,-0.46486953445475104,-0.4197663217210939,-0.36189895959693585,-0.2848596887157522,-0.18039838541537315,-0.04290196340502109,0.07729871270048796,0.0791505977343258,-0.023175239336877956,-0.1512546760623372,-0.26549565577954304,-0.35790318670832744,-0.43451184344536803,-0.515739834866747,-0.601598344575112,-0.6738308761633592,-0.7198401284300254,-0.732763986861057,-0.7036810639421327,-0.6303883875788174,-0.5509040532930024,-0.4981687352761334,-0.4723573875170947,-0.45839724962295064,-0.4374831567237927,-0.38967157428975496,-0.2966453073032503,-0.1602213887967129,-0.021896961524716492,0.10223087086381678,0.2012784879915178,0.267055608431222,0.29289348961829803,0.27819767198114714,0.22294988888969075,0.14233110700862184,0.05309649162312671,-0.014368585761736014,-0.006900922223815292,0.09865736470933283,0.20732499024192355,0.254425242355537,0.2546150453395617,0.23473911085282315,0.22287260711679396,0.2282796905665217,0.251798415760372,0.27455938071888397,0.26708716440596014,0.21117525503860662,0.10674755419031598,-0.00550234227456528,-0.08333561181630963,-0.10700292998081763,-0.085413466797416,-0.04087217530412298,0.010059250834173424,0.05044992426149707,0.07939637086348439,0.11325196510528115,0.15471288284139648,0.20333394899674362,0.27983405349637724,0.3697203899510022,0.436021277042068,0.44773605410142525,0.41557777858276457,0.3725885634671887,0.34607306528793913,0.3399834593859532,0.3430428895074699,0.348331011718098,0.34566310700806635,0.3273620679633433,0.28476230253011764,0.23191628449581173,0.1962675254380528,0.19690609771165404,0.22924016910172648,0.26978861499117673,0.29221352965718284,0.29687753328178984,0.2943927768964306,0.3004869161038327,0.3340167116681279,0.39435914938351185,0.4454842600054354,0.46019027925906614,0.4255055949939811,0.3142332700661929,0.09125682886392596,-0.18233581143947017,-0.3710980970602045,-0.4735538793992525,-0.5232834242389683,-0.5114788407044483,-0.39138756276768605,-0.1924721978741003,-0.03067843941825368,0.033784667911803866,0.007182348779667973,-0.06335169864805826,-0.13649701329405384,-0.1717103776786388,-0.1560529372603242,-0.1118318354941765,-0.07558298223736423,-0.0405952870259759,0.019117782895113775,0.10942834517627038,0.2073239900058322,0.28532224032626197,0.31748812798324816,0.2793766375424706,0.14526661259414891,-0.09403638324236024,-0.326899448465581,-0.40359296374120235,-0.32950816939148814,-0.17036668260540888,0.0040559084032900546,0.1397691781814001,0.22693701597398083,0.2751952972373834,0.2929469164067546,0.2882590698031196,0.2789565028896468,0.2742937226675889,0.2518924048423947,0.17383406675650756,0.03270056105436392,-0.19704859705071331,-0.46455610252086016,-0.570135225121531,-0.5443393443396676,-0.49036249542257865,-0.4379624739264801,-0.3902038172629859,-0.3453833668414396,-0.2954098996553978,-0.24179122124378424,-0.20477691690038935,-0.2008364140843245,-0.22637607726776673,-0.2535487082065171,-0.24119892079878819,-0.17099911695572897,-0.021855013036657274,0.20011375277564983,0.4224045437085579,0.5725737758849679,0.6328643208555111,0.6116803946452541,0.505751278090324,0.3148577513776257,0.12040325814187497,-0.002006550703629925,-0.046024043009480986,-0.03804875027862037,0.014394531288619013,0.09648384680557048,0.19098178755333867,0.28962050292002406,0.38629979656895386,0.46635186320999783,0.5110707429142696,0.5057488979195895,0.43075307116664835,0.21957517925448536,-0.13644295316982447,-0.43087461972101915,-0.581363783704402,-0.6563343895923055,-0.6918841526765507,-0.6986468903555012,-0.6733796868758923,-0.6123926330448297,-0.501873600547333,-0.3427650024620949,-0.13496449828191778,0.13257566682033295,0.4289702018662713,0.6496730289131261,0.7595824839921255,0.7990058035035805,0.7865226075160665,0.7247051959651336,0.6283280033904369,0.5319936222624702,0.48424770566630276,0.5136266086262712,0.5874284583628921,0.6486845975815471,0.6765437554442566,0.6829649696559806,0.6779497851035312,0.6595492982570514,0.6138708313305283,0.5014784552469902,0.24758416951666537,-0.158307546192845,-0.5093535374036932,-0.715984292058472,-0.8239183677479972,-0.8029483315374744,-0.6973259778512324,-0.6127992593086439,-0.5664011192013263,-0.5426032253858456,-0.523913080636627,-0.497389761956778,-0.4601676842655149,-0.4252593513753604,-0.41993107803786034,-0.4728254396445478,-0.5814218064076195,-0.6946948812122083,-0.7759611958654998,-0.8266740103751469,-0.857475958941576,-0.8801567862514457,-0.9018593991620121,-0.9203458877528471,-0.9178321673899387,-0.8475543820656964,-0.6355194422351361,-0.3284449681230848,-0.09123497508438691,0.05715586133597983,0.1768332048878608,0.3098342866468338,0.4490062064675489,0.5415029043888386,0.5669403899338437,0.5331477622785914,0.4532210808774887,0.3457062924497766,0.24595116383962318,0.16008153702450734,0.08643453725373569,0.039903128177827825,0.024467640126116304,0.051140231008152605,0.12483703985228395,0.214259977711926,0.26992559410633343,0.27510542199622584,0.25806711362006507,0.2667399017345171,0.3300927382870603,0.4584947312917139,0.6333804568144903,0.79010203953746,0.8485073166446974,0.8171506867366237,0.7551847812180049,0.6928031506925106,0.6263973468938336,0.5104649669035162,0.2354586054918037,-0.038668340282620325,-0.13539986225514491,-0.12162292418781583,-0.04532640524951893,0.04585256082056721,0.06805200217338565,0.013857454230278865,-0.04283460345342154,-0.02766165254461905,0.03738110590740889,0.09270657980645157,0.10793570764580471,0.07973813189471082,0.007392880683165273,-0.0784295812621694,-0.14774084972444623,-0.1648814495176075,-0.11979225816850658,-0.03471418422857054,0.06149347336927697,0.12801981049306857,0.14179691029586658,0.10953237881088045,0.054879359486977954,-0.007148661838514164,-0.0684479735959228,-0.11430623143070676,-0.1238953209145574,-0.07132360061998114,0.045722031102463555,0.19145276513753862,0.3233123422473775,0.41279628042349303,0.45031277479762444,0.44412218310202983,0.41078593199176777,0.36839692504768506,0.314799668406399,0.24211870717796974,0.11677877728325935,-0.07030354055180915,-0.23905520423878124,-0.2979186484077231,-0.25252135479404364,-0.15077771116701238,-0.044386386741318104,-0.010510515551864661,-0.09888549413635425,-0.2518917772247055,-0.38835222871174385,-0.4869296589819862,-0.541984591154738,-0.5607721327454565,-0.5473045610456181,-0.5100260243950934,-0.4520896702666859,-0.3785212562932045,-0.29939383943563125,-0.2295395522107707,-0.18082042070345805,-0.15498103318571949,-0.14373139176402086,-0.14271465243255496,-0.15535835541831497,-0.17547781423466527,-0.19312778811221293,-0.20553803820172808,-0.20230143971138545,-0.16646501776583664,-0.10547965064037841,-0.06239744043900874,-0.06703949104559985,-0.09789112738985398,-0.12858979568506285,-0.1394946618310614,-0.1285441296048262,-0.09694713043061218,-0.03096231299068088,0.0907154908029719,0.29004986247735665,0.5210712732496848,0.6825868577543849,0.7446845309984161,0.735220230798757,0.6723188256129224,0.5596735514063438,0.44027794770211204,0.3742649923395595,0.3820628072263536,0.43813518618912467,0.5048265120991512,0.5556980847410115,0.5925884146730601,0.6176044951835077,0.6268457517717861,0.6116621381389284,0.5394553988383682,0.35866150970094834,0.07242528614439965,-0.1916602021895746,-0.33380458375829936,-0.36408669531629095,-0.34767779219595124,-0.33608209310652293,-0.3437456563495503,-0.3620359697256602,-0.37839887560846586,-0.39245099145920187,-0.38544059793690827,-0.336227279872699,-0.2543760176097298,-0.19133104209853377,-0.15252606332541066,-0.12446736161076333,-0.09152469828825267,-0.05033679174604236,-0.0029504696668341637,0.046964541269030706,-0.0032063475565185214,-0.055923819972103744,-0.08415407547005824,-0.09917839607738564,-0.09500339603185626,-0.053497871017591146,0.0467956831589295,0.20187197275128216,0.34973256250026613,0.3936271496757074,0.22290414472173795,-0.24306334177575273,-0.598112168394492,-0.6969978073995821,-0.7066768032010621,-0.6875361954429888,-0.6521935587120338,-0.5968750787567343,-0.5041080499719921,-0.3511779426692875,-0.1540011832113851,0.017521877889330188,0.11350073551851321,0.14459098754278732,0.1348196853697569,0.1027439133807456,0.0679576488919858,0.03735531595451823,0.00793713261722242,-0.014228780086157973,-0.016689874475524405,0.00332175627066224,0.032525183704628834,0.06418601397285356,0.10127239562530528,0.13077846581042468,0.1406948841487786,0.14685436899237012,0.20653848309128647,0.32193903222351433,0.43350222393554017,0.4948264506196595,0.4593491221344183,0.2929302486593102,0.12563005408895772,0.05348689231135995,0.06331165987253218,0.15690154363684722,0.38883280128885495,0.7220457844646504,0.7837271283649921,0.6698679804691756,0.5344529834792036,0.37116740368061485,0.1766393534944429,0.05388452781113965,0.08730311005004544,0.20597148677545696,0.3219025549391643,0.3979586604793328,0.4415704652544746,0.4725666730629951,0.5005590928337295,0.5061250049543781,0.46617455656512985,0.3546284231305586,0.15154154721942895,-0.08708795314174105,-0.2583653339928167,-0.3373045734195739,-0.3456383048142376,-0.297712377268189,-0.17914941896939587,0.023998986232555232,0.27483301095742174,0.4420816036704322,0.4837934007893068,0.4602468122121382,0.4180711393524129,0.38059624551287885,0.3509150960142866,0.3271556222527757,0.31261484555380825,0.29281217288586237,0.25411934584443535,0.20047833867576328,0.13993933341045642,0.06838748846155554,-0.0583098133518547,-0.26144762950217276,-0.3995382998709049,-0.4297771697906809,-0.41067205141273583,-0.3703396432296703,-0.312630953611574,-0.22916459222307406,-0.0812182186669555,0.17748612540391714,0.2854550681905256,0.27939218356213164,0.25877092914590366,0.23562691181059237,0.2046856653221986,0.15619580335199845,0.07335386441079056,-0.050742053782155884,-0.17522636389590768,-0.2790532088976274,-0.3929683915434183,-0.5107145847614527,-0.5940336550888142,-0.633858029286863,-0.6417674102929957,-0.6221596869705276,-0.5774840090250963,-0.519128218023364,-0.4516370306028571,-0.3616665402953181,-0.2293090835329289,-0.06455062123455113,0.06177015275595073,0.1425821108353355,0.22593635691778008,0.33638388618615245,0.458697960810458,0.5496946417703272,0.583460753657202,0.5409406061138902,0.3911170969867263,0.15087267811535657,-0.08150737524409299,-0.22440998467140355,-0.2543855712859177,-0.15010864420026257,0.08621562726161291,0.27134682741942456,0.33317904743941534,0.3326758827330776,0.29450122147087776,0.21475347077206833,0.10598610672079964,-0.0021652267971223513,-0.06680893605150917,-0.04923846856447837,0.044296230901716555,0.14564685872312308,0.21665991764551523,0.2551790812514463,0.27913652716887283,0.29680126873102786,0.3067093157391857,0.31230989557695993,0.31486741278149616,0.31560537394333465,0.3043316637639053,0.26604225143450894,0.19305491262090627,0.09873401655772826,-0.02303970760633756,-0.17413122075504403,-0.29522200747261074,-0.3186597706410419,-0.2415691801336298,-0.09049836013160306,0.0756242489135434,0.18307416880791766,0.21310370529825884,0.16994215565154525,0.07728055626258921,-0.025181554952453358,-0.09985191475224393,-0.1497851575212228,-0.19859866904948897,-0.2572131014540109,-0.3083376784786391,-0.34263790694452917,-0.3644209880011458,-0.3692181895984892,-0.3464476358582353,-0.2874969367980172,-0.17222691312491986,0.016526501894302853,0.22468675423031967,0.3640779539209429,0.4305285506058153,0.43886748284482147,0.38973282708320717,0.28564527405359474,0.1528540571475405,0.04700032424916514,0.025794111100354154,0.08100844739729718,0.17442255880215235,0.25964056443462125,0.27732727983745925,0.12611164521761573,-0.19147334633588695,-0.4295158970470182,-0.5463791815941031,-0.5901651945113783,-0.5788616017080449,-0.5061140185676021,-0.3639887389134321,-0.18781600494889308,-0.03253825551592882,0.06105044360691285,0.08954836067517889,0.06811321335838416,0.026790134484220924,-0.02229387624636663,-0.060693858613492704,-0.07515276171860552,-0.036310353682971405,0.0481518992800524,0.14662140699326415,0.22039049519819623,0.2505276889181605,0.23836701020461032,0.20418613598052954,0.16303807641263482,0.10358242979402495,0.037398220516845375,-0.002479151071714122,0.006397007020221638,0.05306201515214343,0.1281727977386192,0.24889996310501042,0.41250895468844023,0.5501151981588085,0.5981921426639887,0.5315602790197954,0.26883575401981613,-0.24362311078736534,-0.5672233979466875,-0.663214245251225,-0.6692041663007938,-0.6229952642428461,-0.526474638329014,-0.3692711885364372,-0.17281305903443403,-0.012156415295368811,0.06400788531272411,0.07230556482496459,0.048884426174993806,0.03154858430825398,0.06298902990304478,0.17369980738837787,0.3379146021979521,0.463269204430597,0.516500409306543,0.5331713156735793,0.5374783636276408,0.5446964471146846,0.5635710377544786,0.5906225631994496,0.6253802680394004,0.6640634359426963,0.6894501503481434,0.6714479316052872,0.5782487105347369,0.4182891090997105,0.2535535981743827,0.13225880833973352,0.06469138049220223,0.0243579429390423,-0.024625469800159713,-0.10216836342418735,-0.23673277457311126,-0.4253063669947369,-0.5714927379238932,-0.6215086749433651,-0.6325749874826183,-0.6391941180111994,-0.6278724352925767,-0.5390732932743291,-0.1573258176262824,0.39868688475583736,0.5331531417290395,0.4521111024869121,0.3082540488531974,0.19009264145011237,0.13359880038376168,0.1736473332807034,0.3353093583817582,0.5807893815197797,0.7482029835560495,0.8049035259809878,0.8065431141911116,0.7623173019388811,0.6302938722851977,0.33487824979327846,-0.05666195030256164,-0.3693410350979487,-0.6070786523154074,-0.7549347529413694,-0.6678800591325108,-0.5104259734855985,-0.4332603026579437,-0.42818331203221915,-0.47114532740747767,-0.5438774579342115,-0.6298194386010582,-0.7057569468321191,-0.7429989557332238,-0.7331763888268501,-0.6938801219388433,-0.635669742612454,-0.5370616773102481,-0.3616925955947286,-0.08506613264695692,0.24046593971190006,0.5453911633193109,0.7247609756512727,0.741808221580571,0.6785075559206349,0.6080710125735137,0.5467092055661892,0.4858444750872165,0.4075778846479752,0.3240819619459832,0.2708077879682385,0.27218564550701274,0.3177187106293585,0.3794938329106772,0.41550509567208754,0.39705737148727077,0.3013787757923905,0.11157067796657927,-0.07748757024105424,-0.17091125343776598,-0.1881311961521728,-0.15635580759750403,-0.09202519743937475,-0.007084989251874772,0.09291247470606633,0.19941980344985186,0.26199911397204184,0.27607543562848647,0.2829976429926982,0.30500633427401697,0.3305022981258172,0.3588579976448174,0.38464136524416914,0.3954165482215878,0.3682580870588857,0.28752021580809606,0.1760177283317093,0.08127752754814906,0.035480115700273346,0.030354681990916146,0.034044592618679884,0.014907886271489293,-0.05015347556026643,-0.14179250963166293,-0.20270370737672513,-0.1813796169943665,-0.08208795466055198,0.042160320340783874,0.12892905892284934,0.1475121861830775,0.08271970085460242,-0.05066950023775157,-0.19674793079096875,-0.2875437102651815,-0.29252781331323663,-0.24004336080904715,-0.1680582911928377,-0.10911346836972163,-0.08511004929867394,-0.09269209657132814,-0.11054952041117153,-0.12751203892005453,-0.1186031421838491,-0.0698453367247206,0.032003732472573335,0.17953120366372272,0.3342046281326622,0.465845331377263,0.5619251600157884,0.6102272280701471,0.6086856774640267,0.5784761909200126,0.5260126496403816,0.4389745967888861,0.31421874654746695,0.19893594540026002,0.1445798574697519,0.15473006930710717,0.2094471446799644,0.2907919063485801,0.3742528405687185,0.4450896588147204,0.4939105795429934,0.5119734190187762,0.48591579837801446,0.3902414865653041,0.18734532901196196,-0.10660365300735818,-0.340266935916834,-0.4609053537608912,-0.5123589401843601,-0.5181425534883906,-0.5026622113255902,-0.4980853567061899,-0.5296718168077001,-0.5758317262198465,-0.5964979536536757,-0.5757614121894408,-0.5335472473102778,-0.47245024775905076,-0.3882501213828575,-0.29950634249795405,-0.2221285062464132,-0.15750221762127392,-0.10848885350929426,-0.08247811601117486,-0.08664904129853582,-0.11907675907358081,-0.17281558703657598,-0.22320455054321237,-0.25797663496552065,-0.27219064147826727,-0.26905295290846937,-0.2482984769979821,-0.21290781212989054,-0.16123096338723716,-0.08716112477647042,0.0010449985271522996,0.08899862403451098,0.15636072495929637,0.1904712710443337,0.18896301828918302,0.1446105190674308,0.053360631633214306,-0.05905293978879314,-0.1425104618334057,-0.17058251325115234,-0.13185508065169282,-0.015173621858427343,0.15966519354378958,0.3243000995158912,0.4295382126323665,0.4765263303196738,0.4825019477248313,0.45718374586470667,0.4096310141702519,0.33384961866853485,0.2041631227379088,-0.01785822543918143,-0.2850355194418641,-0.47162366658585625,-0.5374296100590196,-0.4940111317658171,-0.3580903908416394,-0.1711168414611278,0.0056678475883800055,0.12616056415106938,0.1830737352521903,0.2066629923786819,0.21905823302691774,0.2235670146882443,0.195076240033107,0.10996436962676955,-0.04390271262592255,-0.22721596552055254,-0.3705486286491558,-0.44564783672162095,-0.4593076112554524,-0.414691708675887,-0.30723313272074565,-0.1609980353404522,-0.04291111140866007,0.006797871053943531,0.04119196100553654,0.15160858910382025,0.33255583175592657,0.46481750962190244,0.5398744138103497,0.5829899221790757,0.6044279543394582,0.6085575760897354,0.5995356530705896,0.5879303029245521,0.5889936809853232,0.5981540000865193,0.5623829560917553,0.2550546556776862,-0.28180834421224954,-0.48737161777360405,-0.5585906591584474,-0.593237956252355,-0.6126297205981402,-0.6199781755384522,-0.6005842320343509,-0.5211227149166153,-0.32965727721025856,-0.027248942196963905,0.2533987951457731,0.4258598805286108,0.49005000154663664,0.4422236175280029,0.3088228410605291,0.1640126378846552,0.06660773464879777,0.021341185571542295,0.010604856155400105,0.007870065686629811,-0.013265901342849775,-0.0845892549608386,-0.20476487397921445,-0.3202187376931962,-0.3929309895955756,-0.41876915648110435,-0.4095726969877509,-0.3701448552349011,-0.29531974228120633,-0.15537973568023644,0.09863280057041635,0.43780633080987613,0.7296723709216043,0.8703991237267067,0.9064319655565011,0.8993181631516682,0.8629841971599326,0.8102723325519554,0.7668442027358443,0.74398685641651,0.7168084004742045,0.681275587653149,0.6484103788826773,0.6181783844955443,0.5766865537592947,0.4690622596048598,0.11423123131233823,-0.3745837292215551,-0.5798305148114259,-0.6577758528452932,-0.6898300959439035,-0.6783829572284072,-0.586666521504437,-0.38566825674958866,-0.14788888129334235,0.009677311165949188,0.05802631597933041,0.01878526953680173,-0.08455547606893288,-0.21211163058380297,-0.3161219912407026,-0.36038701356206904,-0.3467222004697829,-0.2886459393599535,-0.21160878112420137,-0.12957698300706524,-0.04749146134330238,0.0201133665754809,0.07096997961541036,0.10253531322231468,0.10212119537042681,0.06317932274201517,-0.003502052497327507,-0.06492234831015598,-0.0649744616281402,-0.0001952148575772678,0.08689093072852223,0.1509709244510137,0.15802092739258944,0.05630020910198644,-0.1736457057375329,-0.38317384035953095,-0.4970301580660066,-0.5450526778758769,-0.541214062321314,-0.49560323911776843,-0.4162858415015875,-0.29397756882212045,-0.12502139985569516,0.04666525331729598,0.19069008588866806,0.2904291853638961,0.3316083671417209,0.31843820184510035,0.2833976141987925,0.2518139233184711,0.24170206007618436,0.250680511799259,0.27676099560653633,0.30268191387555105,0.32135973490885233,0.35522885058062653,0.4339417547494936,0.547035913985659,0.6507866438438598,0.7013048181633817,0.6874225256605275,0.5915888003923682,0.35820895869456554,0.0019342074246869567,-0.3052729300503235,-0.44890221124284585,-0.4626505846247996,-0.4169292706600712,-0.33883180891500875,-0.22988104022532177,-0.08466465448974415,0.10443141265847972,0.3032631373127591,0.43084565404641045,0.5020658710866617,0.5552730665899119,0.6079777950062968,0.6547190622940963,0.6833868356802323,0.6849418078175259,0.6596272283532353,0.5965588168536169,0.47750716413280564,0.3113826077184349,0.13187618536750176,-0.02490131966459613,-0.13980899932818855,-0.20279802409117567,-0.2145482019597769,-0.1860597552430821,-0.1503702503178571,-0.14495039359625106,-0.17964833464630095,-0.24202733645563781,-0.32990233234482585,-0.4380709979359018,-0.553117056576744,-0.6581120615526697,-0.7347626724997722,-0.7786272750918135,-0.7923232353494303,-0.7693712045525821,-0.7209745667544825,-0.6698633790290011,-0.6265025663412129,-0.5743070136751255,-0.5124133996887038,-0.474125730171434,-0.48329463949647494,-0.5414447047367542,-0.613996898835909,-0.6486394501883331,-0.6434892311281674,-0.6148242147538495,-0.5650985212594563,-0.48973497429778257,-0.39641770462989173,-0.2934459642528208,-0.17579019236794213,-0.03559315414584366,0.08948863072114424,0.17060533599654465,0.21426848181005556,0.2291573124971379,0.23775873825464344,0.26199116715994847,0.32737737980918585,0.46271026815671346,0.6256368265200324,0.7232418157927689,0.7676057972261244,0.7943609322873112,0.8083539957434759,0.7776398170025082,0.5896986438046333,0.23581710637469136,-0.03228072240246625,-0.171284614377044,-0.23408132756755634,-0.2526965452943597,-0.2287991269852267,-0.16243860764462328,-0.09116220809063619,-0.025907908804472326,0.08191695237122032,0.24387078294182352,0.4121911999716384,0.5543723081207267,0.6504978870278484,0.6816940310124315,0.6812239717045863,0.6871734828930016,0.6980808537612363,0.6935444509632088,0.6791387346158594,0.6731478675515055,0.6742126029882382,0.6620384621124514,0.6194366640633572,0.532727850583729,0.3814167193284842,0.1046728103287984,-0.2686635540106153,-0.5183128692090613,-0.6148364091552405,-0.6182606373123386,-0.5491459853559368,-0.4204859601452405,-0.2656993928147795,-0.10707553802630929,0.042303682097020866,0.17188997338148437,0.27148598180991196,0.331089209021525,0.3494111735707042,0.31539762053609655,0.19078039495376314,-0.03952080282280215,-0.2591415889065074,-0.38169483266318105,-0.39411692350601407,-0.10975585800461926,0.13612622772656843,0.20183931521105802,0.1959388766718767,0.14846420665965807,0.0665423992824094,-0.05578611022757329,-0.23149509231081655,-0.4379004816690796,-0.5693899213985678,-0.5726355096849596,-0.5262040765250695,-0.47497931192972226,-0.4320391239904851,-0.40824390663706006,-0.4238775140627448,-0.4761988491236255,-0.4711632376997726,-0.380181097150833,-0.30015188322064906,-0.21491761542852464,-0.0921705091396345,0.06924527306219058,0.2261090471450171,0.3472495177384551,0.4077310029569843,0.37140479550276034,0.19530486167543568,-0.05966375461637153,-0.2380760646075595,-0.31328178140750657,-0.3196096626724486,-0.2700089651716438,-0.1840357470168326,-0.06356440022929086,0.06522755396378155,0.152452433068899,0.19160645128187836,0.21320103426243636,0.26182245485595634,0.36263454339129575,0.4780398347256328,0.5433070954141311,0.5482208763597551,0.5199047627950348,0.46402186459471656,0.3348782614642509,0.1869022672742977,0.07259753488608128,-0.004115952470859504,-0.04762507267314431,-0.06929754895873853,-0.06763686255452116,0.007782871120301033,0.13369879707565357,0.21590130742053948,0.2625549489445121,0.2769901210125744,0.2689496078667293,0.2621465135638267,0.27516981762234427,0.3019940623087782,0.30831913617922635,0.25329057550950757,0.11342707094661955,-0.09435726076469027,-0.2852382438836467,-0.3966716534194665,-0.4206649023761161,-0.35973397724252293,-0.22298546906088038,-0.056184812504558604,0.08143126519643237,0.17079867326699066,0.2042730536887528,0.18155141027731084,0.12315513843679503,0.08110319910497976,0.07800821989490088,0.09433189779832718,0.1144171498811606,0.1243300671175366,0.09197396194983064,-0.02129619037765534,-0.21834815310528893,-0.4213540363193206,-0.4972882080774697,-0.43739490595514213,-0.29391293653672934,-0.13476621565815847,0.003436177983378334,0.10903074518636624,0.17408382000034672,0.22128988943236494,0.31763457893637514,0.4853336129347111,0.5730682660461903,0.5421705760822707,0.4481805389841568,0.31049244003819054,0.13072405747360727,-0.07051733001942605,-0.25520558390731757,-0.3826411604989892,-0.4379998617775921,-0.445622295688636,-0.44658701877143925,-0.46065433473941775,-0.4767757215379874,-0.4825311763842426,-0.46927812407700353,-0.4305580110856091,-0.36792689117633,-0.2959928165107266,-0.23679177424937467,-0.2041395087248304,-0.17960969176936215,-0.1320221767176363,-0.03637692721526789,0.11728872437359245,0.2906020533092312,0.4028128419295754,0.44895762292228053,0.47414475157746205,0.5087555095500861,0.5526869338113859,0.6043196327580678,0.6543685462270143,0.6818992080629228,0.677188895950232,0.6520510872321523,0.6247443647821087,0.608341527262835,0.6066165086183948,0.610602554920247,0.5994523128312248,0.5270032382248371,0.3259621429301928,0.07895715188494744,-0.05081657339326206,-0.05808534468796278,0.031749396163505264,0.17667783059417097,0.2929235063503116,0.3345857605577725,0.2967111434048837,0.1878800195671063,0.0442916890865167,-0.06260505353202173,-0.0889032879108132,-0.04660780023111345,0.020349072137151744,0.07583163589347879,0.10462382472636539,0.10881891775543649,0.09371201455610349,0.076851354625365,0.06332617279425491,0.06355899185355354,0.0997266660413891,0.1991573634685608,0.32996692181891435,0.4061058616922187,0.40759442312004734,0.35029316402821004,0.22727710493079517,0.016390377195209527,-0.30651499156526435,-0.6131576574296388,-0.7477375230500298,-0.768080547201718,-0.7356943051222963,-0.6478180581301308,-0.4915953597772332,-0.2761406933738759,-0.050353304423926465,0.14124868506333776,0.25372730669174187,0.24774854144779404,0.13129006232426235,-0.025986354718137126,-0.14947304606017547,-0.21184266543546082,-0.20454995120841804,-0.10935117140556837,0.07298076094836017,0.2896265959486853,0.4762433667509766,0.6095936113909505,0.690964421161488,0.7249954821452615,0.7000199060380753,0.5740711404495299,0.28664473917115413,-0.04654214441748561,-0.24797998960220302,-0.3174652580891675,-0.30211195853239786,-0.23244756040060263,-0.13413120980683108,-0.05164041462193236,-0.016459344377120155,-0.042109312602013574,-0.10579952587034458,-0.17717130328709677,-0.21322711883729054,-0.17564007208152876,-0.10549871624764304,-0.05278257171592866,-0.011353556577476099,0.04191319932430419,0.11682021374738168,0.19798140863335267,0.2617098020136275,0.26538175830698335,0.1844168657536381,0.05528742634055619,-0.08051474443313021,-0.20936504909094938,-0.3069701555334869,-0.3369526039797183,-0.2880705850651046,-0.189198015919896,-0.09877645642244395,-0.04903997970738723,-0.04174989988626009,-0.06964481845772168,-0.11338272033266537,-0.14474162575553923,-0.1611715963367755,-0.16367565697978928,-0.1615445871045284,-0.17070225754842402,-0.21022849850894845,-0.2845994748031904,-0.37705468793905733,-0.4688133674325594,-0.5497621819769138,-0.6161653920654008,-0.6552755583260362,-0.6527901335605709,-0.5789705206952172,-0.40415238069178794,-0.1973503288234549,-0.07504121310963624,-0.07427350581224268,-0.14568960905597098,-0.1374061749800329,0.029557253679113795,0.25614100579428245,0.4384462251518522,0.5441352448668862,0.5949088180685541,0.6127190472497082,0.6146260153831083,0.6094197152316135,0.5943374354198875,0.5634536659377681,0.5211866423347115,0.47968887535419397,0.43721894988525767,0.38977477477074707,0.3175354288459541,0.20630606456120715,0.039011330234345644,-0.17794775272066585,-0.35452709063638865,-0.43794089505614797,-0.4553731766307811,-0.4332283889470792,-0.375660977184799,-0.2744402307939424,-0.15094086375427687,-0.040661314369178296,0.02977898812855493,0.061258055590928825,0.09187977949462413,0.13353049406479692,0.17420042608714784,0.19422959400560433,0.18572924330737195,0.1599826152317905,0.1362999560893337,0.12840285785171765,0.15679828997287126,0.2951339799216114,0.4470355427385016,0.29002908103679514,0.21206745342924044,0.16587857531605316,0.13080784843538082,0.1037483409372968,0.09175387003221713,0.11369984831971999,0.18923595372197483,0.291231151842648,0.3461579667194605,0.34887347653163864,0.32731344876508944,0.3156112917353259,0.3268012538502432,0.3501570981181981,0.3589138584836101,0.3286075744735353,0.23543876161930669,0.06508158499462788,-0.1490791611097201,-0.3363953587332746,-0.45876557165929865,-0.5260583808610455,-0.5467056447491655,-0.5233729591053741,-0.46723359439380635,-0.4005729896378524,-0.3442585999677051,-0.31426241071611183,-0.3043725951517954,-0.2999864650639888,-0.2977525953384096,-0.2977781945801825,-0.297076089773178,-0.2778192213309244,-0.20892163385244886,-0.06786765792444689,0.15867088057776346,0.42307715275376334,0.6015042973364528,0.657293964860914,0.6610537130364007,0.6365639315802766,0.5396413529988021,0.24810130477553538,-0.16567385910986385,-0.4060648834237191,-0.5016706333381014,-0.5127911932727733,-0.44534489256886245,-0.2672029521619427,0.051589633523411664,0.3332427956304538,0.4051287883492738,0.34363252312959275,0.23322935911994486,0.11628184226326356,0.031920394702094804,0.013541291182089831,0.06323766987357779,0.11612985214028158,0.1183111218612067,0.06838390248428763,-0.02591548170786442,-0.1396763434342091,-0.23716234084021698,-0.2970254232546669,-0.3100254514823301,-0.2676968326846302,-0.16367634178200421,-0.003130925600142388,0.16177439497197948,0.2750131841988014,0.3168649808461423,0.2825840195354685,0.1746567708784907,0.017875169143566155,-0.14970078514472837,-0.302874805830536,-0.43255775022419457,-0.5385454536842759,-0.5844354559702474,-0.45649229851869494,-0.22737140563242988,-0.028943670341041228,0.12533934092985125,0.24443185239886261,0.33617643726994406,0.40739098577097776,0.459942342041701,0.4816596865295847,0.45911850010393207,0.38954318603624527,0.29658420999671853,0.20159353124719434,0.1348751147329317,0.13116479444149223,0.18463086300143342,0.2562587863738759,0.3066451649723521,0.321312037130395,0.3099203020969976,0.2893000361973509,0.26928932937806915,0.263032434808713,0.2775235616455585,0.3166062256361948,0.367403618206867,0.41375135131752394,0.4492691782439791,0.46754405912243296,0.471731181767156,0.4479562312855266,0.3873024482104893,0.29960994642185884,0.23395839194270054,0.24310206137914256,0.3173473870696874,0.3903641898077055,0.4211002279502794,0.34517108485830844,0.016359291902977805,-0.3943412136788952,-0.5685130972149683,-0.644571492742636,-0.6888759381182693,-0.7091560574833606,-0.7007063714050312,-0.6454946456321844,-0.5093460132724378,-0.2375730506195218,0.13281746493693478,0.37543226366680216,0.4359947140439516,0.37553874487652794,0.22252156487809446,-0.013481307906272862,-0.2703730927071526,-0.4399632554689848,-0.5095839372029807,-0.5202243796780468,-0.5242869124254667,-0.5486090771680314,-0.5873092309742017,-0.624649009319517,-0.645495631031378,-0.6386871964677828,-0.6031974888189994,-0.5553921220360462,-0.5202625786551064,-0.5031161509462673,-0.48761181540562276,-0.45227959069297147,-0.37909206596609724,-0.2566925731026512,-0.08907548656840851,0.05114289963950693,0.05948791681080716,-0.0067835199053699665,-0.04262204706542169,-0.00025758378035858556,0.11585057746651274,0.2520930672887345,0.36679458707591583,0.44716954911192425,0.5165543045687917,0.5859723403156613,0.6456193577828703,0.6877127107212357,0.69891851131276,0.6724348592342407,0.5889997303806083,0.43122815814641585,0.21747753846559686,0.05085903417830875,0.005826759723114476,0.05715026433444204,0.13053520685603875,0.17725266182680713,0.1842891791788984,0.16452031141324583,0.1455972384070979,0.13596787426142987,0.12971727101395306,0.10981811399518758,0.07807573463918703,0.04869442852127825,0.04532575278939136,0.06693080522899926,0.0937029629453377,0.10758904293059611,0.11110093558712004,0.1400410899953061,0.21873294633135812,0.32503771907984946,0.42345903944833385,0.48729937007724494,0.5247257253888586,0.5394377112033611,0.5400970483638489,0.5411402889611789,0.5534878620436202,0.5796698256133582,0.6198903255769336,0.6699511752833082,0.7189955930584688,0.7490967323063281,0.7317045142313948,0.5963764695116897,0.35923104553264534,0.15043516297991832,-0.05001841607186939,-0.3191858626201867,-0.5671618890471163,-0.6899136513464632,-0.7289721411155975,-0.7316140805444649,-0.7181837882046348,-0.6938872243343824,-0.6571306022733481,-0.596903649973598,-0.4976753802731004,-0.36239995019399457,-0.24546644702528717,-0.19471998811693403,-0.21199720875146777,-0.2866536779359856,-0.4040359979716277,-0.4942391107983238,-0.4944762913956554,-0.44026019662892263,-0.3617557688012043,-0.29730700488900624,-0.2827654543848564,-0.28513959093881674,-0.21025991799994548,-0.04785549581399124,0.15171262708691272,0.353496420181267,0.5255818890264045,0.6419496465107797,0.7041164907898276,0.7302994176032589,0.7178845299973312,0.6875480785883449,0.666586649090974,0.6485567552054926,0.6037931752666202,0.5077472622888435,0.35250600341282473,0.129839061943606,-0.09350643562681153,-0.2193970194456732,-0.22937008608860954,-0.12277935063569571,0.10001663884687446,0.30424797683549587,0.39307874153507705,0.4066087646431431,0.3749859375778994,0.3029646008148917,0.2029008842731547,0.11380411811770519,0.07126777016139962,0.07933446208101404,0.11958095922214233,0.16412413206344248,0.20045297395531314,0.23136702833629802,0.2717969605227524,0.32111431164566295,0.3526659647432721,0.34189940490166915,0.2881568395067341,0.20362655909367505,0.11037766309887787,0.025617370724444383,-0.062180645856478735,-0.16966590687803457,-0.305391541124767,-0.4415493878995249,-0.5285952677068189,-0.5523640751785488,-0.5392468218708708,-0.5011997660315992,-0.42188119967584614,-0.19475278867328763,0.12984724984721832,0.2778722197483098,0.3302746440550782,0.3386707207633887,0.302761325950613,0.19925423709320353,0.005556003140135414,-0.19887180634420934,-0.29274050336478413,-0.30767066649688535,-0.28482458753990614,-0.2340880317721409,-0.14922616428301397,-0.037692708060785264,0.05681324305665576,0.11722398699808056,0.1508578317042293,0.1654034955156917,0.1682820908888116,0.1654666381040638,0.16887895336429815,0.1702669082498181,0.1504271304272327,0.08675956502365512,0.007364311364215451,-0.041736290349068166,-0.07477456739406305,-0.10746938689163726,-0.14101590877083484,-0.17668540953819614,-0.21726920962063195,-0.2792846285364258,-0.4024544515065727,-0.5546596926291506,-0.35614822720914024,-0.18916341538639747,-0.10276171401915876,-0.042499183966106746,0.012833210885377458,0.06815787494098424,0.1252570874432752,0.1780259584673615,0.2217441178214161,0.24507397469411923,0.23117107118114869,0.19424373568629705,0.16370698043748808,0.15028311673281847,0.13959116172663066,0.11760779949850596,0.072088395289706,0.016821251552192364,-0.014178690077012555,0.0036987316886525324,0.0672305229037732,0.14758151218022908,0.19875586621896968,0.17629404707384996,0.04998246397404898,-0.1144064530143361,-0.22568280945655242,-0.29448338254824097,-0.34098596293064803,-0.36380562685174717,-0.35180440019461245,-0.29690791710767683,-0.18619526175705786,-0.02958801450967954,0.1286813540441411,0.25151543279927097,0.33487040261845374,0.3963227297279687,0.4434104813019438,0.48349034659427315,0.5144103410761248,0.5256377005932726,0.5071558434272042,0.448576960608132,0.3481422095374076,0.22170991012263988,0.10338680522258921,0.02376562068302371,0.004812026201210404,0.03946450769996629,0.07434248381557998,0.06849954505930121,0.03456918705344384,-0.015343373241820264,-0.06794921986020393,-0.11333356787330165,-0.15202039822805224,-0.17423272908540566,-0.14156012088791484,-0.009322021240580118,0.19730742515413074,0.3808941929799302,0.4936933851505716,0.5412842201216637,0.5362254407597438,0.48383669496766235,0.3797406802245999,0.24781844473385825,0.16026851438464132,0.16011769964117112,0.19067861616679294,0.18243787487643748,0.045189069751095726,-0.3122209492079343,-0.5020316160862076,-0.555446777570837,-0.5871006462662742,-0.616298479602358,-0.6434723575926552,-0.6613970753047956,-0.6617995982942304,-0.6363979708206686,-0.5712746863677293,-0.41821943362891817,-0.10536854522102124,0.2687730740430811,0.5076632569377192,0.6305407733940245,0.6944704002439067,0.7210647274283054,0.7184569047269034,0.693963256180263,0.6537531271439653,0.5854563522342066,0.4548367664749451,0.231486929070716,0.013641853107667272,-0.07545695804474956,-0.05780080762496626,-0.009687483181436462,0.0213461723454904,0.025374719506379206,0.009538837953774302,-0.02167014378218303,-0.07799614220621175,-0.18498267684735262,-0.3726036993163767,-0.5792296813086125,-0.7004582143334401,-0.7130171192183165,-0.5699726918404887,-0.2838474599069752,-0.03580157143559666,0.10783490781469382,0.17000613662259761,0.1663547987269222,0.08497525580573917,-0.09284849043643346,-0.2810214917696003,-0.37134490570771717,-0.37457732367468444,-0.3278429777601078,-0.2494359835573687,-0.14437456245161967,-0.03199936863730639,0.03619870504622155,0.06364948177995707,0.08147315186697435,0.10446910861237861,0.13565298425826702,0.1770428584945712,0.21953546586178008,0.24958342242940498,0.25520352331632556,0.21151379960182332,0.11375243931458878,0.021544868541673475,-0.0060628664113335905,0.0654041293045263,0.23764776093528897,0.4468908051648627,0.6155472493416733,0.7092514076921634,0.7157504506198932,0.6327586153472438,0.4695622968792589,0.25017109097413,0.047624413874530515,-0.08892398505768101,-0.18969414064619539,-0.33500744368734603,-0.544629894265263,-0.6920087382505216,-0.7353166554251033,-0.7296234766861499,-0.7086080509666989,-0.6063306540183626,0.3991117469438333,0.519717315234404,0.5293968472618047,0.5323596121457413,0.544009716593859,0.56781869009657,0.6002835874801467,0.6206216165250322,0.595038556767213,0.5131476799594574,0.39259922920120616,0.2530269671690453,0.09787346764463672,-0.07625186674086595,-0.26816168946126845,-0.43549260568127374,-0.5428461373338103,-0.5804754172073617,-0.5456100793870453,-0.4789003960287427,-0.4414350238323321,-0.462675089264467,-0.5169602307126558,-0.5425115952116029,-0.5294895951395476,-0.49596496094599135,-0.4316962664308558,-0.3202840473039537,-0.16503294275920277,-0.01412804094183022,0.09666270678681955,0.15885604967510325,0.19175383445892077,0.2273094395765246,0.2918249845236109,0.3911731217487589,0.48585414757726747,0.4746742230666908,0.29602879310549174,0.039761606115709475,-0.10741451115253106,-0.14171662657732345,-0.14874053864139422,-0.15832535224747696,-0.1780485350947441,-0.21675456515177674,-0.2916010720510822,-0.406605753133421,-0.5212567270633061,-0.5925864185488584,-0.6161160386615206,-0.5958083697680646,-0.5319599819989669,-0.4083989009345883,-0.2067288407460173,0.009612485026831683,0.1493755593385444,0.21742346447883532,0.24895916332734883,0.2503742492980861,0.21869936494829792,0.17636219395976846,0.13454511332949023,0.0928203936605725,0.03920098507900809,-0.03838983436227872,-0.16565141281374884,-0.3795183364707036,-0.2242691959683088,-0.05528043560308807,0.037110548251934196,0.10502845257878037,0.16118738885757602,0.20495936678760457,0.22671435714649177,0.20878741234402717,0.14711848072433917,0.08248714587394906,0.05897736543930328,0.064828572711396,0.05966380620145823,0.03178429895193323,-0.010144244077847898,-0.06418151349856227,-0.14411554449571257,-0.26279259171313135,-0.3841185799766131,-0.4543970362054601,-0.4682318022820062,-0.43311122234748906,-0.31387326474159455,-0.05180798570692522,0.2901463206138059,0.4930365476954405,0.5505591269412164,0.5212525313067459,0.41730874134136203,0.2639535735481452,0.14428091265000034,0.10808134927410515,0.13857249525522994,0.18711596127579325,0.23947883505101183,0.2898561141460057,0.3314039082083993,0.3575616951046141,0.3605908211404642,0.3293843728979163,0.25627789527496475,0.15219718638349228,0.0393536391186539,-0.06479077296206912,-0.14007231593668137,-0.1568263018898517,-0.062150672575354005,0.1326346339556233,0.3170928307138735,0.43108737592949836,0.45496812773048534,0.3786066815413181,0.2040893737146663,-0.016484274417936977,-0.1982945332293203,-0.2823733512233429,-0.27389652769375455,-0.24738329556292532,-0.26123399604286024,-0.3118255200133757,-0.38564004225980775,-0.44549464766643027,-0.4770760029766278,-0.4896641952499862,-0.4965264584122686,-0.49219099534394667,-0.46417929783158823,-0.39021375675040654,-0.19980270740409092,0.19460198006854287,0.5972853887308133,0.7759269797424228,0.8426472226205359,0.881513824751012,0.8935598645829986,0.7624398026689242,0.35956138084855394,0.005272338877991625,-0.15185948867716947,-0.1688536941478722,-0.07399749893334447,0.10149225327219127,0.32113971127066654,0.5218985414486578,0.647526871849021,0.7013609082301113,0.7099347866789076,0.6672416977487767,0.4295030116736425,-0.1507412697842534,-0.4512736398611212,-0.5789431534734725,-0.6647566556104006,-0.731949747584714,-0.7842507443447367,-0.8213978330146701,-0.8459394143732272,-0.8575920401974929,-0.8538678246219413,-0.8310189059618824,-0.7885580032581527,-0.7345676012303849,-0.6818282252443744,-0.6252995743410867,-0.48160174925571136,-0.30466918070048954,-0.1785516884023501,-0.07739103771018654,0.008907074743481881,0.07264236050398772,0.09249355314110608,0.07828499374372735,0.08223498015974173,0.15049604904134803,0.28147507121216214,0.42379397980830386,0.5334959428553064,0.6002801629760746,0.6345086055982033,0.6486137424376504,0.6452011499511701,0.6068489016083731,0.4557065582842885,0.11356152374638401,-0.18190610558375367,-0.32199196625397164,-0.37079076993861104,-0.35973365984580197,-0.29462013585865976,-0.18792795444144617,-0.16476820977683904,-0.20795515020043273,-0.2188755603028378,-0.14884573496534823,-0.0033549964145513497,0.15262868414283715,0.25577666706563257,0.2906943572043283,0.25868579159629496,0.1353821882795945,-0.11580792408199221,-0.4050837575193762,-0.5404377104451633,-0.5707081043738516,-0.5608151831434623,-0.5254131803781764,-0.4407876757066097,-0.2585344836124752,0.03697097652943797,0.306856575567257,0.43900512176832074,0.440401404784886,0.32588974412322885,0.12077150215691156,-0.0751176323444371,-0.18772883935734383,-0.21421164182075253,-0.14373081557914788,0.08278727212674178,0.45005865848921794,0.6566969329685532,0.6678948277897487,0.6306944357801191,0.6025699386552206,0.6022912184269089,0.6317774417019806,0.6806325455019147,0.7234428377310294,0.7377576327913996,0.6839367139713114,0.5762147927104418,0.5809296508881545,0.7278135005439049,0.8776913144392147,0.9123477558814941,0.870427955848827,0.8161751513178438,0.757489363020077,0.6214748157279022,0.04220138853298553,-0.6326871370408873,-0.7962595113326174,-0.8470164891285754,-0.8686534179760554,-0.8759134450086684,-0.8688733638955045,-0.8403996627241358,-0.7850371368776217,-0.7137406879218843,-0.6547755085558061,-0.6299890858259325,-0.6193808602206545,-0.5904076574628044,-0.5342955825453853,-0.463509078848943,-0.38956698347404295,-0.30442099002985507,-0.18514309233148657,-0.019595668854743543,0.14587062023110317,0.24600354069645933,0.2765120061437038,0.2614812566276376,0.20574448158092892,0.124081064033125,0.07625420212440437,0.1057303887510602,0.19435132620184364,0.2993571484845681,0.373130196023791,0.404539455020803,0.41296261739405193,0.4231885705960248,0.46116993237367176,0.5430018782213636,0.6540104650368969,0.7551839724204754,0.8249154605258807,0.8638543192829853,0.8776121705323557,0.8629108586344247,0.8038925310737606,0.6775722234399832,0.4751822984719096,0.23640411145593113,0.008504948426563774,-0.17934082538818014,-0.2660726758459404,-0.2626103302870684,-0.22138769391935859,-0.16276864270729804,-0.0886303612290072,0.0023895567301370564,0.1162050746595867,0.2947040071982934,0.6292704115763839,0.6135384813639513,0.4283345734262174,0.3287818858943253,0.26530603137511605,0.21127163644679342,0.14840571937119912,0.03788021061624282,-0.15506577257013643,-0.3063314456458083,-0.38181636212001147,-0.43380400679231523,-0.4737398315918737,-0.4937090660070271,-0.4876037299110814,-0.46059333809260217,-0.4289386345013802,-0.39190416144967544,-0.3418934619522287,-0.30813167887944054,-0.30587161662001205,-0.3439719959683209,-0.41881304410139136,-0.4949896366268249,-0.518725421455706,-0.43620891684825874,-0.20123279183351234,0.15806007917613785,0.4411036153252336,0.583898455410479,0.6223458866101486,0.5515690790175958,0.3191831212710379,-0.06399173880867266,-0.4257935056187377,-0.6397927033060717,-0.7049556055535766,-0.6427594158454648,-0.46697809134304574,-0.1946448273321124,0.10603438630959765,0.3325849670896824,0.4627863184811215,0.5309072937960576,0.5600698561687537,0.5607691493051921,0.5317741756805184,0.4728656632323223,0.3740921987846202,0.2361020741134079,0.08220400727176201,-0.07226411030577587,-0.2699716943316826,-0.5215287488407503,-0.739081582555526,-0.8691535634969214,-0.937699466349147,-0.9673277110582473,-0.9569632544170765,-0.9015464856085199,-0.8202007013213448,-0.7319861220526993,-0.6268580415139137,-0.46357423917383855,-0.20180772148599319,0.07466778894143708,0.2286489561159734,0.2667307251434834,0.2508703253395928,0.2568919457772586,0.3283111732088344,0.45006223714187427,0.5675409432464473,0.6367501555683664,0.6530672969753414,0.634433521333645,0.5956008981950309,0.549207670044421,0.48852304619890885,0.3099923801160828,-0.19215098432823316,-0.46183639919919833,-0.5631740051098435,-0.6299800609620507,-0.6785973340201484,-0.7061577987976142,-0.7114694699710055,-0.6975053910128142,-0.6721881565349028,-0.640550672400421,-0.6064257514316925,-0.5649134312589893,-0.4885183110268393,-0.33660700236533725,-0.16354283750867452,-0.048025050353848985,0.028725447379145244,0.07941557115463652,0.10437011614618488,0.12222847341557853,0.19205700699315645,0.3610628929325754,0.6148377915805898,0.8200743074382721,0.8825668617834339,0.8493017642280164,0.7869696902124502,0.7273440483516722,0.6743968295926013,0.6103450593774069,0.4959528613169005,0.31213429522700914,0.0853263256662076,-0.1445441207062331,-0.3414647192071603,-0.4901355540325087,-0.5908706155119765,-0.6446642358046005,-0.6244374148893411,-0.48751234048387404,-0.28745890079919095,-0.08805981879790652,0.10374248955424889,0.28881072223754706,0.444764512966544,0.5555489487861391,0.6227820074133261,0.6503939160019637,0.6353683152490146,0.5529025629728997,0.29584761123350706,-0.33557437242732213,-0.7884612130468492,-0.8967327938730834,-0.9040108326720356,-0.8454762122268168,-0.7425699885165977,-0.6385916180110752,-0.5427550981446938,-0.42494311205542346,-0.24144190950125566,0.0005908574600774915,0.20313450882640058,0.3095531456681822,0.3491421664684394,0.3569700293692599,0.28671746043843266,0.14068884517639194,0.07981209519811931,0.04015154691605841,-0.03445082142317849,-0.18854744743518792,-0.39175347405929767,-0.4953592525371851,-0.5157767205283458,-0.5200828619270226,-0.5192487702223783,-0.4865291235183316,-0.3711257143120904,-0.13709889154344698,0.12465502985601112,0.258149251131953,0.23644223285672802,0.08039565128967538,-0.1386483893646749,-0.3100385941876648,-0.39778652235568274,-0.40513548183519843,-0.33294017205544024,-0.18998214505106636,-0.018134726985672783,0.11777096868793081,0.1908483568894305,0.23551716894232874,0.290381599741201,0.3655077991646171,0.4491339024572518,0.5203202399467242,0.5654115818890719,0.5781313402255669,0.582211834706935,0.6013249565937123,0.6439751822173183,0.7043258585628128,0.7629922186817101,0.7937486452148865,0.7897321712596647,0.7568073455849513,0.6987282386195945,0.6110314423816579,0.48279900910459483,0.32457020863760794,0.19416949366962571,0.14919122716668598,0.1813030394400668,0.20778150434306444,0.15456425210675193,-0.028605754330138223,-0.3195264319531216,-0.5585475847332357,-0.6610021689089869,-0.6890643261625939,-0.692831714666379,-0.6864308546926802,-0.6510919739826909,-0.510956809552457,-0.2173265522335442,0.057185052823643334,0.22533466081550457,0.3276056128683941,0.3996647062890022,0.4482517038223726,0.46888617676754407,0.4492270117569164,0.30126126229969363,-0.18063539954854094,-0.5405627828112104,-0.6269586784324643,-0.6248866786520308,-0.5717597476497857,-0.47288267313142557,-0.3261102423584572,-0.13510950922887052,0.08515381485417807,0.32227085115062004,0.5445823430787498,0.48871755076187007,0.27702539314549757,0.14941795163893107,0.0830994728627253,0.05101984766945131,0.03991432984892573,0.038179710467814064,0.024800999142905036,-0.03529663074190607,-0.1787671078047405,-0.3519104876759233,-0.4310767545318518,-0.392136939330235,-0.22935792246861622,0.07162532265571465,0.3825321106349119,0.551711534911164,0.6318654357071258,0.6770143859822754,0.6928473635072222,0.6344066610928962,0.4600789709397477,0.18620641384765937,-0.12839442696887934,-0.39810487938300576,-0.5518207774276878,-0.6081603559843263,-0.6080527001096364,-0.5793831469212264,-0.5404147562010848,-0.5109227295478442,-0.48560242574532797,-0.446103784978665,-0.3667960196784359,-0.2206767719156276,-0.035564884966453214,0.1308279536901809,0.24845195675790183,0.32496955384615356,0.37560410726928356,0.40876176750587717,0.42052741641300573,0.39776654286314944,0.3363399400090651,0.2500905596726698,0.13545687546765164,-0.0049043498666104255,-0.13428855599292575,-0.1965055337799078,-0.14730865764473527,0.027487059631904506,0.24794364014226802,0.397371484035097,0.45186970778705715,0.415754489199931,0.31442018373645336,0.2126821141568925,0.17608112665790615,0.19505970863259478,0.2176691874628844,0.19797753545456606,0.09306684590296481,-0.1696149555838675,-0.533090495051436,-0.7228757202044113,-0.7614689937119232,-0.7404658277020695,-0.674355982322767,-0.5631306969745791,-0.4388486833539048,-0.3438458993531004,-0.2724317255497891,-0.17224003963055196,0.0032145571618929516,0.22966556406507385,0.40716043793809154,0.47537515211468717,0.42836065927095063,0.2734276989755571,0.08547484087567746,-0.04657458665640721,-0.12505811791226917,-0.16768189979151207,-0.18332877065936598,-0.18790584161482624,-0.17663678090942658,-0.14317629248330924,-0.08765553453324243,-0.01073730931724945,0.09090763488361105,0.22513795861734004,0.37019495416384324,0.4989770967689495,0.6139444522578233,0.7305877095878475,0.8438248716767316,0.9292122538267582,0.9760666339473346,0.9849647937855319,0.958659139164779,0.8894469857276628,0.7500286472959208,0.4944869114623916,0.09969215592903376,-0.2902085036503523,-0.5169396933025495,-0.6138790233799747,-0.671014909081434,-0.7541729867301682,-0.8120846065158748,-0.7638732129250448,-0.7450207573134268,-0.7803294019787134,-0.828808214578551,-0.8665494719316689,-0.885978610332857,-0.8823596508974578,-0.8465473842919105,-0.7699845751910261,-0.6588191389221988,-0.531812752051426,-0.41696058566340927,-0.3247319559925638,-0.237754321599679,-0.1296028579094002,-0.0002078817042309908,0.129495847540112,0.23188393807092234,0.29297620093098287,0.30252467740947553,0.25822872548775844,0.16658643652289204,0.036928153645390656,-0.07999316809344909,-0.13381457942131464,-0.1288098531569766,-0.08175612555159519,-0.01666103632003405,0.061706275429875945,0.1600925544397378,0.26854673437974913,0.3613448105167755,0.4244952524272491,0.4618249477399497,0.47667668345860464,0.46955030449667806,0.43756201260473454,0.3782040900045427,0.29713642932265544,0.22688669876060008,0.19319153136834435,0.1920735135563546,0.21610950841621834,0.24599253923798425,0.27727278415650153,0.30145588525897093,0.3119535069193067,0.3228619573347653,0.3490346993022148,0.38972971966675296,0.4331050896886066,0.4664734146354665,0.4961958477257833,0.5446956727292255,0.6281287879283377,0.714712971679531,0.7083425401415175,0.6028443337380011
0.24007006280231127,0.19865899697135236,0.08103309969181838,-0.07300059868959716,-0.22304324959362443,-0.3439057617773634,-0.4293376023908033,-0.4847747381721281,-0.5195030697725861,-0.5338256562589911,-0.528164156044297,-0.5118798263363109,-0.4991958520799639,-0.47211501878925505,-0.38919885310834895,-0.28036920015465006,-0.22056349657838595,-0.2410108346883707,-0.36194775255011596,-0.561691152322654,-0.7266725066955722,-0.8121189983931258,-0.8595830503897568,-0.8864888305572601,-0.863603522559453,-0.7727589071764539,-0.6599398869880072,-0.5998014085079811,-0.5921269404566522,-0.5851840583951894,-0.5493609434090031,-0.4974881929819019,-0.4447399505121438,-0.3899113541682692,-0.33753606019721544,-0.2818959141076312,-0.21358145257882422,-0.12880145243014168,-0.043405055554644384,0.02072449555037839,0.088032479512303,0.20898755263286015,0.41465890091114654,0.5883388814305579,0.6338462815151973,0.6364445480684958,0.6447787708974047,0.6639821043677624,0.6863252671135911,0.6876394743078209,0.6564301733672253,0.6150847256701528,0.5938377919426897,0.6000926053770759,0.6103466266848038,0.6015207753190193,0.5808551499120157,0.5594279617385639,0.5444536155989776,0.5315138676709283,0.5014923217508747,0.4354906819541769,0.4056045901947724,0.4095263179769014,0.41545487902722084,0.4225396239146291,0.42527836563952465,0.4183319596645074,0.39815228813501324,0.3576762373363384,0.3077848801475338,0.26101905553288257,0.2288612194813526,0.22344889186997216,0.2456016322272557,0.2896072925591542,0.32103305071207966,0.3315583200848773,0.3212314314671829,0.29181720348601553,0.25010199532044247,0.20498235680001434,0.17113946668817412,0.14929444265290145,0.12734911862022158,0.09407100838734837,0.02506039064886762,-0.07695421140199432,-0.1813660268569789,-0.2745924021468099,-0.3783721503646322,-0.5035289688438284,-0.6454038485889061,-0.7661518521977279,-0.8361086823775885,-0.8677561352717577,-0.8843514006711192,-0.8919040592872992,-0.8926639455319407,-0.8815725335139247,-0.8384586283054686,-0.7864068131503501,-0.7500617625345626,-0.7299681567433743,-0.7238960361063985,-0.7308373670391197,-0.7422536293290914,-0.7312468938800861,-0.680207642979718,-0.609968079993214,-0.5565091506303625,-0.5452597405534115,-0.5544629555099865,-0.5637713996788035,-0.5676855480009344,-0.5670357346246929,-0.5577746417870996,-0.5296609712006539,-0.4634109812232594,-0.3558149352160951,-0.2170782483464645,-0.052477668834247516,0.1310508166487658,0.30618764354053074,0.42715532796215167,0.4567787409414903,0.3930010638072455,0.301168375353735,0.22375619518074127,0.15872590288323277,0.1102607604431721,0.10541624416094582,0.1775127228105956,0.3020898293805002,0.42565456441118377,0.5278119893709281,0.6168828931115815,0.6749165951627986,0.6354559936194714,0.4121355523939243,0.06641262531735663,-0.1147107968461752,-0.07421701398669249,0.0939562442002147,0.39640778557421175,0.6936683384745235,0.8254971964948632,0.8634252894178083,0.8587537722723648,0.8477012420516782,0.8376244510434091,0.7222604773913134,0.4848672571356705,0.3065463642022127,0.20920112628281987,0.16298244829191247,0.14988046953398926,0.17441927639419064,0.2765086166278548,0.3368165096770215,0.238390999516546,0.20081137726440984,0.19133187053269593,0.19336497414156958,0.19811567303347147,0.20315844083697795,0.1992183688188699,0.10706887584051578,-0.10889583318699672,-0.2598739080648544,-0.35545081543410006,-0.41351209088615853,-0.43374793121923166,-0.42798120064200423,-0.42489843261194576,-0.43976581892304495,-0.4616759290055224,-0.47902297346189054,-0.4820473375993034,-0.47021606825467394,-0.47028194868432044,-0.5004476074046156,-0.572239697194792,-0.6745168862317148,-0.7563390779398247,-0.7884628302736759,-0.7842876261680649,-0.7398237026986582,-0.6159075022540433,-0.37969753309460785,-0.10818729631487171,0.09254894616598724,0.2014085933815484,0.24891889154650154,0.24931246546738903,0.20660647309198027,0.13241864945188386,0.06221167717720987,0.03479247136638556,0.04535829185689802,0.0779001432907907,0.10820278869862143,0.1094604048004532,0.07540797667060058,0.04861259858740307,0.04945068720873978,0.09438780294251774,0.20499359952316962,0.3854837649516017,0.56643390370029,0.6707653527620844,0.7162862085276059,0.7223988595760664,0.7037511623202992,0.6909404108703336,0.6998139925025834,0.7043920803279262,0.6598741045253084,0.5803180409850776,0.4945566457640038,0.43934807600302134,0.4566904781187067,0.5633307240197071,0.7058648495633223,0.7841713965032853,0.7757241218514749,0.7228039959190273,0.6680088309381809,0.6236745937111655,0.5697650767464384,0.49910906638813574,0.41752306845935827,0.3147145430240857,0.19349069416258718,0.05554870258152795,-0.06758786991564388,-0.1653763171124187,-0.23893395085589852,-0.2810300965073052,-0.29635029182166,-0.29330022942492784,-0.2847721160022124,-0.2867430697060551,-0.31320956384589155,-0.3554242333219844,-0.40640940305986006,-0.4730925538865692,-0.5438886965956912,-0.5988445955809091,-0.6350349333475225,-0.6620357184269994,-0.6667869275856276,-0.6384970814296054,-0.5853046556299388,-0.537710187382197,-0.537587015242219,-0.6175858432135123,-0.7390928438584959,-0.8284149581283153,-0.8539082700336722,-0.8464677250700853,-0.8367877759785766,-0.8324664405945422,-0.8282784927571358,-0.8196330997837141,-0.7988151312797757,-0.7626291507050422,-0.7077710841356527,-0.623222154919207,-0.47956689920924367,-0.26364459979938176,-0.03769765657055546,0.11269665870666791,0.18716130117229904,0.21831436619089428,0.22563206222887908,0.20924533203104423,0.14797589207934142,0.03609831691217223,-0.05943773888058208,-0.08881313919972358,-0.07524016151300003,-0.02144080238074006,0.11556910935715752,0.302019096561868,0.41582977371793767,0.47750308187277407,0.5209091538269561,0.5640295591985383,0.6022529708339162,0.6314038729010785,0.6498977289158987,0.6470843727667202,0.6084947029747072,0.5307217628234403,0.43988518350055233,0.38607361879770963,0.4428357264051646,0.6928031537214662,0.8592752686372239,0.7718578423154872,0.7003491297102934,0.6701674471774566,0.6566044441128133,0.6354360662753199,0.5952269567286945,0.551195596500742,0.5137863396263402,0.3864742043360017,0.10935958500067845,-0.041968757788589196,-0.11306499067873979,-0.14399702449802795,-0.14506290737044242,-0.0983955389233393,0.04121041811212505,0.2529049079136939,0.36541226844970576,0.37292790485557314,0.34176518567454117,0.2784906535505079,0.19050875201586498,0.11464375166122334,0.06069047754740228,-0.0007118076329112158,-0.10676260637260472,-0.24744819484108763,-0.38173212132466505,-0.4985105161687533,-0.5982781631306069,-0.6801113602855121,-0.7403979189493017,-0.7594263494992123,-0.7315768233531332,-0.7049595152764867,-0.7278472344811885,-0.7919823326844815,-0.8315980881421343,-0.7577403279197397,-0.6253703234337923,-0.5273707172178962,-0.47096345787917954,-0.4436397155670872,-0.4514983810737289,-0.5044452046395527,-0.6093692781133954,-0.6569580614131978,-0.4499900713341844,-0.26777159171359616,-0.14639270121307302,-0.03655955410163886,0.04650404650218305,0.08351329599472601,0.052457852585632674,-0.05663057369884618,-0.16310975752601733,-0.19698983966972952,-0.1909640068791401,-0.17550510310236248,-0.16244567000866242,-0.14712678074103022,-0.10749704285913905,-0.021639257016809233,0.09172864463362289,0.21012058609263812,0.3274263315907314,0.43030441504769634,0.5050039138944726,0.5485622144055502,0.5780908093420505,0.6088493324142596,0.6440752752837754,0.6692601643148594,0.6627445130607257,0.6479827840135478,0.6761072153413992,0.7542954224305409,0.8171357112090158,0.8075440319332459,0.7740972333748676,0.7633908730337146,0.7873188692427644,0.8127918143132941,0.7619060187797911,0.5918982995590686,0.4064259905732213,0.2862798954602486,0.23581591666856516,0.2231594424648705,0.21086721613467455,0.17041563661192546,0.09899349138587861,0.03297802670489236,0.011297602371295202,0.02968847698068666,0.049665119360817,0.025638914623274583,-0.06329438240022844,-0.2079257714771002,-0.35860283894107503,-0.43979323919821406,-0.42612872571399185,-0.3379808140354999,-0.2195986927010432,-0.11347180631544658,-0.04858355982386499,-0.04695397661498499,-0.151017877202944,-0.3182080073518097,-0.3813207204271341,-0.386309940166796,-0.38600454367272974,-0.4042467746039916,-0.4538664853279837,-0.534289742618517,-0.6227619392011745,-0.6960094441658857,-0.7444451501097749,-0.7674877703883607,-0.768999086607253,-0.7518411839284181,-0.7219870493592594,-0.7022120173514023,-0.7031647989031607,-0.7072386661701664,-0.6568368835616887,-0.4320465298193208,-0.18850869089971298,-0.10962619786243007,-0.15643938490455664,-0.2796692858011466,-0.41837923263442034,-0.4999250319648156,-0.47865688784240884,-0.33001715918744257,-0.06319336742014552,0.18204313261940416,0.304227693295712,0.3484216133611781,0.35980328189979255,0.34738206598877447,0.3054266418963196,0.22648508669828754,0.14242926132829173,0.08753913552754206,0.07781636086286665,0.11762720469194879,0.2094363713838341,0.32512619145002936,0.40682419831208144,0.44186337513143786,0.4771212660313752,0.5279913940604616,0.5779300277969759,0.6170208002991651,0.6473032707279696,0.6706445431103871,0.6850499451243358,0.71197617808893,0.7793446691661453,0.8609274029521725,0.906675373597558,0.9159392637353423,0.9103164608921831,0.8986524407081083,0.8724469308228121,0.8042019240655273,0.6842495390320018,0.5674708925215308,0.5023291145547957,0.47915074899789484,0.46945805997092527,0.4562415459332519,0.42074815170418617,0.3372109393532617,0.20281916870544123,0.059393714838304405,-0.0791896865241118,-0.21849217812364652,-0.334806121204848,-0.4071334549079571,-0.4427854949851009,-0.4541887440416113,-0.4524531605637602,-0.44314663367563717,-0.43296095199056506,-0.4376237831781677,-0.4643471146370394,-0.5106172543443648,-0.5611788495318606,-0.5986784767697942,-0.6190042159494615,-0.6255697776469924,-0.6274592045832782,-0.6386726583504749,-0.6688895898260895,-0.7135650902957934,-0.7543006306093462,-0.7794774408284603,-0.7839072464698715,-0.7564060968258756,-0.6682269311387534,-0.5168198488657059,-0.34543886548575076,-0.19681820991438195,-0.08252521204984513,-0.002743799688522482,0.061070487336340816,0.13182628281198708,0.22590196892149497,0.33954754184373337,0.4405856711819075,0.5083102959830634,0.5448206818765504,0.5645160734491763,0.572182934396481,0.569448682057879,0.5559639872109728,0.5178078776075139,0.42565595348950513,0.29641426361092943,0.22015753335162488,0.21677617701631258,0.24359205428240108,0.2771510546917687,0.30077826856772233,0.31867752385778747,0.31254802497823475,0.26910356886985526,0.19519590224622363,0.10056986886400357,-0.0025519700371249765,-0.11926850316393232,-0.23040746870943316,-0.2646250761697419,-0.23178065411731716,-0.20268729728542426,-0.16446990958751226,-0.08951155009676579,-0.037094499361780824,0.010657538549691247,0.08049567350995367,0.20716802417125352,0.4427585358975147,0.7615222545046355,0.8717972882987807,0.7685202181341555,0.6648024279255079,0.6006131738465269,0.5635207006797819,0.5370492572608685,0.4764637223301293,0.3337790449997614,0.14108934062758574,-0.009528805885688748,-0.08934541040945516,-0.11449872538337708,-0.10020660957827103,-0.05397849418056954,0.014181921299136263,0.07262636628315168,0.08802959694798584,0.05053255949104122,-0.058930007181103666,-0.2820165635337361,-0.49825845819597964,-0.5191643252508144,-0.47236832393886696,-0.41668416234986744,-0.36380477341392614,-0.32192091292699276,-0.2968279260737605,-0.2936056480991198,-0.32950408122867075,-0.43993537469668237,-0.6535914196416973,-0.6160303342421425,-0.39439880989198234,-0.2859695450205182,-0.25186932575608717,-0.2726884392483789,-0.3562534449477383,-0.5267447094024582,-0.7408198601806585,-0.8121293666953961,-0.775363859407986,-0.7201692569150645,-0.6409670452177445,-0.5523806072537434,-0.471201199650589,-0.3679405590792049,-0.23605143631631148,-0.1005044350368993,0.02865756616682978,0.15286348366580277,0.26160940753894196,0.34352899748247856,0.3902630594691325,0.4170659144511234,0.4454842408092754,0.49284127882202017,0.5465040832772294,0.5861904987720308,0.6090694867078946,0.6302632976166035,0.6571311725251741,0.6931007427843245,0.7335872748162368,0.771606231402837,0.7952685864924225,0.7992896267949974,0.7957462612742427,0.7965771920735406,0.8076565382404047,0.823404724504776,0.8258962088431285,0.7901600738392183,0.7072658562160665,0.6161068035618292,0.5900391324918112,0.6493629623274046,0.7332409510408833,0.7820491723630147,0.7941493509696305,0.7827506890002042,0.7508888702920583,0.6920605509069109,0.6069928540395205,0.510408104997078,0.4016895446023407,0.291893127540224,0.19830846788302833,0.11857425264085937,0.048411351385250614,-0.0043530528912956125,-0.014766658481948964,0.032707753851902235,0.11080265495814286,0.18736907817836213,0.2587064713494162,0.3181246552246611,0.3578830951009427,0.37147084598654845,0.3550954176733244,0.2921595950611256,0.14553853266363134,-0.12700607233789796,-0.43115496120612784,-0.5933238675465786,-0.6372288063204072,-0.6303553301184956,-0.6051119002667031,-0.5826235629656303,-0.5773865101933946,-0.5901341975189964,-0.6148910097164652,-0.6467567641800566,-0.6820366711220831,-0.7318083245434588,-0.7848631186652881,-0.7994295512430025,-0.7837239006373452,-0.7821948620349313,-0.7913111725194699,-0.790049780687196,-0.7737836357476624,-0.751664705169119,-0.7160718668091445,-0.6666226693571523,-0.6271380258714848,-0.6119616930588118,-0.6093438423971482,-0.598002320607532,-0.5728826322562869,-0.5325825836505076,-0.4951998342757797,-0.47984173331500407,-0.4851798619263705,-0.4876498005691391,-0.43887231460727644,-0.286010078999918,-0.10106915710083281,0.050998607628237776,0.17863889052525345,0.26791176347872325,0.32792555491753256,0.40178397959071516,0.49323714886638415,0.57395209959507,0.626644493364688,0.6547105213013737,0.6704884515593178,0.6761993229243624,0.6746819613622039,0.6719613424871949,0.6696578110675653,0.6678756464500558,0.6728510600118587,0.6922428700021742,0.7278245355039086,0.7735518385412606,0.801704309556791,0.7936443374773028,0.7681927672856629,0.7559515492745614,0.7648372359292726,0.7862228146083455,0.7847512809464808,0.725469943891707,0.6360793519291115,0.5542645883301248,0.4909491727997471,0.4310881331778758,0.35798781705739735,0.2687243375608389,0.1926457059630563,0.14626668417622957,0.12079424977893044,0.10137322247301225,0.0725569302108217,0.013628014370112294,-0.08142735336978438,-0.19918045077599386,-0.3119953542530297,-0.3928757337002283,-0.45158557667420257,-0.5109369369280671,-0.5664222598770405,-0.5785099045094917,-0.5472810559419293,-0.50977558694476,-0.4899658687173729,-0.5014255692921391,-0.5593277827175211,-0.6896632492818674,-0.848823833989955,-0.9029781005493698,-0.8847178650420038,-0.8783669041625952,-0.8875054972275336,-0.8883208050248288,-0.8823664929094135,-0.8795967743362957,-0.8679245197356624,-0.8281800361782082,-0.765506745080643,-0.7054852624950134,-0.673112137934948,-0.6521735823810934,-0.5862635318008441,-0.4434024271719553,-0.2775847883047927,-0.1302724296840333,-0.007119611734822263,0.09074087298168453,0.15226039634788338,0.1837976335471209,0.20710859677117407,0.22685779020981045,0.24523404879145344,0.27026029857689765,0.31165275206705023,0.3754440979140528,0.44446308836550413,0.4918287057118523,0.5080728984263044,0.4980191930374536,0.4854599611858692,0.49900531402561993,0.5402235375163653,0.5938150864781305,0.6389253573616034,0.6674650779300408,0.6862546305449311,0.698993546959506,0.7025293105204959,0.6975061585038311,0.6882673996934905,0.6634389795269613,0.5976015267038934,0.4861168008551457,0.3751129610388506,0.30118127908116077,0.29352893481774966,0.3749889945404064,0.5560920553958539,0.7213923213538175,0.7841904331900902,0.8011592010157822,0.811569998213561,0.8265499221989986,0.8296280048349083,0.7978323516776678,0.7307984962024359,0.6791716927305574,0.6822461442078755,0.7114220400007981,0.7291803628911504,0.7337412324722856,0.7402070350829667,0.7474196355709259,0.727633762917663,0.6484724178539685,0.5422959385783623,0.4375951192806408,0.24278755081812273,0.04316380422453856,-0.10516544328274152,-0.24165329651779374,-0.3873040164013318,-0.5451001796156633,-0.6779847664509003,-0.7401423094422291,-0.7465636011358109,-0.7227448460098984,-0.6813936549182086,-0.6338001021461054,-0.5974708228791271,-0.5935225435557915,-0.6269321077212315,-0.6803979296741755,-0.7211008780258592,-0.7318031216165617,-0.7273572452306377,-0.7190288731307316,-0.7056769454540452,-0.6867944652246679,-0.6630393601436585,-0.6350437901428742,-0.596028314962061,-0.5179571661179371,-0.348826392080772,-0.08941342232128978,0.10623531680164289,0.18619369997817095,0.2240984717235014,0.2614823717212707,0.30035371860271515,0.3328020136783952,0.3437413033175153,0.3462402479398223,0.3505371933053593,0.3735304854165337,0.43453097853176764,0.528519553800507,0.6174741670733936,0.6817465507940748,0.7291778060372458,0.7681538721883853,0.8044722804446391,0.8306808611193294,0.8332720179066332,0.8177270786613937,0.800731478967878,0.787427162456222,0.7662113485880221,0.7384714073354124,0.7131952359206001,0.692958190035503,0.6726934987869132,0.6331934083732239,0.555290207475903,0.4547545353268493,0.3539791940943505,0.2793899822168591,0.24304616675400886,0.22247761141389388,0.19941611561908182,0.1911700870813304,0.19007976564329307,0.1893761380079444,0.2029712650553229,0.2436761817093632,0.2964055050182842,0.33544664705929544,0.36499213224187615,0.40832015482370754,0.4465185494754912,0.4509977912960531,0.40303271741405194,0.2972793843210637,0.13459759673097035,-0.06868730382145204,-0.27834101589529364,-0.45852501373249377,-0.5766854411740282,-0.6418109053167792,-0.673728483690623,-0.6940570631861231,-0.7128846049747134,-0.7403730698807457,-0.7658665560363661,-0.7721953513496903,-0.7579332449304763,-0.7402423967104018,-0.7328346838923006,-0.7409113980629456,-0.7729419217543535,-0.8208281408515616,-0.8232590599491605,-0.7504314926791633,-0.6698955838273125,-0.6174394808434531,-0.5662021838575032,-0.48561645122464825,-0.3896886028265404,-0.31006268822619226,-0.25478000523149047,-0.21720831283609818,-0.19173409390708648,-0.18287466246963535,-0.1340806423873387,0.0373116872829354,0.054470258827492325,0.06028457289346389,0.06597810656522757,0.06946354436725641,0.0707718632006273,0.07114623870027789,0.07333767542657316,0.08780544891481971,0.13272115229707748,0.21257224100721445,0.29260147580814583,0.3632374012612584,0.410806481001127,0.43315511337713763,0.4434157591455755,0.4559237295653389,0.47227119036717397,0.49780562692291075,0.5417517110346646,0.6030513532778891,0.6762633433606615,0.7475060782826958,0.8041594370025464,0.8369592422592547,0.8507922125413011,0.8552952012943718,0.8590411004723808,0.8636673157520589,0.8638341009534701,0.8569057347788057,0.8419523531100361,0.8153983033364484,0.7655142915129942,0.6936340172725782,0.6210321371150577,0.5707138188084492,0.5309249789925287,0.46236522168065913,0.3056068302972826,0.007769414160020919,-0.29697854874449925,-0.46098024964944584,-0.5104324075693761,-0.5021187906580691,-0.4621832889195422,-0.407087615558419,-0.35267726194298443,-0.32534658071702877,-0.3363816474200123,-0.3807213605954237,-0.4284777646534864,-0.45495733253513254,-0.4622990078805338,-0.46822236503064735,-0.4865557412208332,-0.5080234299093288,-0.5121905839534031,-0.46447919454634706,-0.34908399007966023,-0.23009392305373588,-0.16148403254871277,-0.15028669495215036,-0.16088367926814492,-0.15317577417775396,-0.11016288819096193,-0.053644767749988935,-0.01919136466550583,-0.05664284506732999,-0.19436775162505252,-0.2972660156321422,-0.3204119290101771,-0.32721934530033736,-0.33508161122624436,-0.3515214398215953,-0.3914938078554954,-0.3315770916319216,-0.19120305690013323,-0.09962913767225427,-0.045853422863356114,-0.016329743778986185,-0.014612525642443915,-0.06638121762734361,-0.12650228141233458,-0.16238395199567676,-0.16744574595560172,-0.13434978073204518,-0.06764316403086414,0.02352689653314006,0.13048660792439593,0.25793926462772077,0.38771694844014637,0.49220701620071905,0.5530591529775544,0.5853575309811789,0.601213642132482,0.5886539118959037,0.5189494749292396,0.41186987394701985,0.34148490847830504,0.348727496889515,0.41961985446228506,0.5091804131381056,0.5796557309276773,0.6179319668357319,0.6366442627986655,0.6453115376875979,0.6567980676791814,0.6778093510723456,0.6960882239204809,0.7055160762602823,0.711685386423565,0.7182940637339135,0.7060386837889938,0.6537181242725261,0.5454260235479039,0.4207583271125694,0.32393023697297013,0.2515258835829288,0.1956496574087257,0.14908289065050526,0.10054368882563042,0.04474800672890325,-0.0023157218725195776,-0.04499449818447189,-0.10760946844722635,-0.197847924736359,-0.283310978231901,-0.3300965443208808,-0.3492800246264224,-0.3695658364984685,-0.4009689500359364,-0.42824585356130945,-0.44631142997302903,-0.4614660954869356,-0.46497689452362023,-0.45343421692236857,-0.43405021942288574,-0.41702835562587043,-0.4084866314986686,-0.41327848280056073,-0.4305106317596055,-0.45357798246846015,-0.4718269615088094,-0.47213308741587323,-0.4506748405622342,-0.437805771909232,-0.4674478701165236,-0.5447379042370734,-0.636108473579175,-0.7248240985844163,-0.7945644117029292,-0.8217450087054229,-0.7934672124282305,-0.7589285278821563,-0.7547265973869783,-0.7421436813004803,-0.6789940296160494,-0.5363552636045466,-0.3339363013551956,-0.12650425524746764,-0.003019780588481027,0.011953238803449754,-0.027817655998207527,-0.067249299905293,-0.07665547181310298,-0.06209635429409914,-0.027613618010993,0.012714325286981286,0.04165033902142861,0.0435848748124914,0.011690888786130331,-0.025770110546071468,-0.025173856868904665,0.03728201013599608,0.15083539857063516,0.28997441652973605,0.4103835562332531,0.48705151931519086,0.534258938672273,0.5527955875880624,0.5143996459364139,0.41811306076658494,0.3315916500883899,0.30161542521274287,0.348058749014581,0.48652688891538187,0.7125210298714391,0.896995534920753,0.9359171108518657,0.9164159391800524,0.8917933282392692,0.8680413226355825,0.8434460330395988,0.8224547518488988,0.8163995998927775,0.8247055506438806,0.8312915383361472,0.8120690748277106,0.7576898008194158,0.6690155933116845,0.5444413594880464,0.3831489422089009,0.21007781980360635,0.06336808727503945,-0.04791682424846797,-0.15593467073240044,-0.2860946998579045,-0.43854422985197966,-0.5685542972086184,-0.6417543983628526,-0.6778617728839093,-0.7135537331492118,-0.7629095233042527,-0.8183570948571675,-0.8498647026485402,-0.7907670305898954,-0.6131729003708133,-0.39975948164477376,-0.23310353151946947,-0.1362116799855877,-0.1020168963312967,-0.1269842003987524,-0.21708489195394448,-0.38259350599879755,-0.5917744571170584,-0.6920351545488082,-0.6736991404915529,-0.6353057957915649,-0.6144762592545322,-0.6080210233716095,-0.5898566345779136,-0.5387371256610826,-0.4599103087600807,-0.3662157236620306,-0.26650202616836915,-0.15871551695051409,-0.04819743363322788,0.07150251190776111,0.19558724025769783,0.3046701660340471,0.38499305893222013,0.4445796749423047,0.488594990986018,0.510951000307436,0.5114106765494391,0.48784531119149294,0.4469047611671838,0.3984507088922705,0.3611764842189444,0.33812630685145606,0.3159381054467756,0.2919998808366702,0.28282631485378473,0.31166190471652233,0.3717790649830658,0.4543360266114251,0.5455445205357642,0.6254431711517143,0.6903220244857011,0.7386667481145816,0.7728661935631886,0.7941973730233023,0.8090744219716076,0.8238635746335395,0.8451870943293471,0.8755348610583493,0.9026887138932985,0.8839010322780556,0.8167527272333901,0.7473673030611688,0.6926280495523335,0.6474111865547683,0.6143479376193086,0.597650086056669,0.6014438973575821,0.605557438583028,0.34882291054916664,0.02803777602300918,-0.06291226595555244,-0.07143291992201145,-0.05096591564901259,-0.024873639315474823,-0.00892873172801124,-0.01274134519527015,-0.041192386706278866,-0.10224039533621156,-0.19725307385702814,-0.29701276338428034,-0.36145778309202764,-0.3774490849709569,-0.3524336701868098,-0.2983096661840908,-0.2264227265347445,-0.17291159719496674,-0.16692894957560425,-0.22256115549468458,-0.32948395985382345,-0.459221075326315,-0.5710321908440763,-0.6405047069858104,-0.6711999474804586,-0.6860779649766828,-0.6905200663872317,-0.6691572915156003,-0.5892516743087729,-0.4613886076005555,-0.3558928726526992,-0.3062004590709641,-0.3089063754988281,-0.3686513880466935,-0.5055423194262614,-0.7136294933117289,-0.8156072763223106,-0.7179738196391237,-0.649282334566286,-0.6625030480456475,-0.7356539792819461,-0.8278345707205644,-0.8856188926118883,-0.8529873236278217,-0.7354251295686133,-0.5868910744935278,-0.4491919835099994,-0.34019958937217337,-0.24427377954784532,-0.15043041478496327,-0.055692094685429766,0.041399151883304015,0.1332712227036541,0.21456366592767345,0.3042585395386508,0.41630880154046035,0.5082380019554638,0.5445716698210571,0.5458422259020952,0.5370071195722166,0.5237567459076979,0.5017564292027035,0.47096933083355025,0.44339081332442287,0.42738555441997467,0.4296671396806843,0.4507038317916382,0.4879293439529516,0.5322453787903053,0.5309498928718109,0.37673600096815335,0.2256473697556107,0.14116166982990405,0.06344084665540545,-0.06819452510664445,-0.2463704137866141,-0.3604068448425951,-0.3775714932581627,-0.34702190292215496,-0.30612716090199465,-0.2677664411554064,-0.240433445170274,-0.2301278906999684,-0.2415820760181243,-0.2689440992066817,-0.28583941151636466,-0.26019094889663025,-0.17537925745900387,-0.05598272206421848,0.0367704510151118,0.04724500293284911,-0.0227047932515536,-0.12351228250939247,-0.19704754831597748,-0.22506971642197562,-0.202334989130979,-0.13479004959332255,-0.04901480706708608,0.036572001522314414,0.12314803421255349,0.21231141615607535,0.28865142823752715,0.34618173576635847,0.37798989489711254,0.36985590215919184,0.281833718385526,0.07248716101074762,-0.15420817855794083,-0.3265016399623724,-0.49574558008645353,-0.6848667457930405,-0.7464066532714181,-0.5641928679741033,-0.3970430836292279,-0.29837591549333276,-0.22851629673715915,-0.14853036156912364,-0.04101043460260591,0.05003458335864919,0.055795087753831796,-0.04085669609259774,-0.15362168647260918,-0.20602032614077812,-0.22298759030044488,-0.23865442855372257,-0.2587618246521226,-0.2760319458042785,-0.28074057896942833,-0.2581339070759348,-0.20562948692492244,-0.11949772158778084,-0.013770796510295988,0.08563701549743004,0.17071086586432138,0.2285829700202121,0.269880583375825,0.3137277980280913,0.3633462833556515,0.4218971275990172,0.4868523990719234,0.5593188044747163,0.6358252710196172,0.7006384165851666,0.7447713515039734,0.766837173074255,0.7766351878085588,0.7860457241802987,0.7993052809022236,0.8132718614828713,0.8182367652060181,0.8109185039630169,0.8003321486076882,0.794133319383761,0.7908705150317535,0.7940045274693651,0.801979177024276,0.8163701331684524,0.8339533689835714,0.8287092787711334,0.7831833102668939,0.7391803911061164,0.7144249449575031,0.690889984150921,0.650331841010593,0.5848327072001273,0.4979043496644866,0.389949077596356,0.2588784696316212,0.12191479429397639,0.014580679855317105,-0.055134635137376244,-0.10366968277783306,-0.10338006059665233,-0.09083597737599684,-0.09122308519949805,-0.10262955343343436,-0.11972658847395,-0.1442028319390608,-0.19181373045063937,-0.31908894508887276,-0.5264093309862855,-0.32747700789525935,-0.24419295601211258,-0.23231853925054347,-0.25854265293070805,-0.315708105869742,-0.40278613780254635,-0.5148790548756674,-0.6430741069751744,-0.7637258592643966,-0.8266977916606232,-0.8147366104653233,-0.7815680710041697,-0.7613351108533564,-0.7470987592766808,-0.72563345531094,-0.6635568010146177,-0.546453174876866,-0.40610587471716575,-0.2875155179333514,-0.19012694278724937,-0.10756664107576604,-0.06274304696828678,-0.06199706366255189,-0.08836581972522158,-0.11307131241033168,-0.12418549388155062,-0.12423488475879613,-0.12788388388674424,-0.12372452659820266,-0.09563170913313442,-0.05239919211967807,-0.02332731193177311,-0.027634034001031826,-0.028272992795857037,0.006513567197114491,0.06542771286841427,0.1368542412544225,0.2165871932435978,0.293606280242557,0.3432647624424695,0.3372652504527741,0.28388707890403764,0.1878043681779067,0.055913571744270425,-0.04346443606588945,-0.07536393921517318,-0.06182112801809841,-0.013034486372686456,0.08168614025394494,0.2558150414839498,0.4523986922138144,0.5724084845818459,0.63987204339867,0.6979666613706231,0.7542414888638681,0.7860839330421696,0.7873380607276294,0.7707410864030353,0.7432452304506983,0.7156690090802135,0.691346680309404,0.6800204088207406,0.6755036829567975,0.6588322861528437,0.5916283250761278,0.40745898751773146,0.11673131482741293,-0.09309805127280277,-0.16818689251598973,-0.13845787300616466,-0.06090118165237984,0.004746770990999364,0.021398065928997893,-0.02842237833871842,-0.13041452501405823,-0.20643386431805136,-0.25756545431749417,-0.3063064104869034,-0.34061728866028185,-0.3532978802783249,-0.35116514779892344,-0.34726026034333995,-0.36024476368866115,-0.39197422752897054,-0.4138454839935972,-0.40494426213993157,-0.3516689348044618,-0.27204593512377684,-0.1924199238255611,-0.1416699568259155,-0.13333520576085786,-0.17662060269979069,-0.261117664121318,-0.37833132596672,-0.5114770245269893,-0.6407278475744413,-0.7262243472807434,-0.7428594717910877,-0.7187353359402301,-0.6931763665934279,-0.6662668403057942,-0.6176836945357146,-0.525282708470066,-0.39307897963695965,-0.26027014651647407,-0.1545001828787236,-0.07649578868586568,-0.013105095552663103,0.046164451139996,0.09676907037718804,0.1293708052643157,0.1376723996142037,0.14171923785954113,0.1734232039721304,0.2695565215171796,0.4074122822996937,0.5042815914693668,0.5588442926633795,0.6005288558594811,0.6287756267727788,0.6404035115079155,0.6502444910121468,0.6764973053187744,0.7265203972665022,0.790173120906096,0.8430564077365167,0.8636765360800364,0.8611070507064827,0.8650855542550855,0.890211276049792,0.9218334024409827,0.9424194949621391,0.9511047591630847,0.9579824547923471,0.9561799345592831,0.9209059851684476,0.8504205582466138,0.7756315054486932,0.6965300708675427,0.5802321110779528,0.4104386373848058,0.2291480474599294,0.08064662547255855,-0.03380360821904927,-0.1455398372248117,-0.2705946856662443,-0.4028450248821044,-0.5206977762053966,-0.605977231729753,-0.6519654040507574,-0.6645540492570178,-0.6483080591840227,-0.609364911463058,-0.551089876181545,-0.4716673502883459,-0.38576042999061455,-0.32704121758751276,-0.3026922764057887,-0.2959964457336539,-0.2973468473053989,-0.30317939476452754,-0.31601964873722493,-0.35141337348841495,-0.41058537833125186,-0.48654476532953644,-0.5683233291660539,-0.6028144159317707,-0.5236944945079297,-0.4046126287302784,-0.33634242217807114,-0.3401514143152146,-0.43128419005373214,-0.5887954182112378,-0.7165240855329068,-0.7769882401959042,-0.7951660946078006,-0.7840659392292766,-0.7544231008589024,-0.720624601098201,-0.6892491596679595,-0.6567557985290795,-0.6106968781196123,-0.5385483287032576,-0.43875655905677047,-0.3254283402491122,-0.21892270008976714,-0.15324377030219627,-0.13764732410344002,-0.16730161218054182,-0.23425240038900377,-0.31018992801115364,-0.3174867536869184,-0.16271851605952306,0.10346232470826748,0.3735017477443392,0.5816758956708461,0.6904260968360999,0.7174289037459983,0.7081679285360442,0.6839391720844112,0.6501925395250596,0.6070389881475192,0.5718780089681306,0.5564910395867928,0.5450488807271536,0.5232814106354405,0.5322608506781582,0.6115055730261868,0.6984871657211528,0.6733438146753717,0.6259136132494661,0.6056106647062091,0.6005969222239715,0.6042045985788359,0.6105114112831471,0.6185902571536621,0.6285785379737923,0.6385855854061958,0.6501148659585942,0.6580972362846,0.6495347201861846,0.6242309588680398,0.5920753969930613,0.5701791375270342,0.5472555035894152,0.4723954990031735,0.3496258987457983,0.21707760010585817,0.08992115872946745,-0.04408503991753181,-0.17018934909317995,-0.2413834717057384,-0.2584852209224025,-0.2591983540512857,-0.2621499620586507,-0.27415201696337627,-0.29785624333054717,-0.33329322885467444,-0.3717537059271407,-0.39705342993096027,-0.4007229907147787,-0.39470320301632433,-0.41395081433484826,-0.49763470032559665,-0.6606965409463111,-0.7758618366006254,-0.7300864243212969,-0.6509818655724121,-0.606915535558303,-0.5980634806944265,-0.6178573957121815,-0.6623230005786247,-0.7190979940218967,-0.7775306253175278,-0.8079362140070643,-0.7832701646602861,-0.671248124141603,-0.44815940725394876,-0.1761886121371022,0.022502508468712976,0.12463664523126106,0.15760825628548422,0.14722299336986489,0.11110035468855396,0.06896279662480807,0.05796329288129682,0.08484597119802147,0.12246701380514596,0.1451397002524538,0.15640106506517842,0.1679145189030498,0.18315657944529676,0.20168516163037542,0.22267242179290184,0.23950186693032108,0.22211641137871857,0.1416259065484142,0.05389815461417756,0.0422368590861669,0.11135354094167794,0.2091006385833093,0.25703983429767985,0.2674895744282577,0.27238597223425753,0.2881899169372055,0.31527512454541523,0.3521514423735166,0.3969734950202562,0.4512498924113235,0.5121282682689399,0.5627323708136404,0.5683804594347333,0.509538950417629,0.42145974229336725,0.33771765002383847,0.2741573143738891,0.22738484746069496,0.20079936519701258,0.190204889388916,0.1844564529605808,0.1549177207208452,0.05145712784137532,-0.09834229701952266,-0.20396523396584632,-0.24249142823130804,-0.23772654075659172,-0.216264040733822,-0.19615349563724424,-0.19663743567300007,-0.2144329162077647,-0.26617302557280903,-0.3685578815109973,-0.5028578817988839,-0.6042648480417013,-0.644619665893409,-0.6409480021237356,-0.6120509989701863,-0.582122075193903,-0.5582637209852256,-0.5454559014397987,-0.5346244855999449,-0.5336164429643333,-0.549314025445186,-0.5568541735364995,-0.5284803945880031,-0.4939877265911619,-0.4757842882749827,-0.4572369119409426,-0.3993625943215114,-0.30183263340516636,-0.20957989164721572,-0.15769115000723982,-0.1544128798728093,-0.22387745024229683,-0.42977935578804527,-0.7293338083826089,-0.8279488034357659,-0.801772904059089,-0.7533227670374893,-0.6608993571750658,-0.4571354837881078,-0.14412039455678777,0.10435446829595901,0.17975366779405422,0.13377727192968986,0.08086197836258863,0.0733325600112274,0.09029462728964138,0.11902914368191288,0.14440631935791126,0.16835652598461248,0.19272045799488438,0.21274946316841356,0.23677320132107516,0.28694597802060934,0.36928549243906533,0.4650597550029935,0.5537514945109528,0.636387536584774,0.7101075017937653,0.7652157262346247,0.7927746728056715,0.8031794224651394,0.8288300221636059,0.8744857081126554,0.9168293693180584,0.9215055933626487,0.8826738998637118,0.8238192362138955,0.7728038017641615,0.7398518056291834,0.7197439728124205,0.7090778815187995,0.7149625156334024,0.7373501833818742,0.768074688294242,0.7669152758345797,0.6921870276873267,0.593089330257623,0.5168957619629901,0.44390960131549084,0.3332479894742887,0.1436832058847254,-0.09835778754606614,-0.27856591447632306,-0.3727204220166914,-0.4217888347071012,-0.44541105198030817,-0.4541871776349526,-0.4538337528979831,-0.45622361816126994,-0.46678446820110353,-0.48100678979885797,-0.4958955282532784,-0.5090378521490247,-0.5272630411060115,-0.5694859462328233,-0.6320547066014827,-0.6999183327590975,-0.7562951648366716,-0.792662922313654,-0.8123895156921163,-0.8225117523941723,-0.8233972332256835,-0.8130039632911259,-0.7901636390452963,-0.7645847484945776,-0.7450969040585265,-0.7381607523914999,-0.741753284784592,-0.750257767396337,-0.7571275044272935,-0.7567095649007585,-0.7427323569070146,-0.7115136256578602,-0.6357994122323637,-0.48005231150198374,-0.2823296288514322,-0.11313750516201326,0.019891273830853422,0.14001186625773654,0.24881411953937282,0.32292510618504316,0.34597464707924375,0.332084678578945,0.30145059933843765,0.26699028360845,0.24002537784532274,0.2243950611837444,0.22664096943378934,0.25452165185927955,0.3091300784268977,0.3807340425506897,0.43285684163134347,0.43353803890527337,0.3995423396070878,0.3906988472385215,0.4289788106553378,0.500757930145938,0.5750049492987231,0.6277658082196071,0.6486899516840264,0.6479037550703929,0.6419606887259115,0.6271857727676051,0.5436057675931159,0.37586734869150745,0.24194589519476242,0.17982317405817613,0.16519523981627915,0.18444284705343666,0.23704570891911309,0.35430724486976123,0.6973075681711939,0.5675916555421557,0.25259941407013375,0.15222480428049096,0.11537246971564456,0.10743390045456233,0.1154352024942743,0.13739425705240316,0.17243983882726838,0.21714291100622926,0.2779309626936778,0.36824644538166335,0.40182759153740405,0.2804337493698352,0.15895530309643913,0.0676758908972761,-0.012436550887033037,-0.09169288999775307,-0.16958414980184927,-0.23886353844878033,-0.29722513042080867,-0.3282922885468905,-0.3300821606028216,-0.33739511462414495,-0.37933200730364863,-0.45644070705081735,-0.5515937651595381,-0.6441016972418543,-0.7244489393130144,-0.7854175006999441,-0.8332462116926408,-0.872349641049486,-0.9035399913962693,-0.9210300724678598,-0.9251379026766394,-0.9218404474031845,-0.916979256711912,-0.9112635404972765,-0.8982103283222366,-0.8630619790775161,-0.7825239823350542,-0.6822498238003027,-0.60024850503261,-0.5185299467713775,-0.39483199375813166,-0.2765597376461252,-0.19709237007783456,-0.12701545862355784,-0.038621148523483535,0.08845710406795546,0.22059555474168138,0.21438352609632508,0.15524781254873635,0.12088289284172962,0.12676680336186405,0.1929804390600081,0.30380344139354065,0.397659579988977,0.43545106364691333,0.4377774703138264,0.43741780540492176,0.4455826470879009,0.45048121155162474,0.433268992331451,0.3861683666347412,0.3239528344521129,0.2892431846405087,0.30757709322697957,0.3560051813182839,0.3831921185997266,0.3948574345552821,0.38964154321753747,0.3486230956123569,0.3004358959849109,0.30753188608933085,0.4070265173820117,0.5293913854500155,0.6235437015111469,0.6916126083648803,0.7480119407182251,0.7936964012054019,0.8277606126655229,0.852187217612858,0.8661344962367429,0.8769329416227049,0.889394249701826,0.891861060593817,0.8664861842730275,0.7850273785998303,0.6197922098965135,0.3515544070401197,0.09886486334042213,-0.03903172774888614,-0.10534408862787188,-0.12334320774690107,-0.09691376859436478,-0.015101002542298953,0.14964417347177428,0.3301486230112664,0.2578173084402194,0.1380368545321768,0.03745973092532258,-0.057594751299584405,-0.1616053150650206,-0.2845005795505255,-0.4094069708054151,-0.47150042524109387,-0.4521035227247706,-0.44343140522520624,-0.48956470557971177,-0.5565813022949312,-0.6067663556280304,-0.6377017984284244,-0.6459098405814735,-0.6087839086651682,-0.55166025896724,-0.5242120158358207,-0.5363985778338907,-0.5705967987997096,-0.5995531839599276,-0.5998395431295102,-0.5958618433114606,-0.6305148351217857,-0.681789237399028,-0.6635389138214138,-0.5368983455062718,-0.362163744161448,-0.22027232596052254,-0.1416528283991719,-0.1327058640333302,-0.17729018266114088,-0.22029004906731126,-0.23253764264175775,-0.18557458809966473,-0.028912169896594026,0.25086278349534474,0.44726709413261867,0.5232065946576919,0.5448519240258539,0.5298507980222291,0.4768827706738188,0.38109428127012596,0.2810203380360912,0.26208086621243526,0.3499163198978067,0.48216599883898953,0.5830987986900592,0.6345124166000801,0.6557441269856964,0.6542802179186348,0.6393210395519391,0.6214619828515716,0.6070054031571193,0.6025626069666443,0.6209589005887395,0.6818023082376413,0.7672870724473858,0.8197567697181295,0.8163721966335166,0.7867717432755119,0.7349001973924028,0.6721959354465709,0.6505741242680564,0.6882349904793388,0.7445440137636417,0.7626232979951989,0.7126147925345636,0.6024072412556939,0.4513164920196104,0.2852177230913481,0.1454773562470206,0.05562771780680348,0.0030469106830850784,-0.02566861615645092,-0.04055845824385624,-0.05539228794026839,-0.0760368730751131,-0.1039240263076847,-0.1393610081583864,-0.17930669478555838,-0.2253441599564232,-0.2773161844563882,-0.32258973979760935,-0.3366019675585512,-0.3187510547902307,-0.2931430759253899,-0.2877142097830234,-0.32303448817692276,-0.4039801646218323,-0.49009598570326995,-0.5452049258537437,-0.5593315934422994,-0.5470186272075613,-0.5372380753955153,-0.5733382653266086,-0.6917634774475752,-0.8753413504371688,-0.8981452023052284,-0.7860212182015682,-0.7098577567613042,-0.6863180312427579,-0.6938199816119274,-0.7074184922905195,-0.6930299928260779,-0.6446757838039903,-0.5762693484774314,-0.504079429324292,-0.43355534272859897,-0.3649276950628862,-0.2894973137913423,-0.20514590525073054,-0.12407342843563042,-0.05657154721985929,-0.017067070826240108,-0.0064007322361704175,-0.016445157954459944,-0.03290275656696982,-0.05464313868680697,-0.06849496512396135,-0.07570740637593222,-0.09218089586437797,-0.14879027961568694,-0.2448563796189792,-0.34110191896336706,-0.4031831848606451,-0.4246762481424996,-0.4101533081891866,-0.3425299878403196,-0.20070469081782477,-0.004305542789345177,0.19853388146815737,0.4030757182793593,0.6369506196509781,0.7300337537400842,0.6047990413312885,0.5214509384003839,0.515758144501621,0.5716480404020461,0.6748778273101999,0.8032327906129663,0.9019794649527373,0.9329515428593594,0.9234738297165848,0.9123458148457552,0.9055744730836357,0.8891809150509985,0.8577129511005314,0.8157679087410464,0.7393650025678665,0.6273071088420412,0.5346617887148898,0.49410222730020126,0.49424637587527176,0.5133679437728818,0.5299871731246507,0.5310602454737983,0.5006640390410017,0.43787730432829286,0.343014887957558,0.21713362062191746,0.07742003217376542,-0.04470561349600079,-0.11327616599250903,-0.11489975612362707,-0.062155253844793056,0.005797775585118607,0.046901124190322926,0.04002695170330012,-0.035561545668533256,-0.1992874926278271,-0.382118346804225,-0.4795294199149325,-0.5091855783772189,-0.5050572253814125,-0.4874420130054776,-0.45181125102161723,-0.3367963540043149,-0.1428078703912012,-0.1414423370265662,-0.2582710146485163,-0.36355909979111917,-0.4114209225298813,-0.4074307909828902,-0.37200155501013143,-0.3080594154413498,-0.20428959644241448,-0.11422510882808135,-0.0796819433755466,-0.08605128443695541,-0.12092625261850733,-0.18929376461726294,-0.2755288250589484,-0.32813794854493444,-0.36524323453762164,-0.42873028056817897,-0.4911419944568151,-0.4358352329835254,-0.3328382094537628,-0.2637561935353283,-0.22202081468185672,-0.19580293097642498,-0.17872833659379905,-0.16735982223808235,-0.16887472524241484,-0.20733939380429858,-0.28841723948020664,-0.38041414161115655,-0.4611672291819571,-0.5174138410907764,-0.5089718216059539,-0.40168417929772576,-0.20051585118550277,0.06243248160410307,0.31627369609318406,0.49893004027058757,0.6073536585477345,0.6777099060458995,0.7291338003787097,0.7683819319057001,0.8041800202645752,0.8303254167165227,0.8440077080093685,0.8538052024717374,0.8661964430489776,0.8719463998588737,0.8703990153300415,0.8729074613771175,0.8611788343496768,0.7361965130732168,0.47837426850394504,0.2625940546523395,0.14664686717939487,0.1143409181893054,0.1446588520023997,0.21852345374736204,0.30529003944852423,0.3558828399952865,0.3099951941888419,0.20382235286422234,0.11552000269615398,0.08886297078675615,0.11428722678979726,0.14844219840089135,0.15163740328803008,0.1198727080909014,0.05768527705102037,-0.03207616938470915,-0.12144546763239093,-0.19278042629973144,-0.2545437988557123,-0.3235272585493295,-0.40599500202139915,-0.4924972564475273,-0.5419440738852962,-0.5411704819555831,-0.5470285766570555,-0.593160135070847,-0.6634803565964453,-0.7134740250133551,-0.7392804410463341,-0.7609831579398888,-0.7806545515239205,-0.7819778836389092,-0.752670640071268,-0.7042635632752571,-0.6736238421179702,-0.6677244585926947,-0.6785624263245189,-0.6882788385201843,-0.6853810157079177,-0.6681590229300259,-0.6509325656156902,-0.6268019416190204,-0.5883409016625977,-0.5337146773882937,-0.4550758575543349,-0.34158595860815205,-0.188218124116443,-0.020997709893887488,0.14001879613577348,0.2833093315447171,0.3980091658560274,0.48480669929594233,0.5550908758481863,0.6121493413837815,0.6638630981263364,0.7046412582446253,0.7383880529501787,0.7713852158365597,0.7931698563591133,0.7987598773444947,0.7928408953935075,0.7852936557016865,0.7792868882281829,0.7803160782236005,0.793261159213266,0.8156593903317175,0.8071900512359803,0.7054209186517513,0.5615318244861696,0.4827109571327054,0.48136769470732454,0.5189962136835344,0.5467004648552558,0.5264854341674435,0.44219224264301094,0.3106043145117708,0.16839971186751662,0.045821995987207084,-0.0387085896179777,-0.08712441687447463,-0.1277052077169651,-0.1636786019331802,-0.19190597467591816,-0.20915569228910763,-0.22458941893796003,-0.24785376826222358,-0.28324194289690313,-0.33492503753391367,-0.3945067188438458,-0.43684038526924024,-0.4672959122512621,-0.5074055290365929,-0.5585157840510039,-0.6066660507316478,-0.6448817050891276,-0.6638420413252651,-0.6631664848735749,-0.6389953583371172,-0.5950484920050545,-0.55705675605878,-0.5404162952847905,-0.5656024840383881,-0.6458195775385489,-0.7481186820258705,-0.8237671339618394,-0.849206231146959,-0.8507347265572647,-0.8558831535001887,-0.8594486102852048,-0.8414137964118433,-0.7899207527914488,-0.7185840840493682,-0.6409976498182347,-0.5578382058437966,-0.47103229588306517,-0.3785821998971345,-0.2813111384824121,-0.18330376832719691,-0.0972743733968214,-0.04712924434913436,-0.016274904744162152,0.0310918693077868,0.1085390238167992,0.20049151592468362,0.2785363691166814,0.33232454542274387,0.3611077459777734,0.3667947925166653,0.37008056465662514,0.40010814543323353,0.463977686556093,0.5493978933633953,0.6334559480370519,0.6821549386379373,0.6490782143168918,0.5580095638359668,0.4758940546544186,0.4311038601900152,0.430076905061076,0.47381808731655006,0.5392200851583411,0.6073126226190746,0.6673441762824622,0.7385285079144531,0.8302961815832334,0.8399629978174326,0.7597625911945156,0.6763007497331837,0.6189667390247314,0.5893086757568317,0.5832797808467465,0.5918249140200446,0.5987846182360905,0.5875135628401743,0.5498994183213011,0.4789179886748609,0.2768641257060877,-0.017120577571488608,-0.08973624275691439,-0.07399965525828045,-0.03664840606385782,0.010875648429961526,0.07259196863267481,0.15765152639792135,0.26149998301460897,0.34441621228128855,0.3441183941885257,0.25394655950781897,0.13655956125556515,0.0008336567007281452,-0.1597433189308141,-0.31669458220239655,-0.4392039372599666,-0.522638192766616,-0.5733733815566281,-0.6012599511395207,-0.6286051504896232,-0.6775045194801117,-0.7532582396831685,-0.8184004399016133,-0.8345839781206343,-0.8161598211898331,-0.7935570795871405,-0.7760396088230119,-0.7621913050810905,-0.752185413743593,-0.7414616017875224,-0.7248201202775955,-0.6627249139420872,-0.5092646780277034,-0.32955324989519524,-0.22820292735550918,-0.22200159624901386,-0.27046843726766523,-0.313512203128467,-0.3075787100674624,-0.2187713972708389,-0.0675491392753115,0.07477467733018786,0.17769446387031354,0.2510871541998466,0.30670266380821115,0.3402744559088056,0.26452235458314205,0.024549794423109225,-0.10284909068566447,-0.12870790885302802,-0.09506880630523283,-0.008738062988045274,0.12705157629764588,0.27879374562329895,0.38688644942789485,0.4349749999410689,0.45284278985477777,0.4713030138001902,0.5008510278310082,0.5357133058438237,0.566765039560262,0.5991197997203457,0.6383708075777738,0.6937076797078358,0.7543131134710593,0.8047362746723417,0.8392536422818047,0.8574315761204692,0.8601075264568151,0.8515066391250188,0.8483977874471829,0.8673716954260949,0.9008178247468275,0.912684200431309,0.8803013063429272,0.833137274533501,0.8031846683968756,0.7917448578237616,0.7721768346486075,0.6757372106774746,0.4357397764816692,0.19798802887068737,0.10020876530894227,0.07206288409278074,0.04483188889421292,-0.002929443117321301,-0.0761601180624341,-0.16601156515387364,-0.2575308319893858,-0.3287889684058698,-0.3809543257196237,-0.41446074408929046,-0.4335879011134747,-0.445690925754305,-0.46238686003633017,-0.4954923144774625,-0.5370266222855995,-0.5738571432658587,-0.5992503004955041,-0.6130812143838401,-0.62249111513606,-0.6272729873598233,-0.6057959322523984,-0.5392987180660662,-0.4446115755381494,-0.3774941675596393,-0.37013560970410403,-0.42874852300675165,-0.553453007563611,-0.6930580261302309,-0.7684513034628851,-0.7666498099283534,-0.7319728839731315,-0.6976670279465176,-0.6723158840022876,-0.6416594504488153,-0.5757113415475341,-0.4137891576442587,-0.10258428559587708,0.18685352832698404,0.3308353307734062,0.3633492236837164,0.33948417595768365,0.28803878592618654,0.22345452499065552,0.1608197538485002,0.11814750053447472,0.11262904041793606,0.1596892284862922,0.25896236367722064,0.37274174016069833,0.4581863812472103,0.5018213448792063,0.5160810123319365,0.5144656953350344,0.5073288856088549,0.5075962788855405,0.5291721009920963,0.5660066847612112,0.5974632914031242,0.603678878385577,0.5805079720625336,0.5266362605863482,0.45095307130699613,0.3741918732976213,0.3126356289845032,0.2677110727704966,0.23888588616673048,0.23082948129172004,0.2516087236130303,0.2946360519295397,0.3541463768157073,0.40738379651143136,0.4198176723492237,0.35750234902391753,0.21146422862652475,0.01736319576058058,-0.15648581288105898,-0.2642080866534104,-0.3238024338014677,-0.3724729524770959,-0.4222259114987399,-0.4663305694476011,-0.5000664312237373,-0.5201196773145758,-0.5097950965871887,-0.46510198637871314,-0.3946036053253578,-0.31793468978343364,-0.2703354224943021,-0.26707198984526614,-0.28504074918537875,-0.29248183629853436,-0.2496590715360988,-0.13461274872799217,-0.01634441538194502,0.04668271128251306,0.05742915090515162,0.023113197081539333,-0.0749387258016712,-0.24939005240991433,-0.4007360434271069,-0.4651611625118346,-0.4890549155851885,-0.49087209662368286,-0.47183704387470893,-0.4281046506766166,-0.36051730079156086,-0.310016018559122,-0.3259426411526974,-0.39723821473631865,-0.4598580276497994,-0.4601968974936523,-0.3841669306545536,-0.24203552226418365,-0.10387080537364259,-0.01395657603974355,0.02540967114363797,0.025696755967866268,-0.0006908029611738256,-0.015611970220853436,0.017045094409809784,0.08909955331968919,0.1621526793636905,0.22316598737635965,0.27428082617886324,0.31961213862323196,0.34923162444324335,0.3281825237719599,0.2705946916526581,0.24185495416571642,0.26542315729837074,0.3222017680356978,0.3874369957827407,0.45079561627513715,0.5141515073489955,0.5748754314925508,0.6226809505158567,0.6531438083507455,0.6733470792452828,0.6924854172111764,0.7122604257397563,0.6989616134160588,0.5892652323917777,0.44388633227158336,0.3962876405406425,0.5065509153313612,0.5687390419772665,0.4145371468325635,0.3264315930769031,0.28267749807919007,0.25902878313203587,0.2509141227676367,0.2580057625500738,0.2793094303562518,0.2944122402037218,0.2708786743407641,0.2198821522146645,0.1757157690018756,0.14999973521124788,0.13415696013345108,0.11016821062194317,0.04608660859022451,-0.1193213569882301,-0.3361476924619034,-0.40376813737181577,-0.38037491167789983,-0.32061796980211515,-0.24512918952492255,-0.17677951569033193,-0.14591494189802817,-0.17526201240481326,-0.28068390126026294,-0.4692422386767054,-0.6841338420239559,-0.7976204697145981,-0.788830128238951,-0.7443741860620336,-0.7018705528249561,-0.6698822094242338,-0.6456671679118299,-0.6345278518330435,-0.6407684180079735,-0.6581275230155388,-0.6753285087973968,-0.6780844727035411,-0.6557999066014719,-0.6007384783248396,-0.5140407739756507,-0.4306179822206331,-0.39458655185931124,-0.42617780355936336,-0.5077406307441966,-0.5329556863896284,-0.4831291931004932,-0.44778334058051844,-0.4391771057511002,-0.44646101404823224,-0.45705793292335234,-0.435335782042738,-0.23774834284128535,0.06022323430366366,0.18669811339001532,0.20210653627732764,0.15553102183781492,0.09208570792348311,0.0490408723053282,0.0457128970883364,0.06327661601252642,0.07756028383616541,0.07861395929241848,0.0488600971989105,-0.0020630295228453365,-0.05149241123962548,-0.0705640073130067,-0.03891877503242597,0.04425657707853025,0.16059683200092412,0.26273906536369823,0.33547344248405464,0.40589026497013625,0.4908924284153222,0.5765246546453177,0.6426928081468896,0.6856597987854981,0.7183454899698196,0.7440592109061964,0.7598341734475914,0.7695580413194082,0.7767624354911082,0.767838350377272,0.7074917309368058,0.5674412518663735,0.43192072026570544,0.39654505226172165,0.4456833291044706,0.5247318046262539,0.6004579182322403,0.6453941461937542,0.6494681595867289,0.6408011717745714,0.6474665548911628,0.610604698635432,0.46167489082884733,0.31093800017340895,0.20005760589532762,0.10942059582234868,0.019525829016147224,-0.06671212286989082,-0.1389514416927169,-0.18750324372361793,-0.21888018164976308,-0.2328790315915768,-0.2383111461467194,-0.2516936391749978,-0.2794849559273467,-0.3130084185389569,-0.3545401918984403,-0.4095931906565787,-0.4786941619944725,-0.5473492332128799,-0.5950908840144306,-0.6096923484575762,-0.5998828473007273,-0.586827722348934,-0.5972101061651571,-0.6371933792647435,-0.6830051834951549,-0.7140534166969507,-0.7411539201880496,-0.7531589610570248,-0.7435754211585713,-0.7074319199613976,-0.6292740749117111,-0.47322523529879595,-0.2567773982966235,-0.07047148482985562,0.04422970045696046,0.10669817600956562,0.14180082716642967,0.15990642701211275,0.16898833751282089,0.18341588313050458,0.2053773786471559,0.20788658024819678,0.16767971929029202,0.13154694015956786,0.14173244184081882,0.1948054057185896,0.27802116504144386,0.3583687185930854,0.4119058996919873,0.44202206949393763,0.4522609213544762,0.4574758561714555,0.477739678032291,0.5271011438944062,0.5901427685625317,0.6483379593768975,0.6894460287116381,0.7131473567803419,0.7247329895287695,0.7316818502833301,0.7356292523524084,0.7388337319178228,0.7491385789057616,0.7774703881628796,0.8206288872626186,0.8296792472646947,0.7792712847369024,0.7291973923969741,0.7048363415359924,0.69680027747129,0.6731695406901151,0.57098701807785,0.36017437020084664,0.1874832865885722,0.1297435620920875,0.1547138131775919,0.2107244903742372,0.25638427994893,0.28458355174748257,0.28614825539385486,0.24071220660815842,0.13140141303997638,-0.022405980360549582,-0.17302922684114624,-0.273254850213413,-0.3081951568397864,-0.29447039880557363,-0.23935698778098105,-0.1470282873691465,-0.03551728082686094,0.04121795796287326,0.051901145929809565,0.016225559450271043,-0.04903681268529398,-0.14086579769084528,-0.2710295479488759,-0.44761036448502745,-0.6309058882266197,-0.7069248712741016,-0.7008766242508346,-0.692713643456225,-0.7010742581761479,-0.7066743352376124,-0.6826003216672886,-0.6383525136368365,-0.6130072590635611,-0.6279499378811456,-0.6828608310423593,-0.7749658271081682,-0.8450830903008496,-0.7830331023309508,-0.658696081733818,-0.5835812070926495,-0.5618196108112538,-0.5691063044018656,-0.5624134355837777,-0.5018466268009484,-0.35091871835618377,-0.11668539552744574,0.084121834367801,0.18407145789266716,0.20579955414025253,0.18779338182347252,0.16734623753821573,0.1659610096396467,0.17776398254101866,0.19231460407565223,0.2036257792726434,0.228171324691548,0.2793255199559048,0.36159190146564646,0.45403644208927046,0.5315199781120525,0.582403650324005,0.6116814338733164,0.6285904255910888,0.6344680884964989,0.6248090581481698,0.591177723482851,0.5272158314737672,0.4331204447119395,0.33051873656319725,0.24817435731829787,0.21222947298847875,0.21691095742799332,0.24562569120771482,0.2298198671566833,0.1261865836942442,-0.015432150220211091,-0.1126354462659018,-0.08280876452162128,0.12993576519239822,0.3963819934248213,0.5681606184565249,0.6096277397146034,0.5964657958203836,0.573463336824188,0.5511591196845667,0.521171426586265,0.4825759825350719,0.454902419716657,0.4580022552605309,0.4795558688520493,0.5035444367016849,0.5217336606825401,0.5280427285499544,0.518195897814513,0.47121633281633396,0.33864645634967083,0.07636739847417635,-0.2051403499418924,-0.38526364361313076,-0.4895145846120777,-0.5618163579616647,-0.6130002936390814,-0.6356921285511647,-0.616194776700183,-0.5796837997034545,-0.561920574905777,-0.5700328295880429,-0.5928656203366608,-0.599992205644072,-0.5641080389429598,-0.4965619377469194,-0.43791109872034284,-0.4120436397791069,-0.41522205617210006,-0.4392947303648012,-0.49716018279324736,-0.6549835142708171,-0.5831119610060944,-0.22878970673874668,-0.12046183828453753,-0.08693454986872796,-0.07480051101674715,-0.06495929020590965,-0.03613243244123549,0.04902737976181463,0.22423952855546386,0.43239630966299814,0.5614918078637426,0.6224334853113136,0.6556240315740418,0.6718995907787078,0.6664574502570347,0.635711350794056,0.5885602478546464,0.5494790003858726,0.5358424240843662,0.5316068167015281,0.49754447519118267,0.44273760264477224,0.3956282666531689,0.3703893917717336,0.36938182525761176,0.38286725942329114,0.38711285532667594,0.36431750715589545,0.3289849405970194,0.31059560247473106,0.32550590561950393,0.3628460026630799,0.40935202959711947,0.4573013005130695,0.49397411616130116,0.5220718850051969,0.5635379594820995,0.6356659202685753,0.7213361936519993,0.7795633354707964,0.7482532229617104,0.6699191198114822,0.6135209353761716,0.6029859380315846,0.6556204769239761,0.6733092680387831,0.47502303228404347,0.24858731947904894,0.12148143230627176,0.07567580401206772,0.07210902223987746,0.08343782210448317,0.08166588382360433,0.07711709959458607,0.09972708321882649,0.13177204142671187,0.14602944352618571,0.11734562603660689,0.04226669326515523,-0.07360414292976583,-0.22751318509805346,-0.39110902466674474,-0.5196219505295031,-0.6004057002576381,-0.6468595834375942,-0.6665619392975385,-0.6762399195931201,-0.691050644062077,-0.7150279140138736,-0.7324748757680164,-0.711897749044913,-0.6225067275527012,-0.48935177522655504,-0.3845290717156733,-0.3518682645854152,-0.3880651850763494,-0.4567286897085864,-0.5160989647968363,-0.5379667026947618,-0.5331989291024507,-0.5291128131048745,-0.5519208550578697,-0.5789344508891097,-0.5261501305254628,-0.4161770900676704,-0.3295876836396122,-0.26384416411688083,-0.21426344611342452,-0.17876512989524557,-0.159452434818135,-0.15396753527545273,-0.15550012813591532,-0.1705601215920273,-0.20762482565187906,-0.248879325137705,-0.26858444067919474,-0.23985624091741156,-0.14405733324389575,0.007175442409354507,0.19297678368411192,0.37533567066388246,0.5248246437865433,0.6240087302726642,0.6751987740190941,0.6969897277226706,0.7036980146310312,0.7044732125295516,0.700383741769391,0.7011432043188868,0.7149594828478643,0.7323647012015758,0.7435499853026248,0.7490402365850569,0.7632527559108289,0.7882210363140051,0.8033554746088237,0.7796568317221704,0.7229791203689904,0.667448083140348,0.633889741785089,0.615539420400224,0.5756423520905448,0.3659610804670445,-0.01036244797113411,-0.19289760732400274,-0.23343311466731545,-0.21650544277811573,-0.1836072912032835,-0.15651283589981901,-0.13788019448570674,-0.11649740317100052,-0.08151747015374945,-0.047618852624001534,-0.03691502342855925,-0.02963035136606247,-0.020468407014687454,-0.035244328143047024,-0.09115648016593385,-0.18323601256595207,-0.26845844112292566,-0.31392221118798536,-0.3316279604671216,-0.3404066305386487,-0.35592577327344804,-0.373987925034813,-0.38693090167654515,-0.3989796405588575,-0.4224058055635402,-0.458057686205341,-0.4937326596991127,-0.5135450344344094,-0.5172451898989433,-0.5046247951391291,-0.48074365326921925,-0.45487769234740566,-0.4487973164405788,-0.4983270009574316,-0.6222530236442608,-0.7256193886987008,-0.751578509265783,-0.7231412235614363,-0.6470254116493198,-0.5299666730116354,-0.42016550491826476,-0.3419010466797843,-0.28322060432716134,-0.2178920717772668,-0.12806410741065957,-0.027865939273496954,0.07085681881980473,0.16408093563985665,0.24145794186303918,0.30551071405933944,0.3776195882135684,0.4471965482391631,0.46497517757466433,0.4272421273707813,0.3514274806012021,0.24289403612016805,0.10731587091947947,-0.04747336955480566,-0.17126655346807568,-0.2275423058266717,-0.21937133395557412,-0.1631605083179056,-0.06607336018988098,0.07241872740320135,0.22694314641036623,0.3568100733056049,0.46232401207505813,0.5588903718626593,0.6572722380797226,0.7462253183086432,0.8066228323538273,0.8286826613248032,0.818716714904234,0.7932080295935244,0.7723103417633153,0.7605975958826171,0.7580051861373754,0.7590305464181024,0.7524523185967228,0.729784846100056,0.691788124163733,0.644256266350431,0.589396932934358,0.5305699922751868,0.46941373249781276,0.3916692486616966,0.2709277164703428,0.12938650520829117,0.024213358693005477,-0.06907210617221816,-0.20003715755221133,-0.33514732132784064,-0.41984061059701805,-0.4713867352202064,-0.5080369117752684,-0.5385809997239195,-0.5689023626982516,-0.6008012607948783,-0.6287217642615842,-0.6275312573879677,-0.558088893140732,-0.43080619243341867,-0.3076826403191992,-0.2273856394163295,-0.20816908996406536,-0.2759643476155039,-0.4137773664387301,-0.5439027107519915,-0.6475079864218687,-0.7271387209092004,-0.7746369589028288,-0.7800299036115571,-0.7525368034309968,-0.714639917723074,-0.6648589528103251,-0.5879445388266312,-0.4896676947699562,-0.39067136088409354,-0.30755690612475445,-0.2514137037245378,-0.23954722862117256,-0.2757317979904697,-0.31233096682804945,-0.3029984416293534,-0.2454321722058724,-0.17233772424264243,-0.12060009044141558,-0.10818694522940416,-0.1419890415842146,-0.17582299127784054,-0.14282836325824408,-0.013256107395351466,0.2219142475152735,0.5349757024397449,0.7212827495257271,0.7479148100383204,0.7277099858518433,0.7094439291749215,0.7054574167826448,0.7221151983821118,0.7509092450083988,0.7800394664334885,0.8046532820008188,0.8225966967726592,0.8313201900085342,0.8392095962028793,0.8492271644416284,0.8544033156902849,0.8476350369284298,0.8285480599519559,0.8040403432684449,0.7807850381623127,0.7651938339848008,0.7462492142246929,0.7051533952480296,0.623540759286102,0.49573836928768084,0.3199012919824969,0.10505281098211772,-0.09746243960676841,-0.24181974410033868,-0.33733506566582966,-0.4047631711373938,-0.42892058217325324,-0.3061021012302421,-0.031929269584098266,0.099415321070383,0.11086546226460263,0.059808092364544284,-0.04519760256565254,-0.22310811063711986,-0.46549966520859964,-0.6318809561787925,-0.6578171645555619,-0.6468196287787654,-0.6489378527052354,-0.6627867577984509,-0.6645993102525162,-0.6445327222624311,-0.6319187891215685,-0.6481853926756996,-0.6766423776767089,-0.6941147603557014,-0.6942722239979486,-0.6821696440262929,-0.6754762197774447,-0.6901785093848951,-0.7292788803639045,-0.7371903855932702,-0.6226563653850902,-0.46885341971151884,-0.3793993832195383,-0.3512849282257552,-0.34818088497088134,-0.3531154347995783,-0.37231591328860364,-0.43183685328637095,-0.5859918435770802,-0.7921263501510861,-0.5277570791014817,-0.31231215029939197,-0.21308900476698456,-0.15870659619920868,-0.12296744005168238,-0.09588889131872046,-0.07109246467989283,-0.03231240743311113,0.04196924280680886,0.14706851753947314,0.2194240024931409,0.22496553551190604,0.19615482695361192,0.1739161295595659,0.1916693694101082,0.26189854601151424,0.37622860743900505,0.5046571589774915,0.598798097503513,0.6473791558153185,0.6715222602748505,0.6841654868392445,0.7024103212526257,0.7387824081976254,0.7624015050849331,0.7175892661645159,0.6463304535410421,0.6042188262499297,0.5944382175601937,0.610629341800736,0.6468715091779895,0.710806244707306,0.8001183414216636,0.881666624679769,0.90913052381986,0.8806555591784226,0.8184173715485635,0.738265865454226,0.6620561438080257,0.6070377168435103,0.5838722503007779,0.5938436157111023,0.6274936408013141,0.6723114057132266,0.707487022975811,0.7055953753645672,0.6677559978490647,0.5993479134651616,0.48782493607621796,0.3145379392105192,0.1350636752868823,-0.002333296212470156,-0.08852743072076534,-0.1463202971569072,-0.18737424762210608,-0.21760299836553268,-0.24063506152384548,-0.2589689293738552,-0.27659507637705777,-0.3006761044383457,-0.34189713580371356,-0.3925412698044254,-0.4366402591837026,-0.4876193739053141,-0.5478781800376702,-0.6111485725061754,-0.6645696331794366,-0.6477527066830279,-0.5119773534496548,-0.3386525372755107,-0.2351491735271076,-0.254744987224583,-0.4917962632964114,-0.8506522216652275,-0.8123020351493028,-0.7053271469286235,-0.6282433303790289,-0.5702993909410075,-0.5247911932346856,-0.49360750371583545,-0.48070875598416024,-0.49119343632589973,-0.5039346406117563,-0.4722598443141027,-0.31985324922293157,-0.09472655678759735,0.04545434540179343,0.08565664070977405,0.06997016920504355,0.021062360898323994,-0.03518604488727593,-0.0805319324156864,-0.10051822954092689,-0.08108881889704239,0.00560044605218419,0.184500290273352,0.3867334758973353,0.5361489006468736,0.6280048842769691,0.6794226718030284,0.7030116731968358,0.710571151749236,0.7136427125270639,0.7132842352255024,0.705687317236984,0.6732694342175347,0.5655679967448948,0.3600631784180594,0.1733475502926126,0.10850070784736947,0.1659700313039558,0.2686375845017155,0.33144055211739576,0.3669055447715411,0.4021414096261251,0.4534394766221645,0.5079158144298148,0.49833306403396593,0.37418511565598295,0.23377253543782772,0.14456740798638718,0.10187660113976475,0.07986229615597332,0.06169672587280637,0.03988745601363193,0.020153508220651473,0.00362727557021731,-0.01379361310569363,-0.03361974897969765,-0.059142276465987416,-0.09461523586411671,-0.13576494492131547,-0.18007847426535167,-0.23579503816311265,-0.31705341264877174,-0.41516355848673653,-0.49149768549145684,-0.545689084869791,-0.5754509519337059,-0.5582797701401572,-0.48455102402933503,-0.40188694277747705,-0.35930959094115084,-0.3840430023341229,-0.47299412940591773,-0.5991401939522869,-0.7168332494862504,-0.7749215396474379,-0.7767518176992164,-0.747502911275459,-0.6913638308847866,-0.5747288903406347,-0.41199310501790815,-0.28398219952285436,-0.20381576861842002,-0.16287801829255402,-0.17091664440747628,-0.028826802643047354,0.014024291660250803,0.024101679117616626,0.035318085245623645,0.04982708431813081,0.07652726322888684,0.12682844812847446,0.20681112881934677,0.29338551316664124,0.353977477477773,0.37453848512548943,0.3558186172951063,0.2903501023320774,0.18157414757379775,0.07032637782992171,0.0032264678184096,0.003570387030817821,0.06906177137641947,0.1676621995073994,0.26074858115651295,0.3281854057229936,0.34734493688886764,0.2951135390362891,0.21869763620858296,0.18844434704695287,0.2231978257628066,0.3207112939636991,0.4650047130635659,0.6092574061588885,0.6952830727072287,0.7139689915113671,0.681161922897729,0.6226564541248926,0.558682201054848,0.49906178153043723,0.4392025461454242,0.3584161524851527,0.19415478999706795,-0.1455699400847471,-0.5990110754353603,-0.8507247160527722,-0.8803359063536712,-0.8382579656162793,-0.7963534051548554,-0.7575601545757141,-0.6994904234052806,-0.5975227777138845,-0.43997085876396413,-0.2577851504274258,-0.10662167950668093,0.013664600297509471,0.14634677472672478,0.3054740720507596,0.4884048711140635,0.6586796219663286,0.7432416905030641,0.7676465450822262,0.7754006317775989,0.7277420255493138,0.5587320282194511,0.34357767409209244,0.17959380218316986,0.06723600607115726,-0.018280328138803252,-0.08932753565629792,-0.15311061651026456,-0.25799094655277377,-0.5016742035988063,-0.3850365364135937,-0.2444077985616692,-0.20049318673869626,-0.19435291286439924,-0.2134135572782416,-0.2562787243497492,-0.3308317998447491,-0.442568579166531,-0.571835401057106,-0.6772567476373921,-0.7185307234784197,-0.6985601221309155,-0.6631868330598679,-0.6262170317171352,-0.5777240629296155,-0.5049695695854817,-0.40450836302852045,-0.28540364685281,-0.16678420664780055,-0.0816090917512902,-0.02459377549554732,0.028259593643805318,0.10350238617578025,0.20435625730931636,0.286105463109317,0.3030637378117746,0.28686627965368755,0.24787619395322213,0.17960670699226686,0.13553157790716525,0.1938956262412803,0.3443889915238326,0.49805399823618024,0.6017174401993775,0.6595672700383491,0.6896445911069267,0.705850452696257,0.7143500264468544,0.7203535717593262,0.7263476151258644,0.7352972525828233,0.7438701046956526,0.7505157297888607,0.7506376109836184,0.7443686467598626,0.7360675177720122,0.7145797396426056,0.6634748111790791,0.6270077052132494,0.6313581905566448,0.6572053256681079,0.6796616930251346,0.6765737897030651,0.5985146919498957,0.4291962592209497,0.21793563491642243,0.09431482042181033,0.08041399503811607,0.12096488303062232,0.15495998354880547,0.14554673623794717,0.1174573918481057,0.09859573044574843,0.08759123792691548,0.07814751841618084,0.06945966162960573,0.06351071116485582,0.05367155137427231,0.043399371969597485,0.03244266974279033,0.03826894918748456,0.05677042772470355,0.07318505578477183,0.0674337825422329,0.004850561229891046,-0.15792865203564607,-0.34696668535045194,-0.43993308390792696,-0.4990596671894745,-0.5753192734864686,-0.6652895210535861,-0.7343131773227867,-0.7422266392428885,-0.6619803863678088,-0.5382753787915945,-0.43711749593892113,-0.40130518361524364,-0.47844971270817654,-0.727160307461529,-0.7733008309251748,-0.6093650900570604,-0.5352428390311714,-0.5128009301472637,-0.5101047561564254,-0.5070900977534105,-0.4887398233398327,-0.4515477236952121,-0.4000310809851326,-0.3426131364655711,-0.2927049508295914,-0.26033792670548733,-0.2481373385449151,-0.250323299834613,-0.22807819586834166,-0.12407711908754991,-0.00695479774094144,0.0629176877511582,0.11752094656707779,0.18217453593672533,0.26486251147170303,0.3631084647077782,0.4564459408702863,0.5156505202626449,0.5429264998362182,0.5491619445873408,0.5429811270635293,0.5350599623109705,0.530655672222583,0.5248260622565106,0.5162717066705999,0.5082314740713553,0.5019254189840026,0.4638108300849347,0.30903190321176127,0.12984386367863252,0.025957752748200544,-0.015624595453040574,-0.001432270028570862,0.0792355389342195,0.16379177217871435,0.14705626370836383,0.10904632999072648,0.11325431844730582,0.17852665006729562,0.2730945901382756,0.3391820364404944,0.35214178087413145,0.3333562929819687,0.3075067478474865,0.279534500797479,0.2084197744155032,0.07695406633590793,-0.024276959360391807,-0.07562913749088727,-0.11360963131639672,-0.15538829383733904,-0.1857818575931817,-0.1658355127808613,-0.0632434572357483,0.03990523520461221,0.0672395081406044,0.027194937038110288,-0.05649020632559794,-0.15508781249390194,-0.23295500171780253,-0.2767897494176306,-0.30126079422144536,-0.31741767801354986,-0.337227913388162,-0.3579438662236325,-0.3700638631763064,-0.39379559670475894,-0.4215088234795687,-0.4341018488165544,-0.41610399524451036,-0.3643963894516307,-0.2871400362836059,-0.21369028909872217,-0.20648143984324147,-0.2853143819524344,-0.33495496616153386,-0.25990579930106505,-0.09720094249483917,0.09431409001105498,0.23821252544073562,0.3059789470500583,0.3164784452752618,0.27330808166609605,0.12726465546618168,-0.2950068597316975,-0.5366981688646006,-0.5092467360792545,-0.46786649424300886,-0.4363310983372235,-0.41185917790351034,-0.3892456105987468,-0.3673093061357275,-0.3394622019023159,-0.3015403004034696,-0.26573844941444086,-0.227203482553833,-0.1674541013079925,-0.0800792306999257,0.019248747713173954,0.12195776119650958,0.21900943956894917,0.31154929427327904,0.39981558702618913,0.4570174100672758,0.4636506340206771,0.4514038914210608,0.47074292686537966,0.5345512685634514,0.6352971843331222,0.7351102764411416,0.7999013347980606,0.8347548726459342,0.8430924171200507,0.8288946521265161,0.8162954318105882,0.8211355799530821,0.8327277047640829,0.8326163305801456,0.8069710518872213,0.7519777648782675,0.6728705007104077,0.582060894440025,0.5016131567390432,0.4394675308492668,0.39336885075569034,0.3620480957854039,0.3501653578770464,0.36325333489898987,0.4039686687309719,0.442811665087634,0.4381244011370712,0.35190734823041336,0.2250392348803987,0.1391738955851266,0.09364370837280586,0.06357714862432454,0.03295800198057254,0.0010954841370650508,-0.026572611145875846,-0.034216205938178854,0.02696111713141987,0.11903429595669326,0.13222015078533306,0.12795969041811556,0.11685824576526226,0.08530672962833132,-0.0008609046828126625,-0.21075012488627762,-0.5401737310088447,-0.7089061087931489,-0.734544084294161,-0.730443799364672,-0.7085462867330967,-0.6588664785176442,-0.5957330148346315,-0.5674371862776866,-0.5966386629433794,-0.6430855658045271,-0.6435210997483956,-0.5985808239549587,-0.5497801595151859,-0.5186005963423516,-0.5100949906572207,-0.510430606883371,-0.4954534735796577,-0.4522961598068368,-0.366700144668492,-0.24817674096764425,-0.1583161533658858,-0.13853876557951172,-0.18727353736965863,-0.3018833163843844,-0.45372074178150856,-0.5380324033406292,-0.4778814840614009,-0.3175418461653264,-0.11077639592486317,0.11472853159361915,0.3475355428168818,0.5581763011618104,0.6884453214394384,0.720281230956044,0.7061554724778173,0.6876688451560437,0.6740250055155917,0.658094369367599,0.635365780092256,0.5999788196045202,0.5473360500178356,0.4611609333248396,0.34022246569845094,0.20126627019204268,0.05951688699859621,-0.05521431454017253,-0.11282026345416996,-0.12351154308779073,-0.11320832123029925,-0.09098122439095728,-0.05567865033838876,-0.018627391878652897,0.011911982623129381,0.0307665997791477,0.04431912565418896,0.061298460191772514,0.07831667179920909,0.0766576769428195,0.060893357584459455,0.043456565016201,0.0387694978133341,0.05907807747410164,0.09901980521067381,0.14144708285324828,0.17213332539083906,0.18368528072073093,0.18748975347046568,0.18879496423422296,0.18824271481107405,0.1736727972589727,0.10710986505856959,-0.14881588572084134,-0.5742283800204224,-0.6406846476932588,-0.6311329628631562,-0.6162358723536584,-0.595119716633768,-0.5714931947021673,-0.5572463423684637,-0.5645293700370874,-0.5930401603993792,-0.6304394630775514,-0.6570010252432481,-0.6535996736088311,-0.5853314793769963,-0.4119532479838517,-0.2279103597734133,-0.12304993448484629,-0.06361073470988853,-0.00790860595449109,0.05542435957955762,0.12751413927433994,0.19968409325094016,0.27157151473778346,0.3289324164002328,0.3392856310007236,0.3060185482981973,0.2588849290196624,0.20750183241607237,0.14597812253706002,0.05216877391787569,-0.0887021964706179,-0.26853510516614243,-0.44447420571001917,-0.5612458544837295,-0.6055650840217159,-0.590731938838426,-0.5385880333435397,-0.44906525180576357,-0.29108543647242735,-0.03361377292007727,0.2460880225212524,0.4411644559396168,0.5623698456430698,0.6452249574813862,0.6932215462652181,0.6964699872715658,0.6703536989302029,0.6391368768366265,0.6194197049139001,0.6187517151349484,0.6406720196407357,0.6630258876027102,0.495326714547892,0.16452144935658072,0.05784698259178421,0.11833064127512359,0.2735906110945589,0.4392151292880696,0.5723953074853648,0.6768410593285253,0.7570155362282545,0.7765445585267785,0.6721600577071334,0.47118404615078324,0.2730814187236531,0.12966709111286184,0.07595988239644638,0.1792568142564415,0.3208539931751634,0.39250466880361623,0.42863395799149046,0.4308759264505879,0.36567856099745344,0.19277477014326985,0.026564690867593166,-0.05734221368263532,-0.09407773384150135,-0.10664024054564639,-0.10312923427573646,-0.09409772094955185,-0.11122343613122272,-0.17991919091590564,-0.2918442590041825,-0.4383401255911857,-0.5791841677067023,-0.656943422158462,-0.6772284554531742,-0.6948319931661886,-0.7367174308507464,-0.805127136871276,-0.8772519086700128,-0.9233811382784373,-0.9340677940339087,-0.9204531429441032,-0.9017987896176959,-0.8904885891121788,-0.8811438979916093,-0.8492372723403092,-0.7714722677751076,-0.6416272516298155,-0.4752913179929773,-0.29550443735735304,-0.1237462097808534,0.01241389482123538,0.10678211842007232,0.170231985131582,0.22317642938764606,0.27856829043570647,0.33250427574533253,0.35886740722452604,0.34441409771373543,0.2857257924007677,0.18889473875852125,0.08539429140085418,0.030552496126832137,0.04780184275881959,0.11604892163960179,0.19854382594508627,0.2555235653718817,0.22067862322563536,0.11538078952038731,0.03553688337426656,0.009658260577490004,0.03159070307869414,0.10262510331894255,0.2554432362861777,0.5122874364488951,0.7424412434282001,0.8139600090972362,0.8157546115595038,0.8087154290517125,0.7902885737991207,0.7569110431664673,0.7224110464155434,0.6961268167801298,0.6334751694524721,0.27784686333389963,-0.15295767921670475,-0.319042378818759,-0.37188524591280175,-0.36907112130167524,-0.31270988878339545,-0.1995597896903456,-0.035904732036188436,0.1591647075518377,0.3813496616049798,0.5899448508501633,0.5098424863962223,0.2843411542515457,0.15171259263067186,0.08253856017272497,0.04652552978073418,0.03418328674291419,0.03594011563278554,0.03616984054422232,0.010067853994913584,-0.06894038732528014,-0.18799188838740827,-0.29695880818608555,-0.3732151388624113,-0.3960205997109223,-0.317997094248647,-0.15130360125612216,-0.02325685406934696,0.01910863481867696,-0.025151937176216527,-0.16094149674269337,-0.36757162414868416,-0.5767800482415492,-0.7091988261105059,-0.729664517859461,-0.6489995695520585,-0.5407734306201486,-0.467318176144472,-0.438887131540978,-0.44274267590582767,-0.4582769626123287,-0.46436817613873566,-0.4454318669015402,-0.38124881389705045,-0.27073273746382154,-0.14320258148202347,-0.055264829112670534,-0.02195967536228978,-0.00595776211077003,0.012564316281977945,0.03935419173934276,0.05346010361195361,0.04027060130714894,0.007227782909536603,-0.040122831327848635,-0.10317642510088909,-0.17376127684215362,-0.22725369198453593,-0.2288718188417942,-0.16089325493912007,-0.02513273636003815,0.15161475559987106,0.30653583435486254,0.4111891612071975,0.4937676673890731,0.5839610232665221,0.6747433329885254,0.7383545256330156,0.7701574210449178,0.7735213752425795,0.7503816736019259,0.7245582959182884,0.6983503674193476,0.6285351402839742,0.42487221482785237,0.22283447438060278,0.15635014309163345,0.1992331703962014,0.3121947693896544,0.4368094963245205,0.5218550465397876,0.5544050738197303,0.5529570737447045,0.5450160260764396,0.5403612068983108,0.5203505754804041,0.4745599591691773,0.42579465468793853,0.4033468355564588,0.41837568829478444,0.4593788682009571,0.4987568291406197,0.5124380739846812,0.4834546949294978,0.37626609402040995,0.12678908399319266,-0.1881250798009818,-0.3978949777569773,-0.5007772997693728,-0.5383919301883912,-0.5417075145754635,-0.5220480460225008,-0.4778102713922613,-0.41535177124981726,-0.3429203595685228,-0.2505964919847714,-0.14154476873423907,-0.058215120799937084,-0.03245922636998229,-0.0685363052443908,-0.16230004708744145,-0.3106224946420655,-0.5091109194458849,-0.7302711643970666,-0.8805894028918432,-0.8420496621166698,-0.683072156744605,-0.5240696269103374,-0.4257697105925506,-0.42474953570930646,-0.487110539357593,-0.4975749930218476,-0.4732371908710852,-0.4429573957651274,-0.4071676012436137,-0.366946863718503,-0.326892925695821,-0.29532265436330823,-0.289030130381595,-0.3181786589650741,-0.38246017586309894,-0.47167882736362027,-0.5529817307590105,-0.6041280897373086,-0.618259987172019,-0.5838390337769642,-0.4938165742934968,-0.36469457747395445,-0.22182963003167525,-0.08374192825884112,0.03941921430849961,0.13916745541404296,0.21737870854705946,0.29801268753674454,0.38447345228994856,0.46663903189441286,0.5378345116417045,0.6001214229638754,0.6537288169677329,0.695860230310275,0.7196538721819794,0.7207126609774459,0.705271852469439,0.6886303280561935,0.6776120145692204,0.6792676795897429,0.6933879855432874,0.715672552769577,0.7486176648653422,0.7987418641878345,0.8492000573970445,0.8727614914741222,0.8591449626384136,0.8155079386352247,0.7565597889559724,0.6841114791055155,0.6031051684650576,0.5270150114334361,0.4773003883627209,0.4629292943057634,0.45326169348875406,0.41268744677551766,0.34523748160752876,0.2711728663487954,0.218019673919569,0.195184569773662,0.19968378301195788,0.18780241094674788,0.1567445497750949
-0.10908082663363111,-0.13961260580187773,-0.1771446989377553,-0.22400486772825542,-0.28711721112909555,-0.3707668021777747,-0.4659296323749018,-0.5397935152259439,-0.5764114962230992,-0.5864525994028993,-0.5844848863326771,-0.5764398512939986,-0.5571554524673343,-0.5033033991579245,-0.38617545916634916,-0.2586764432675782,-0.18313625164510952,-0.17255879344828154,-0.2187375462293191,-0.287388902720308,-0.32301833764371934,-0.3266356302506112,-0.3181501211555919,-0.29177285468252795,-0.2412574828018653,-0.1766366393292758,-0.13060053811262326,-0.09787912765028778,-0.04977198274624733,0.02609633869423464,0.1117682495819269,0.17312510774238873,0.1938225495762299,0.17901196481739096,0.15001817159371214,0.12678677851862524,0.11566947946596519,0.12890875360176737,0.1553875581866759,0.1787079507892557,0.2047545165960767,0.25678381517721227,0.3305524764992241,0.36652348906887466,0.36461750126372877,0.37555707004299493,0.408943185076649,0.4601244626537457,0.507635622538865,0.5157803969027719,0.4738885360258349,0.41556613748113064,0.37797077733858214,0.3684106146374094,0.3708400529774998,0.37170836380601624,0.3705729699517841,0.36762815389129505,0.35828753607930997,0.3361382578717934,0.2903004293151919,0.23114895310727682,0.2314467448819039,0.2720682619789324,0.31299902912874344,0.3426717770161161,0.36607586860174063,0.37334181412383804,0.33698100968602057,0.23395500350356138,0.09295301192793429,-0.036406572632105685,-0.13158375893593086,-0.1942911394460864,-0.2291084225343926,-0.23045676675575064,-0.211774816630418,-0.19774054588161094,-0.20123275331402118,-0.22493849060773746,-0.2645966764740745,-0.30068826215032796,-0.3111234421620794,-0.2940457208726962,-0.2680711859662794,-0.24847790273717812,-0.24227939617429572,-0.23815372554792763,-0.21997494949445795,-0.19053969751560032,-0.17192382434585346,-0.19257364815446604,-0.2607919435908308,-0.34548504310694694,-0.40777891399564387,-0.42936057410575695,-0.4134549402021748,-0.3819168010711093,-0.36141862468313746,-0.3611306063475361,-0.3747832154939195,-0.38317730816671225,-0.38209377723873555,-0.37403725451336195,-0.36034831482081553,-0.3490182193143313,-0.3379270098655928,-0.319246114025199,-0.2912985089848892,-0.2512633914617814,-0.19856451131275968,-0.1321102928920006,-0.06138681863695409,-0.00288867581414164,0.03315472659754429,0.049047972923507516,0.05397867404255343,0.058817364121148075,0.06559472540995204,0.07231560168143158,0.08124432547007308,0.10236335418025297,0.14532454060476396,0.2196792309502882,0.3278326281766325,0.4377613467798382,0.5115941164757718,0.5530591743907471,0.5806960764744045,0.600132614115657,0.6061236391308762,0.594901839027743,0.5635062727585194,0.5048900385754589,0.4444523201031372,0.41893673783865065,0.4243812496073734,0.4369821694369991,0.41537102177596374,0.2986323156266681,0.10565420947431321,-0.029689991281511643,-0.04205500458566594,0.023890554151045847,0.1484341245848464,0.26128105883621594,0.2976784632565042,0.2929847789548072,0.2581432788371331,0.205770598425445,0.14254750372715738,0.07553535748740595,0.030546911288498922,0.021597124655419048,0.028851879419499175,0.04112401318496557,0.05555339790401761,0.0803284552181039,0.13520465403001497,0.15385943794428128,0.08970081495027984,0.05592591033400342,0.03373563052720074,0.012181975839887761,-0.016695577880774384,-0.06619324933760432,-0.16818407220289214,-0.3629340965774201,-0.4734031158708178,-0.476523648692323,-0.48246404539340537,-0.48254518892747233,-0.4633572836421124,-0.4382523009483926,-0.4261039638408558,-0.42474057639853063,-0.4238484813098599,-0.42189629703399883,-0.4106847002872818,-0.37878004401957993,-0.3425736190402405,-0.3252278433564901,-0.3307672702124613,-0.3530913201463325,-0.3634076430612791,-0.33810864036424304,-0.2893270858302491,-0.2383709609380859,-0.20008795109556393,-0.16431673876364306,-0.10561606440640435,-0.0348292108130406,0.030916992210694164,0.08247478225556858,0.11479549312948317,0.1325136466279208,0.1436551057452025,0.1573565682427238,0.17856138925124493,0.20360679379697424,0.22908030793919648,0.2499771740684042,0.23960077792880677,0.20337727117657478,0.18495530270731217,0.20314728006021496,0.2589851164872128,0.34844208996349846,0.4459520100014622,0.49534497188965065,0.4892309668792343,0.4744073814399154,0.47293656691715175,0.47645026317914285,0.4745559582168956,0.4691091293755053,0.4510365064353284,0.4140062346576679,0.38439220603257207,0.38038575139509795,0.40165858392724313,0.4395133222250394,0.4793511600930022,0.4948766985095438,0.4728272403883596,0.4389094966878795,0.4004852616590869,0.3583458497564646,0.3004382356742087,0.2297881060088116,0.15288330712939657,0.07760566369290832,-0.004243219582454659,-0.09410106388207833,-0.1834466739969631,-0.24683632060347316,-0.2857531350536066,-0.3134997457640259,-0.332042270537552,-0.3388028461780907,-0.33608687940803905,-0.32779172845337834,-0.3202504099218101,-0.3148529853062174,-0.31012878570208097,-0.3116671166117775,-0.31991941259693535,-0.33108793012551746,-0.3423867370366679,-0.35048687315080296,-0.3413899719044483,-0.3203060893598951,-0.30578782759446466,-0.30477975901398147,-0.31918116314313844,-0.34535068345995723,-0.36528457865931074,-0.3850244410592794,-0.40812911624607534,-0.41708583179275444,-0.41182193530483335,-0.39769461397813916,-0.3824915874060844,-0.37894711566436934,-0.385167221280388,-0.39031976364005316,-0.381669552761289,-0.3566304141869591,-0.30843061666438254,-0.22110862588985464,-0.07441119302609364,0.08018874660819565,0.1780191828645759,0.2232860646962561,0.23533714274027365,0.23490515467979212,0.2320735344414824,0.23115364260457935,0.20542724388638936,0.1476718290256601,0.10424169875782456,0.09082912578668759,0.11672757806234992,0.20483084013908548,0.3109612956190545,0.3795265209586337,0.4345994932746936,0.48248602429841125,0.5154579143036264,0.5278823269363356,0.5281081122966051,0.5186829286110869,0.5014016595481465,0.4704941505046191,0.4187322594698495,0.3509365352627983,0.29473842715037346,0.2855504123580944,0.36177232809965193,0.3995513272961953,0.34212029754311263,0.29787761956865305,0.26506182023225977,0.2319852131844398,0.19016049516211297,0.14320524399961898,0.09813354904426046,0.05736220142046674,0.003645837579286537,-0.06266900006848505,-0.0967519173615467,-0.10822806111835702,-0.10686994876692352,-0.09123535495023445,-0.05404464341796325,0.019480883278354504,0.11198114331582182,0.1503185570686027,0.13777248853350355,0.09946839620295406,0.043037943085715805,-0.017523653579925497,-0.0650812777076201,-0.10515294166176724,-0.15841733545989406,-0.22216413766693405,-0.2778886377932076,-0.31893536215076634,-0.35576638488360385,-0.394392310013882,-0.4355853268371899,-0.46887268474864385,-0.4729076777480406,-0.4426919237656677,-0.42000747113313713,-0.4335048717248709,-0.472732686039574,-0.4876903660877946,-0.4398715117675643,-0.378945709759102,-0.34406144286313983,-0.33589332902200597,-0.34873709021942534,-0.37712688880771267,-0.42882992517545215,-0.5171889609448683,-0.5522836055835353,-0.3838614180718731,-0.2396108006370184,-0.16541310857726169,-0.12242618442503274,-0.08343683296878804,-0.05418938296837684,-0.05983682599206096,-0.10696518965876982,-0.1649676480497066,-0.19921331533784056,-0.2126295716900746,-0.20365979761784356,-0.18689189752259663,-0.16489706583071603,-0.10996283273894808,-0.012377149975006274,0.10057615385484746,0.19160300326889854,0.25715857739806186,0.3013029396800734,0.31911834591384414,0.31919746842796737,0.3135143157399573,0.30897001963933196,0.30658095378127415,0.29972371553538996,0.2794040434668123,0.2644377520024985,0.27905937127244046,0.33198904322692185,0.38940396425681567,0.4227519242086287,0.4407202673512452,0.4660955083066238,0.4979421670524235,0.5246938719119404,0.5052731686215254,0.4242664755600099,0.3356215867756285,0.28983545750784334,0.2900363732806633,0.31103558069748255,0.3212127513889092,0.2969905392765655,0.23455756160356867,0.1550032236478885,0.08411151438286149,0.03702329962083428,0.008723181429799996,-0.007790686385774021,-0.031488459861541036,-0.08089450387119755,-0.14087038618227682,-0.18280030572902267,-0.19283202275822578,-0.17432538807886405,-0.14528796675740357,-0.12113917120148604,-0.11369390947545635,-0.12567370719525905,-0.16225622511886384,-0.18762732258019424,-0.1748788327571727,-0.16457810941252318,-0.1632076496673995,-0.16781066920789492,-0.17718749845260912,-0.19120469032815177,-0.19807243969339486,-0.18356082130562226,-0.15336828575289604,-0.12979300011188005,-0.12930012107804423,-0.15336062190255367,-0.19250703386222467,-0.23120503779606222,-0.25707359404493424,-0.2591885552344507,-0.21353204536043693,-0.07990611048644232,0.03175323534015435,0.05764634113604874,0.01624000703667233,-0.07591919559961668,-0.19122309619601524,-0.27144293270146197,-0.27622630000483467,-0.20620571777550337,-0.06475523864102685,0.08880147895755433,0.19369512021788143,0.25692542046662453,0.30448811720707575,0.35003177403724095,0.3980643750611818,0.4261143525023345,0.40620541382262043,0.362685840784401,0.33857527310864455,0.35455412926108265,0.4040898003492728,0.4546019532119997,0.4609131817862856,0.44643610210029944,0.4500234834109675,0.4684035205035556,0.48093137397862146,0.4688631436420181,0.4209701215184535,0.35450595506543753,0.2906684903567743,0.26115641143941226,0.2838282550626339,0.3307983465802901,0.3506220761990514,0.3330468840164557,0.293272705404981,0.24539632253876498,0.19410145098581072,0.14623615889324773,0.12318158745393645,0.137832918236831,0.17821796913209387,0.22229035306414116,0.2463241271062245,0.22271098458981542,0.12008688591126754,-0.07500604308615615,-0.2957663057316739,-0.4585001839681626,-0.5641170496328214,-0.6124692102210437,-0.576721628296058,-0.47999145496427503,-0.3903131396672973,-0.33130195562639364,-0.2917640242604006,-0.2609141273437889,-0.23144868815556188,-0.21362871530123984,-0.21310719422690116,-0.23287780271443226,-0.2690130102337592,-0.3079046062822791,-0.34114086974728386,-0.36628368475474216,-0.38624065992475437,-0.3997488452006104,-0.40176803989729704,-0.39294715735042857,-0.38462928666823676,-0.39185877775737316,-0.4302160025221035,-0.4969126092432243,-0.5602145266290742,-0.5793571316313213,-0.5454512325785842,-0.4729388801141192,-0.3875381035167864,-0.3131393360263897,-0.2655827712114679,-0.2375143111935064,-0.21343268224002637,-0.17761311441118516,-0.12803493229228802,-0.07126808221933893,-0.021130273182511494,0.023299951817931687,0.06061548722075626,0.08953058107137069,0.10328738315216561,0.0976688846753824,0.07239783817638441,0.05583723988577287,0.08172974464703771,0.1463243873317492,0.23556550109879693,0.32779716647637985,0.3965291117374654,0.44213058396970667,0.45825151148923576,0.4411581347367987,0.40613603754243405,0.3732432333294146,0.3746526179452401,0.43387942758416803,0.5255520318324008,0.558066983122843,0.5601542332782159,0.6009837301443133,0.5323558775310181,0.24451542179465266,0.09842672522433754,0.05285827711706543,0.060129282717350525,0.11246173682223025,0.2266880816870252,0.38831782757662203,0.44192275397174685,0.3797837332825836,0.31124407120080466,0.264775631933338,0.24148113496451662,0.237765367010579,0.2471644214396114,0.265685046619379,0.2909127861139404,0.31152088254009125,0.32876225842643136,0.3463112359628658,0.36538128220681054,0.37446509679756484,0.3494306979875261,0.2876894080242929,0.21619391379352298,0.14700390716078973,0.057915042075592685,-0.08595147764096883,-0.21858262962192526,-0.22924304061719097,-0.19377062639406373,-0.15336541641512327,-0.12420090614496798,-0.11710066753540452,-0.1300395746827769,-0.15870765873081844,-0.20382179833322667,-0.2794467086912367,-0.3901818192604106,-0.32413033012711906,-0.17294500004749028,-0.10018881814338677,-0.07339911557770212,-0.07821423789336332,-0.11824745950861616,-0.20825478916936188,-0.3235468686916233,-0.363816417832113,-0.33838573230259567,-0.3025448175601012,-0.2604970686788498,-0.20829346896503212,-0.14574400849681168,-0.05704262253372124,0.05069566673262778,0.14521113132404218,0.210692925511064,0.2515092148150695,0.263408584970905,0.24912511544040777,0.21105985958411463,0.15691136885342385,0.11791571680790176,0.10273626312699391,0.10639067822824498,0.12321547874585048,0.14575794532515174,0.17265863437465673,0.2034819199702666,0.24333553162631108,0.28976495672969177,0.3313057838963134,0.3541916697494933,0.3510424986338989,0.3238084355688497,0.29234576437282417,0.2711712102583472,0.2742752983078875,0.29816094128216936,0.32666756770463495,0.3410440786068353,0.34192215283988703,0.3459286645363534,0.3698972268153295,0.40252434388307257,0.4236057281808323,0.42818394818640637,0.41344762080539343,0.37380541597966394,0.3212064370663699,0.2684771024576939,0.2220770930959589,0.16957019688253017,0.10520697026677044,0.02728695819092549,-0.05086531667868253,-0.12969235739520216,-0.20759461479196842,-0.25600971697992597,-0.23755749086340466,-0.1638580537914133,-0.08821902506334198,-0.03311389801539419,0.0008448796684740116,0.023869377965032,0.03983260203269411,0.04856637046983234,0.035109121825249064,-0.02888183076003333,-0.1745021375408344,-0.340450602978642,-0.42213757473501473,-0.4353166596467312,-0.418694537630628,-0.39132109237603213,-0.36718592156280544,-0.3527176720166642,-0.35094091338361405,-0.3597190500031697,-0.38195381108732046,-0.41965025879407264,-0.4651657286491511,-0.4998260021394539,-0.4896977049618646,-0.4382850155467592,-0.39408565916107136,-0.3682840879253431,-0.35558285379148097,-0.35761338008950994,-0.36494452063736027,-0.36392248957798723,-0.3360436715983868,-0.2923212234793764,-0.2522536789928419,-0.21406078757148397,-0.18099846710569492,-0.1541584235699134,-0.1367830997009077,-0.12480028298619479,-0.10465268849546482,-0.0771693623039766,-0.035119748387367505,0.03581133808303451,0.1319427886145085,0.2069689458961741,0.2611896738971817,0.30887639155663893,0.35597804728836496,0.39692177102033993,0.42152136495599235,0.4339065402381371,0.43604161235747924,0.42415703056182513,0.4105223154930362,0.40457844639012014,0.40473969801007215,0.40576098814296124,0.4008350346033341,0.3863728162250028,0.3538060901997213,0.31377172618726246,0.2917690077040642,0.2997858934490043,0.32931261053450867,0.37419775382104925,0.41286486977294945,0.42757045767128926,0.42329455220361867,0.4207166179026585,0.4297401546852762,0.4284557426610721,0.40123905180189456,0.3577740801481048,0.3054892729705673,0.23837086372173366,0.16278052157179798,0.10036834390407025,0.05655000769897746,0.027498108995671743,0.004727250733312548,-0.017388947283695794,-0.04666430095743513,-0.08789639192734643,-0.1402925075416157,-0.19725789672971344,-0.24751524554113638,-0.2778620664744063,-0.28252924095006626,-0.27068747919084324,-0.2643374319910061,-0.2566561825223516,-0.23060466321159642,-0.17857719720908427,-0.12073677103292635,-0.06482672739442241,-0.016714824577574585,0.005361730900905684,-0.031110286121353473,-0.1532383820329875,-0.2921176587548005,-0.3743419124881526,-0.4021651081930425,-0.39315508482653055,-0.36303849776546476,-0.34516833550052944,-0.35812022614560635,-0.37853403244099865,-0.3766238158305874,-0.32698587211575036,-0.25341580021733345,-0.19795892145117067,-0.16685200347848564,-0.1450003374678104,-0.10748403721264654,-0.05660068369091893,0.0002785968601405962,0.05212894548765213,0.10149571146733018,0.14412949715510892,0.17823748317081647,0.20902795853286224,0.2331144862375916,0.2632212726126491,0.30045132144210995,0.33405395901236506,0.3434862585303437,0.3247167648510428,0.30013923316535357,0.3003791551949403,0.3307833811756322,0.37378793904455926,0.4046136684883102,0.4068368552448659,0.3796693324025283,0.33878924495147095,0.3109240771653807,0.30563898328239875,0.31737050480044543,0.33826551907295377,0.3488974896301986,0.34659750964156455,0.33275471213275004,0.32293460089365633,0.3257538067754705,0.3300956165652314,0.3279896395184342,0.33091955562115855,0.34001270279659884,0.3424616300263175,0.31322224581318453,0.2716848386600882,0.22953213930813876,0.18457271608797,0.12121820920882638,0.044784097037689645,-0.05259802067941043,-0.14992104527883157,-0.20206207135155124,-0.1762962538554551,-0.09970040528816826,-0.02684219885059238,0.011457637712796561,0.020867932461135826,0.009414062914260547,-0.024286839195226086,-0.0752140958771307,-0.14103695274652553,-0.24607768315700557,-0.3285659360817927,-0.33837027526171526,-0.35245489896699694,-0.38402259879468703,-0.4281818906348259,-0.47834830038947,-0.4975820580524153,-0.4563638369700075,-0.37888790260605393,-0.2888602048131278,-0.1955268906884536,-0.10311431054025484,-0.017869839771056942,0.04888601380231145,0.08945908241907784,0.09527207274289184,0.06306109959887211,0.011795406929284194,-0.031130907147226633,-0.058534093263083425,-0.07704961690745038,-0.08913770780916049,-0.10041739462665193,-0.1137213205012039,-0.12090493002587889,-0.0982427463214936,-0.035783375035095905,0.05271857115981943,0.11043934932075189,0.12566630799517997,0.1019922050612947,0.052058851664896065,-0.017767791656934488,-0.10376573262509235,-0.18396594200474123,-0.24147867394189138,-0.25718879591967325,-0.2258850609162218,-0.16107177385577803,-0.08274355263140168,-0.008342652938802566,0.050447456652891624,0.09130835352683096,0.11901702983063751,0.14297042620343764,0.16426681348901961,0.18970274296832346,0.22402457750692834,0.27525128334190974,0.3338621191389135,0.38712358308741895,0.42261914160498926,0.45682692840348804,0.5056441774117872,0.5687602521163333,0.6322153079729921,0.6535240926648029,0.5756140986652971,0.4155266590384946,0.26871584716198693,0.19173434273947698,0.19150851813045772,0.2382289040189057,0.26550186927895175,0.25983508842689873,0.2349172186910761,0.19688136189883065,0.13730977047927442,0.047290848462693214,-0.04344834841149155,-0.09672796727094854,-0.10403098054553063,-0.08706785326764044,-0.06640151888431631,-0.06724597387652588,-0.09726584268743628,-0.13508706486865873,-0.1509504602476253,-0.12026737838533794,-0.06528984013763367,-0.020822251934233503,-0.0153000967536499,-0.04941596565710834,-0.10975170575435844,-0.17652039054601118,-0.2322983175308186,-0.2729161974293186,-0.2912439904816953,-0.2856133056172701,-0.2680346952753515,-0.25545111972764467,-0.24746944953731914,-0.24295617060406416,-0.24603566652216027,-0.25942347276781175,-0.26188261607575297,-0.2529002716648548,-0.23756680672940717,-0.21286487123412196,-0.18070620723368833,-0.14910154342758508,-0.12868055769273437,-0.11610112580698813,-0.10675126544212285,-0.09941033616817846,-0.0908730355928153,-0.009946444871103341,0.057340738527766374,0.052838670356277775,0.04676166251550633,0.04214448277630459,0.03808821657441517,0.03428730012492128,0.03141904631636507,0.03241669886054419,0.04280194653257839,0.07888979533326869,0.13350132283388358,0.18458723881557315,0.2230622189032038,0.2500293570189354,0.2820383525673906,0.3220280623762784,0.36665284001174464,0.412050622696115,0.4468788039537706,0.4637946231440945,0.45625559897927614,0.42350282777766485,0.3751222563138175,0.3282072135439032,0.2901770317374768,0.2629582810301078,0.2576112197433269,0.27647489305772666,0.3097609077342631,0.33696167749365463,0.3451186715616773,0.327638391962524,0.2830083577815442,0.2146851600920675,0.14018831144606256,0.0815304301132805,0.05358306311674429,0.05407578606916216,0.059834287240564034,0.0385811317723898,-0.015627130241395216,-0.06653656779270212,-0.07981507262975304,-0.059215085189504434,-0.020779578852755245,0.019676082256586996,0.053255114780244785,0.06830610226147853,0.050807687972652796,0.0016053277613955245,-0.06344900651563043,-0.13503369845045546,-0.21236007662572948,-0.2982343685020227,-0.3890705602867707,-0.47270359569007336,-0.5337212029990955,-0.555303198374897,-0.5200880985905251,-0.43352276754652774,-0.3436061587484283,-0.29339980219061257,-0.2838196301422743,-0.29104953790336247,-0.29340841430365006,-0.28099635632477193,-0.266886522899331,-0.2658620818168798,-0.2997100632434781,-0.3473454868187062,-0.31580719399924234,-0.2710313288202745,-0.25499053737266303,-0.2618439492230945,-0.3013930623573775,-0.39344032423703773,-0.3922981084615348,-0.269692630401162,-0.17143899327128756,-0.09835687280466911,-0.03374542043049186,0.030253421481770404,0.05966562469147873,0.023002534521810787,-0.018896539669910988,-0.031703937379595266,-0.00517461349246318,0.05464963545962019,0.13194596385655705,0.20614780732877855,0.2666877490143077,0.3096994528382616,0.33237799684276187,0.3481062300968836,0.3661966793435525,0.3868983875757009,0.4006014510285657,0.3832421792888408,0.3205705615505312,0.25775211980074975,0.23225877885603705,0.26361352080464046,0.3406531531113781,0.42800737059187494,0.49676045327740487,0.5497782811531254,0.5974773473114143,0.6320916130397675,0.6468795027085705,0.6344294953949572,0.6062924757868909,0.5680066269285873,0.514135449735925,0.44071730143472665,0.3375316401279281,0.1983584689063616,0.038664147100491195,-0.10034737243712387,-0.18269789467242925,-0.1994249755165044,-0.16775712191007883,-0.1153452421502329,-0.05848784289896314,-0.01327402827552319,-0.00452999404558383,-0.052118533264486906,-0.16653590035222404,-0.31147020858931307,-0.4099407025530717,-0.43416887336517446,-0.41769352269841875,-0.3857165819238419,-0.3489739732779337,-0.3199125987885107,-0.3083727264793138,-0.3045198860421248,-0.29492237259514487,-0.272501569077365,-0.24313128508090603,-0.21837808664030664,-0.207837569537386,-0.2198771422518601,-0.24802925508932788,-0.2807681553796808,-0.30687640431180985,-0.33345603778095556,-0.3685204984672561,-0.4211949877920331,-0.47387255719182414,-0.5012080862482078,-0.49752377605567766,-0.47584460017505603,-0.43515880035570365,-0.37930257403325196,-0.3352720624269858,-0.30666503628935393,-0.27863869968822685,-0.22900566425095858,-0.14723593180153396,-0.04456101417443642,0.053739552123746315,0.11538895229132405,0.13635751766281426,0.12864642960457096,0.10927988034862038,0.09927958338118027,0.09869370785868278,0.10750515105645786,0.12477381298862723,0.14417905832862118,0.16380126712255497,0.17663703576942924,0.18281043784879045,0.19843977883384775,0.2479651516087021,0.34356450242156433,0.462941475245272,0.5554148702570245,0.5998638825893804,0.6139003102306945,0.6080505935810893,0.5512947737033166,0.4366615381233079,0.3223955984666182,0.23988249219609736,0.19180507531165314,0.18123156676102692,0.21728640803955007,0.27591616441450545,0.3149325888049243,0.3393385450008624,0.35308406287191385,0.356466323078197,0.34985325796816524,0.3455035620261911,0.34519536733231787,0.349714942860749,0.35136441768033344,0.3414461423653116,0.3117295060599459,0.25953163880734936,0.18508602755258716,0.10161696459660784,0.027692474000531618,-0.01842725766527608,-0.034627491019234694,-0.03044316897559988,-0.010087765140399906,-0.0016560309104369365,-0.03136601206234453,-0.10034174946423478,-0.19149719654444114,-0.27780879171191547,-0.3344089295666777,-0.3538015661805792,-0.3310504686046146,-0.24967165073113307,-0.12251113949974968,-0.011573465642583216,0.050524777602806284,0.07135553365835658,0.05858984099948177,0.012733491039895793,-0.06930327800716352,-0.19801920988674535,-0.35207374050472534,-0.43014013701855436,-0.43079471980292605,-0.4111566419958122,-0.39347393495911487,-0.38225573713815675,-0.3899237697638485,-0.430138686236797,-0.48467226999112584,-0.5247505339715659,-0.5407499473284624,-0.5449869734547678,-0.5441006553185663,-0.5277781843016215,-0.48354248586454096,-0.41184138010831434,-0.3258995834648194,-0.2250146931461748,-0.11961139462158082,-0.037947847527736014,0.0015038977545737107,0.004514274194420374,-0.016080735261234033,-0.03513748292589492,-0.03657116361066943,-0.015743429854329555,0.015019225538421804,0.05286143883655082,0.10877793892683375,0.1972333547773597,0.29747794014679785,0.3690886246338375,0.3913249207774369,0.3756529587085279,0.35195902209185415,0.3297335755701975,0.3118355007922371,0.29866444516090657,0.28604209172604034,0.27233378176519996,0.26082950244042535,0.25931952334231245,0.27627035263292504,0.29769155428699395,0.3141874870635926,0.3220694165228093,0.31954806251042045,0.3080170649837906,0.2919759004463913,0.2781155301223425,0.28109267269196786,0.30497421743945563,0.23205296963669722,0.08611759377435525,0.04552486217025238,0.05587429748275501,0.08493918433568927,0.12129295187516478,0.1520932335335723,0.1667136639285508,0.16251872740171608,0.13407548486820078,0.0775220553458849,-0.0013619024842739008,-0.07534067005110119,-0.1177211336749908,-0.11264144512945716,-0.0711266831553299,-0.017174757811533953,0.01642417185793283,0.011585839244776335,-0.03378563878612181,-0.112916689945266,-0.21174001784750282,-0.30798517149287,-0.38598233400056464,-0.44047741811649105,-0.4712931918399434,-0.48279121907890715,-0.4705994338421991,-0.41682725226910283,-0.34000106373335287,-0.2977036864202929,-0.29552581122799315,-0.3127926672768189,-0.348732411111243,-0.410313080501421,-0.4889636949594862,-0.4743673699607287,-0.35465260633187956,-0.2649357672805111,-0.21868832341052188,-0.18736848112783042,-0.13603070356729582,-0.039042318134319666,0.0866368554570654,0.1800196933313743,0.20799947850467423,0.18388327039628333,0.14197462065778815,0.0992487184367867,0.062349610379201864,0.028745613499561607,-0.0006452121427136118,-0.010948090159998371,0.001711737061977391,0.03417503084917586,0.0833063858454127,0.1409932170748796,0.18032287279490866,0.19881562578943082,0.2040588838145009,0.19889575921654543,0.1873456615931496,0.1796483662077107,0.17997206343312416,0.19130419708536758,0.2123586645943374,0.24544151142281856,0.3039946023576807,0.41871388690550754,0.5999516516951974,0.6623442049353087,0.6095802997141486,0.5802596516969138,0.5649796326165732,0.491566998414208,0.3086555534033349,0.10135662500316397,-0.02034856048660368,-0.05622530984568857,-0.05013996242658691,-0.02783251438161876,-0.0006524927811356126,0.027742349754525397,0.05364243434072076,0.06945118327180717,0.06943091526946005,0.05479435988205797,0.03614636628616278,0.021873961140379806,0.006872434546284457,-0.016329433770239245,-0.054058068741572964,-0.10051668303392348,-0.14922567820710472,-0.19243476343983235,-0.22407652571614653,-0.24265897919040355,-0.25770482960635693,-0.2597964210362265,-0.22976214806706044,-0.17292681491286677,-0.12546231206036187,-0.11261698524416103,-0.13620271234440298,-0.2096841923708297,-0.343012646622795,-0.47167259665071504,-0.5109778853506207,-0.5169948263110304,-0.5319390856479133,-0.5434450118495211,-0.43694715102428017,-0.2353446462029358,-0.11482078060235891,-0.06148708783997611,-0.044377495361475894,-0.04907378261592145,-0.0721153356850319,-0.10636081863500779,-0.14504969172181595,-0.17184721242732337,-0.15537817295619127,-0.11981149818988793,-0.10592957793720267,-0.11298153386924487,-0.1265969173841572,-0.12638605490406796,-0.1008644083763379,-0.05110312532963942,0.01580679531583047,0.08654677498444131,0.14698211625041138,0.19947934680776488,0.23384668353084015,0.247208765978575,0.2392532666458081,0.22639715103742472,0.2166039430906635,0.2194425431361201,0.2427196715602926,0.29241007062701097,0.35414275599933265,0.40642939983381027,0.439640821139476,0.4595559508249745,0.4650313005149625,0.45739290143536543,0.4464720974864144,0.4336825917553255,0.4157047955888878,0.3882584322161114,0.35472452983812847,0.31623428152127997,0.28151961783235446,0.2593812722814388,0.25098497941639747,0.2533762052426283,0.2725635608764921,0.3085920545114931,0.33737039551427095,0.3448526687751528,0.33462158572390793,0.3081558653407616,0.25756918934249523,0.18750720415447852,0.1074853014202517,0.031071551200071393,-0.03488090824104098,-0.08077278234651462,-0.11431724555303993,-0.1350228669068646,-0.11868020264388873,-0.06339216455992483,-0.031592228905719874,-0.02466089038789335,-0.03015641628267674,-0.04267846310183867,-0.06092226457307572,-0.0895814589598782,-0.15359929326019872,-0.2458482739596815,-0.1482356358330306,-0.11360540512300994,-0.11656248102257162,-0.13994629892817015,-0.1783165506623446,-0.2289743009660259,-0.2861043267706655,-0.34696452213718987,-0.41098085303290743,-0.47635089451209717,-0.5304760468937734,-0.5618968444871341,-0.5779805997299353,-0.5896044942213913,-0.5954391542147237,-0.591192767864436,-0.5594580419273532,-0.5096789826429831,-0.4605929590557734,-0.41509727438788185,-0.3637452494845985,-0.29509578460177666,-0.2156501386082303,-0.1250788974237503,-0.04144347124900975,0.02805191300172759,0.08420007236523026,0.1268795049546553,0.16018428763649523,0.18137018350842132,0.19224705782798382,0.19924808783187153,0.21670815970032506,0.2476714706190907,0.2904109549434586,0.3359455233362946,0.3849039213079173,0.4423697523054835,0.5031925660200047,0.5470092173120131,0.559286313403213,0.560362146841029,0.5670372702773454,0.5337100368401987,0.43267278176325474,0.3393561729106663,0.2794193730500098,0.2510646247762747,0.2720136551753099,0.3510529178510691,0.43825283189090647,0.47503169122734723,0.47548073944941155,0.44595663795171153,0.37027826603789976,0.25527491532285956,0.14158674062371457,0.06361649120969425,0.029242893311036945,0.01971374473108945,0.0180203281691716,0.023095613636536793,0.027993326843471,0.0032020219967593155,-0.08933275616528355,-0.2658956183266045,-0.41691339130614236,-0.44796309875682283,-0.4005993589636227,-0.30120246517159843,-0.1806947505886564,-0.08799180374311172,-0.04242672736719921,-0.04625410505687034,-0.09082887442871405,-0.13052976070353775,-0.16136556787814255,-0.18754202219259833,-0.20803788041646964,-0.2176773166506084,-0.2202439578412867,-0.22202186589710482,-0.21210017340884127,-0.17301662215594513,-0.11662966597243879,-0.04816357772786484,0.033389328560397724,0.10693927509471794,0.14850194866030159,0.14017437373012098,0.090301459406069,0.018591567311803066,-0.052186879306281186,-0.10802954729411161,-0.14293111147279622,-0.15580621680623885,-0.16423160470290776,-0.17814961506504065,-0.18215918769820366,-0.164216447850675,-0.11570741327361077,-0.03577778301268275,0.07550746094724228,0.1900990437666916,0.2603658011867639,0.2772925335947424,0.2595958332272854,0.22931973322524174,0.2071076468052162,0.19480818136418734,0.19188161363250733,0.1951299105866908,0.20520383286793084,0.2335752775577249,0.2829334674761765,0.3057828511528268,0.2870974039894295,0.27839843363292377,0.2888040735700015,0.31073192124873006,0.3366612827926432,0.3626673038126622,0.379807285832554,0.38267942659241194,0.3691690237075878,0.3381610222756256,0.29851638831823896,0.2608624580492682,0.23697629089659997,0.22762090707412633,0.2258835100664227,0.2219839745568139,0.21507907231465562,0.199884983819215,0.17227126528567702,0.15248775312865698,0.14578539773816243,0.15757667119780186,0.16531164757024802,0.13440072693295138,0.055049907363994094,-0.04980571195062127,-0.1544933595607505,-0.24645067291546974,-0.3102376349233094,-0.3451252770762677,-0.3503634418780728,-0.33755694038175676,-0.3221179366031544,-0.32485234689299,-0.34985905850109406,-0.37810731376865503,-0.38437641153448593,-0.355804639988315,-0.306055889568416,-0.26968288051294675,-0.2718429190802442,-0.3141006757072254,-0.3778408960755583,-0.43834530569931773,-0.48022633199905634,-0.4969260159209733,-0.4866047578737382,-0.4601031435273771,-0.42091622022754577,-0.3450714246260476,-0.18589795665777173,0.03185004569174446,0.18642231882574478,0.2532094874003666,0.25051361563512836,0.1676684569046918,0.01084915944345499,-0.1446206333377306,-0.21381757602101045,-0.21650246708255352,-0.19310237394380173,-0.18108977535672668,-0.18701615233717256,-0.1890608237121598,-0.1737981327454508,-0.14603971642544725,-0.11016132494480954,-0.06424841714772439,-0.009594388433553853,0.04357392832170964,0.07357149425751137,0.0772572558172085,0.05976943118424814,0.020701064453318374,-0.02803327607481165,-0.06500338060702075,-0.03986200110133598,0.05726871362846431,0.1782760953456771,0.28085885350568596,0.34972370102487144,0.3887720920639462,0.40675085824129203,0.4007836765926261,0.3667194053395222,0.3174344859975822,0.26650636848184905,0.21924074749405767,0.16879294212971466,0.13316767672022697,0.1429616749909726,0.22469061401512735,0.3485975743470734,0.40866945225035406,0.4150162524455037,0.41583685078461674,0.4235858795597052,0.4368961779525016,0.45405619072984255,0.4736640223662277,0.4775678921239919,0.4444452138563181,0.37510534792148553,0.280982379180675,0.17901023028684543,0.08754565069606969,0.013671825685173385,-0.03768095961421672,-0.06447603242350054,-0.07296171712935792,-0.08113507665680214,-0.09570131600337656,-0.12879605862644408,-0.18005443022517517,-0.22811350183054166,-0.24239263775683725,-0.22550940059433705,-0.19889803850525514,-0.17536161507067796,-0.1630170665345239,-0.17500878892026508,-0.21188650262121222,-0.25601332677132926,-0.287085235467248,-0.2901313002017272,-0.2714431720839612,-0.25718398047816554,-0.28139998919801856,-0.348630871822886,-0.3979236586496486,-0.3741915677688154,-0.33352312751173097,-0.30185653335429996,-0.2778812899638032,-0.2587507312044739,-0.2524102407665121,-0.26737797414142234,-0.2974645841576479,-0.3301183704990592,-0.361160769238001,-0.3762857105290829,-0.33756777683656025,-0.24371966937753467,-0.14170363593144927,-0.06211886025729531,-0.005848217313849221,0.035174216920122216,0.05997902671769342,0.07770710535679749,0.08292412928381218,0.08131982161840919,0.07814130674095633,0.07472109370997058,0.07694100290027063,0.08382061464196004,0.09173147936640653,0.09734675703004995,0.09600081920149164,0.08992555220043516,0.08590285577191406,0.10197685585259571,0.1513465778381979,0.2306822226006581,0.3230852384218772,0.37836172802629303,0.37184289614732297,0.3455501693329169,0.32600812035499266,0.31974467108898036,0.32434865548996084,0.3380981287971109,0.35608854066316353,0.37637751194879415,0.38879385530513283,0.37795780777016413,0.3222286917949562,0.22904299928517333,0.13516876651966486,0.06337825879903074,0.014461497329747691,-0.008037570540340882,-0.0001225262515690475,0.03514824500008474,0.07816759217689787,0.0927532183258222,0.03837780211408792,-0.05530563209630064,-0.12158544769147064,-0.1560952333011594,-0.17195506464399843,-0.17192315264627114,-0.16634548162855403,-0.15544656882244504,-0.14911043682635752,-0.16944266581369552,-0.23007122760710905,-0.3100862558060801,-0.37536042482683746,-0.4261219122364393,-0.4648370548923867,-0.49447375898797635,-0.5135873191541235,-0.5200989650991282,-0.5055786140600309,-0.4735587607695358,-0.45069197327853566,-0.4493405416464426,-0.45244806020028244,-0.45300612740646196,-0.45166908929093,-0.44625138299906203,-0.42564383448607723,-0.3708668772344797,-0.28297461802454255,-0.19106717331576073,-0.11747222951652753,-0.06761006061129586,-0.04614181112431147,-0.08074931375201978,-0.1922679780589202,-0.28135725777328,-0.32499335381780425,-0.3436004543879306,-0.315226605807526,-0.20717964817501092,-0.00910161237526576,0.1771069296534548,0.26978934839591195,0.25846001000674007,0.2118920829765725,0.19603465472855333,0.2183055050747153,0.27398576787329654,0.33791562815664333,0.3822377768616624,0.3873314455633719,0.36635511117219677,0.33476960867782907,0.3094924439343898,0.30478883123855754,0.32488403436548857,0.35451656111527896,0.369724657851299,0.35181261510470097,0.30305108895005367,0.23643313841605798,0.1842679315285514,0.16129421936271796,0.16959999341200163,0.18920239936422084,0.20035585764913902,0.207051704944837,0.22443319561571892,0.258048753385068,0.3013648414331553,0.34668584792851637,0.38379219986756613,0.4094786241088306,0.426702321034619,0.42954991214299604,0.39791866278348625,0.3206488816473654,0.22799144536427388,0.15350650917994277,0.09300715865896515,0.055548568265482205,0.06426572573312858,0.11853675223248679,0.18216930592762237,0.21607272713909798,0.20593124429238055,0.15098611033546722,0.07234236030873108,-0.0015337375557692556,-0.04866166833669094,-0.06644217269733058,-0.063638040330595,-0.04780932281434269,-0.0290829749669688,-0.015453966346287346,-0.01367257226727782,-0.026111974429568238,-0.05432782736670517,-0.0916226556489985,-0.1342760871559819,-0.17841347649624345,-0.22737783037291245,-0.28522945182652626,-0.3509308271535688,-0.4128790538444894,-0.45068230662887176,-0.45755782545473744,-0.44371179312547565,-0.43159266189860523,-0.4401659686401659,-0.4699716553924297,-0.5017915904235365,-0.5211032765089993,-0.5141652407003311,-0.4695742037767136,-0.37130623140121066,-0.24601555827733387,-0.15179474437709292,-0.10376775905323439,-0.08670069413872937,-0.08053524123650024,-0.06417198483099093,-0.03877376281539907,-0.010819838971155012,0.0096656762977597,0.028801085008251372,0.045024403578615334,0.05648409211687746,0.06363729804482966,0.06973128404506752,0.07922790006654842,0.09788453140556537,0.12852960383927256,0.1692383115866972,0.22793574776452705,0.2977492703544959,0.35848401410797803,0.3950900990596089,0.41344698964940424,0.4155228098366451,0.40593545960615846,0.39010147398323874,0.3592516869561489,0.3027848184786296,0.21587904893329438,0.12561714689687745,0.06779811746714161,0.04738321123837753,0.04873071133219434,0.063325971843978,0.08584904161881354,0.12523029683263026,0.21832810443624381,0.14361992650328234,0.04741647452779852,0.021307259660643174,0.015571961725085405,0.018682673588446955,0.0256583926899325,0.03460377005205029,0.042290213188996416,0.05081549599144121,0.0545323417025476,0.034656308749334425,-0.019831912772175365,-0.06501809149978591,-0.08711185278852421,-0.09723488314702343,-0.1045995664463451,-0.1196832336609379,-0.14788784727654933,-0.19033943986744117,-0.23906794183840627,-0.2627401372821866,-0.23789983261815828,-0.19699431971499548,-0.17252961714200385,-0.17243846342823693,-0.1857546266734922,-0.19471477076227564,-0.19040467249913107,-0.1822090816382701,-0.176459661629266,-0.19214462634697055,-0.2325495183123953,-0.27786190649892967,-0.3058909893220275,-0.3083537650092483,-0.2892278639490812,-0.2523329131030194,-0.2124563328438431,-0.18618733513166735,-0.1820840263045406,-0.18336373768999847,-0.18197500941606207,-0.17932448685289493,-0.16385169036644975,-0.13711739848804425,-0.1115800068327738,-0.08106260955425298,-0.0342585700155537,0.03418526438399658,0.11294355267120823,0.12184909502741031,0.09510479583040772,0.06261751670011034,0.026697302937222205,-0.009507061649101242,-0.016925856024739405,0.025476687824801413,0.08993672595974747,0.15007284802571802,0.19323995631561736,0.22491023808511512,0.24779259188966968,0.27227889851097287,0.30568624605100125,0.35898068842953773,0.44212946465069414,0.5392176534414037,0.5938418693189715,0.5908611926622716,0.5691579201048946,0.5554752000253546,0.55174155370172,0.5377436412565028,0.5051038773051447,0.46204758937791485,0.419612532797185,0.4017780360971869,0.40252069743344604,0.40273448300539966,0.39243278039782553,0.37400089484257165,0.3541550078293946,0.33633730216997326,0.32345758263854746,0.3109649828155489,0.2826282788028885,0.2194151886206815,0.12488901827612331,0.006756612013366211,-0.1089165938194012,-0.1642672802170264,-0.17228132314057965,-0.172695861421948,-0.17143980188607552,-0.17061705946018163,-0.16861514919390524,-0.16397217620897797,-0.11915900230135075,-0.058245183241398074,-0.05390870742682148,-0.07659907226488563,-0.11390617909429074,-0.16183063448478277,-0.2153772704835782,-0.2586840714585477,-0.25300301870228287,-0.20183928884203994,-0.16838262971716747,-0.1737468420070644,-0.20454124320504358,-0.23635676227680288,-0.25773209000109243,-0.27049561764928415,-0.28011977146327516,-0.293858924762618,-0.3115415500457769,-0.341446798988312,-0.3797904529705921,-0.4051751356462347,-0.3760143528703572,-0.3064520656979966,-0.2527668804966727,-0.22648552016400877,-0.20198091565758097,-0.17540216435433112,-0.16601488660306107,-0.19156756960277876,-0.25481825322452,-0.3361273737991668,-0.38449732234813816,-0.3654029523184119,-0.29134363507428473,-0.1670880576679604,0.027294888451011964,0.2455705821113923,0.340663177383124,0.3440822082779656,0.32274128595529616,0.3067928605641227,0.3055981840097752,0.32010950733948335,0.34675105529955125,0.39217974746476636,0.45273711583257914,0.5006604410616162,0.5142159313558791,0.503857649964085,0.4877152538170404,0.47400622259310016,0.4674163744177393,0.45991172348390447,0.43431059330050104,0.3774096481523942,0.32855976159977707,0.3121414247762904,0.32948213377099644,0.3641042401526843,0.4123844784053053,0.4593228309846864,0.4741246581794958,0.43792692329941063,0.380897568183505,0.3236692256403387,0.2610652103148362,0.18573985744580523,0.09861126359560131,0.013630956989288873,-0.057369138101048586,-0.0968206540988231,-0.09890154170822807,-0.0836778442159052,-0.07705182782750468,-0.08601190960475602,-0.10757602430204186,-0.1312759224435846,-0.15309904444262798,-0.17484609912360602,-0.19743019607640355,-0.22501816551452547,-0.25642054837722017,-0.2921275487564496,-0.3142507459709363,-0.29613047549426524,-0.25109733282951413,-0.21759276646579054,-0.20825050710293752,-0.22102995007304704,-0.24895153663285174,-0.2817146151717427,-0.30206368953607343,-0.3043130378111861,-0.28432975808424554,-0.24528686468693595,-0.21411292738135948,-0.21946301307369354,-0.25911486396010674,-0.2725252713659929,-0.256067361131989,-0.238730627790424,-0.21414686957549398,-0.18973824753138324,-0.17044483740388539,-0.1591934427274359,-0.14564430533946426,-0.13546454126064747,-0.12643840184091973,-0.11225810127568449,-0.08896494421434337,-0.04649599799918154,0.011106343417091914,0.07013550263045057,0.12144864974471326,0.1795752288808104,0.2382424948770539,0.2717540446325257,0.2862985010994248,0.29840517278947865,0.3155420786691986,0.34504997067135146,0.38809474924634046,0.4351391998761643,0.4580310062016445,0.42736461489044414,0.3630292729037843,0.29905543044888844,0.26116602911422215,0.24488269780186855,0.24175821728979338,0.23985983909639216,0.24843496064942266,0.284215281039765,0.3386312205974662,0.3276326745933308,0.24508541589194044,0.1996701632260017,0.18961099863371275,0.20232504545108146,0.22797459148814914,0.2606188997641417,0.2873686758329112,0.29754439329181465,0.3030889617707337,0.31629872843250884,0.3386874006773625,0.3630462410146688,0.37788853430965774,0.3817817910550573,0.359639259625728,0.3007823399301057,0.23791913303126627,0.1898187677494056,0.1540291975385468,0.12123043190284122,0.08802194963354738,0.055650870235242206,0.022176928553392813,-0.013137017791089917,-0.06254099675921145,-0.13459337224899737,-0.21265930158206872,-0.26734617599748034,-0.2848778982084073,-0.2808676979653969,-0.2671421473375207,-0.24105259864359693,-0.20784062192402847,-0.18488582885625152,-0.1971649229199495,-0.2582866659411794,-0.33226184080182547,-0.37052822779194794,-0.38708808392354355,-0.4011530882349744,-0.4392942431631975,-0.5653905324401222,-0.8300581693860826,-0.8434999411629341,-0.7239694330546759,-0.6503694294531057,-0.5737750951253519,-0.48538899495226356,-0.40144787905705315,-0.3348179135962174,-0.2687555648710547,-0.16777428170641265,-0.06443948719732985,-0.009516539790913792,0.008439835624713165,0.004425979968909313,-0.007593950342752219,-0.016318588506617916,-0.018126682035114347,-0.013745988540239064,-0.00427969575385081,0.018906099308997427,0.05348591820104109,0.08089348895581273,0.10421519513677864,0.13075849586254143,0.16472501339600673,0.20954982123401464,0.26695410545568793,0.32440007107515334,0.35467483111306874,0.3332588318949133,0.273603479915496,0.20826721777277646,0.1382263888475872,0.061301312935580506,0.00035241542975164526,-0.011156864404806982,0.03418524173896479,0.10703225062978572,0.1704332686289023,0.20232475658397547,0.21756394777221164,0.2321697224552589,0.2466216555519559,0.260938434870445,0.2705028644868612,0.2692811995627329,0.25425024962119386,0.2242123840944744,0.1870525657768804,0.14721814057684718,0.10052694175024808,0.029604349211087427,-0.07169182758022866,-0.15884946549900425,-0.19634351462930208,-0.20411102263930386,-0.19950652999862742,-0.19421624891711123,-0.1888927499352932,-0.18108073768535105,-0.17447321910692734,-0.15591754751741493,-0.14357039288347392,-0.13430545873914632,-0.10800977004540875,-0.06283008604791393,-0.01328589332191421,0.022716447479894195,0.036128987070207806,0.022032786093768922,-0.016738860802360426,-0.07080438411479095,-0.12900595128615422,-0.17840701685826604,-0.21343070303247014,-0.24387516935031206,-0.28303857123926524,-0.3441184701245289,-0.4147849292187842,-0.48883272611202055,-0.5799325559315139,-0.651940335328277,-0.6652872450059892,-0.6138257618449494,-0.5207378099145656,-0.41318767142722174,-0.30899539928660646,-0.22654082501648817,-0.1798033055653639,-0.15531021038071288,-0.12489838942193537,-0.07600019585235626,-0.01810174465620526,0.030326686382548734,0.06321639424854932,0.08253299476735579,0.08664316594414125,0.07651243815740154,0.0623888862675244,0.05389996518106726,0.057194307136748085,0.08462417758406181,0.13655205604319243,0.20475573380340126,0.2670649982567422,0.3055616545757541,0.3220083520795034,0.3279393447541825,0.331401559515129,0.32466128021741936,0.30510604168931416,0.28146212763295103,0.26260688846211017,0.2532478279844771,0.24754312202228831,0.24020757375503607,0.23054904262856857,0.22328126799948791,0.22103040620728232,0.2267389356604866,0.24095988491540976,0.2541950996694199,0.24373738718508195,0.2191294708624385,0.21600583021989958,0.23490055311854072,0.2702963081356755,0.30782110937836776,0.3241071616163191,0.29254891531930527,0.20718678928236658,0.09916808838799983,0.00773348574929223,-0.052536420454981934,-0.08346337162984023,-0.08826687966908538,-0.08056589223064643,-0.06813770022867771,-0.04971860930835196,-0.025367534892115687,0.002581914376541977,0.032924532498168436,0.05308799665782715,0.05184636709856919,0.02779038427687468,-0.005447662878858087,-0.04476915389047652,-0.09422179360234904,-0.14807390977833682,-0.1969790190948074,-0.23480269978146634,-0.2588209647087452,-0.2599191521572931,-0.248972604285199,-0.24401370496795569,-0.256973389970452,-0.29069542488910655,-0.33445576519818637,-0.3829035113844091,-0.4270040547007413,-0.4448432812562418,-0.44158450959675455,-0.4232762423181342,-0.39913559562085815,-0.3645051174117946,-0.3189110192644868,-0.27204941423767426,-0.22608641651570077,-0.1743985760988943,-0.1120601643118273,-0.019140430057161886,0.10378584481296059,0.23754802756214524,0.33730837132054886,0.3508532210749017,0.2980092241691063,0.23516382769924693,0.19059057790281278,0.16433564592556357,0.14913976367084297,0.15298365899912655,0.1738604198351478,0.21588102352812005,0.2704980172454934,0.3202904366894227,0.3593881652561446,0.3927393936328111,0.4234282715286849,0.4251934791632738,0.37137707600106207,0.2884080652074347,0.21999220877934036,0.17722748631964025,0.15497938324889463,0.14372112835932677,0.13957398797329862,0.1375286462288319,0.1425345526136954,0.1829901872173375,0.2745786748391547,0.3490522737717921,0.3553620855445887,0.335551857231028,0.31223078096023854,0.28890638151335984,0.2616060510770543,0.22685289267671097,0.18523430070297897,0.1319180550021229,0.05441541779759211,-0.07940059803344192,-0.2940309367927565,-0.2982606286251928,-0.19251358036382124,-0.11179105418135898,-0.053231294917128864,-0.011469133388933303,0.011332690574596136,0.01578224019686357,-0.0020797040124124894,-0.04557982245028089,-0.11002026897190147,-0.176036060828184,-0.22480256237710133,-0.26385818255367827,-0.2911090157511887,-0.2979103117443719,-0.28672893330504484,-0.2663960215776744,-0.24687691069591686,-0.23453131174436648,-0.2338051349456426,-0.25209684401138543,-0.29270532359197404,-0.33474376479242435,-0.3546965735257653,-0.3604738752115362,-0.36656116720074466,-0.3809925184965859,-0.411428971422811,-0.46152111690983255,-0.5274645791881905,-0.5620587068475371,-0.4900529906649636,-0.32038280347104175,-0.17061558969845875,-0.10203046409383926,-0.11047360496727428,-0.16840227001535646,-0.2269068569237391,-0.24914284844093584,-0.21186997656669335,-0.1273393625943666,-0.03451605939098556,0.03523160463297136,0.08469535789455154,0.12400667828492766,0.16122783047300307,0.17382034757033069,0.10635417029270011,0.05614471735625598,0.048016824451586254,0.07207916086073253,0.13165648420350676,0.2233526658770983,0.32487404097364686,0.395750203908531,0.426370639883973,0.4303734589932338,0.4169039854002983,0.38956169122289674,0.3533694556639981,0.3264630550749152,0.31632245901483236,0.31795219337012787,0.32196940264065727,0.31698276651520063,0.2955556009316289,0.265730455201301,0.23606202350863587,0.2100179954966463,0.1997330724668465,0.21558077057374284,0.2579145276536655,0.31770704148541684,0.3772790598009751,0.4058201971121639,0.4095565219263203,0.4030066339563774,0.39106493210492976,0.3750932551476756,0.34332229058400476,0.25187348315929936,0.1463895617934148,0.09961091111994021,0.09207743599839546,0.09149851806598065,0.09179458705938287,0.0828953303289479,0.05598173863930491,0.008037917314060325,-0.051805922555850765,-0.12247165765695138,-0.1925074293534519,-0.2491169020869888,-0.28574712026746246,-0.3127324438589286,-0.3365259495252885,-0.35985552367122126,-0.3917304576362791,-0.42446319890754747,-0.45230158258918735,-0.46736217065705415,-0.470987902686647,-0.4626551319232684,-0.43876245136726266,-0.39640963635476056,-0.35018289168986,-0.3209470797975382,-0.32505344519786383,-0.3519844448352676,-0.37916684675930706,-0.40315751598182137,-0.4311084460999886,-0.45978554781718256,-0.4816305585893003,-0.4881870986953443,-0.47122361361684684,-0.40300933201467143,-0.24649719328150804,-0.02220862074183526,0.14507409147170752,0.21378323052939838,0.23503462983374787,0.23088537907484238,0.21317323940929958,0.18922362702758172,0.17010539231818872,0.1725005683279047,0.21302060330576367,0.28526972464321787,0.36455163977746186,0.41981149608707413,0.43988201960237816,0.4361142831269693,0.42659721920823185,0.4232876271902272,0.43118158602993034,0.4359870940175981,0.43054194790340444,0.4091165481697348,0.3814328631714198,0.34763995341033976,0.3028196463252945,0.2526923187622844,0.21704695228608548,0.20587955872442676,0.22688088902159453,0.2927209400931023,0.3936465275759944,0.498744578806649,0.5847389667466141,0.6423124889781083,0.6718995520727851,0.6771436197988286,0.6561681535337077,0.6203276514672107,0.5520219352582145,0.42537313858285336,0.2575236526447399,0.1005023964335404,-0.020494821975981653,-0.11773237728880805,-0.19262842862724566,-0.2388575037186597,-0.2527197690568991,-0.24024381232541767,-0.20064138770612217,-0.14569279487592182,-0.10454712194112473,-0.10344766004282552,-0.1480439718908866,-0.21269793088285052,-0.2836511561196675,-0.35889532373864724,-0.4296686217284578,-0.43547567704236523,-0.37164923325276517,-0.3060284565343983,-0.2764887958858894,-0.2928293037291403,-0.3585262483777755,-0.4447174517128067,-0.4580795070972146,-0.4187300694739507,-0.38257874537101166,-0.3572855890833164,-0.34149319590369315,-0.34440663961760476,-0.3724818043302865,-0.4190643197151417,-0.46835910245359597,-0.49793639187418465,-0.479989561605271,-0.3905486910268177,-0.2472779825956915,-0.06779935334241668,0.08514858619671072,0.1655501559035814,0.18968557165958427,0.16977904218380976,0.1298533812914114,0.1033583769736645,0.10550837864793328,0.12531906788205918,0.15194375390916992,0.18098686472684267,0.2115207245841208,0.24142040386575137,0.2559284102770925,0.23218188113559846,0.1964138159454145,0.18770253454185284,0.19760552932928627,0.21298388066107582,0.22253743817349886,0.2323161021585327,0.24580696969603377,0.2566418275391641,0.2621516107563978,0.2608643743131635,0.25589629565233674,0.25492345799971766,0.25955351079745387,0.25533305986485627,0.2087970492463662,0.1417322128120665,0.11442265437216627,0.1628150102468366,0.24346393563834534,0.23701978021706252,0.23789901164085486,0.2526194917616856,0.2750647693447577,0.29814793013067215,0.32292827513967565,0.35473666006658655,0.37952204672802303,0.3532506563673198,0.2836005148801538,0.21614325688855057,0.15878460364669367,0.10317495164107426,0.036746287565835756,-0.060897102369529645,-0.20955460021850217,-0.32179542963439983,-0.30592538054998547,-0.24593715231656338,-0.1698594226007649,-0.08313357284015774,-0.004866736003900852,0.03218896840629744,0.017769998238182844,-0.043365925015377664,-0.14879116258673375,-0.2805718098622453,-0.37891501244791653,-0.41589792220216276,-0.43046439736928355,-0.44520960067053833,-0.4629947263264018,-0.48179219910006105,-0.49672493436615656,-0.4914050977001759,-0.4744493980681477,-0.47265212469823054,-0.49259067764331693,-0.5289740079564456,-0.5549092443521176,-0.5399877192653759,-0.4986909075729731,-0.4736951788657781,-0.4980938789214339,-0.5605982816743589,-0.5561476831573108,-0.4876109302728367,-0.4303379728936186,-0.3903546073045459,-0.3568389502955534,-0.30920080672153094,-0.20757780994205668,0.015845092732162825,0.2143268546500711,0.26687420045479654,0.2501796810465748,0.19890927959298155,0.13213886804234626,0.07567909487440883,0.04758603992749362,0.04179695032339245,0.05862112831062904,0.09066059898400979,0.1304447171963189,0.17169502663102282,0.2055854609417082,0.238628545634634,0.27597227835698396,0.32133915333542873,0.36438903667920686,0.3960484517948717,0.41892460136340315,0.4393420331861407,0.45554281135014035,0.4558517730971863,0.4331635119654313,0.3952533734340567,0.35733228294758934,0.3233913131346245,0.300568961312601,0.2901895941729208,0.27963237085513176,0.27168709497656957,0.2685751504903429,0.26100502808331066,0.25804855917970804,0.27700402366893334,0.3041490201394229,0.31825333044967596,0.3019470673278135,0.24557944981063862,0.14884737460299663,0.04877462490792772,-0.004478093288208954,0.02365997509076193,0.0909256943156847,0.12611943833418443,0.13321631762919078,0.12376107976549044,0.10383099651004518,0.07820315268527475,0.05150018618729089,0.025778525331977484,-0.0036317892241859323,-0.03786421767029945,-0.07732326865842214,-0.12069876635750838,-0.16251758058378482,-0.19922693691438675,-0.2295902149429124,-0.25235744168906676,-0.2657629722473177,-0.2746977565195226,-0.28702425819179467,-0.3081481785084321,-0.33348236407583953,-0.35254827660400584,-0.3535146782964947,-0.33973444675515596,-0.321013774655458,-0.3228702974309952,-0.34333757877699195,-0.36531554172809033,-0.3702591140099086,-0.35384827853619694,-0.3181038063216728,-0.2778162101117095,-0.24140070355488102,-0.19784221420789175,-0.1457977247453087,-0.08945178058966814,-0.03943455649785416,0.0015474733125882248,0.035899185833680555,0.06207197340470317,0.06965742795377154,0.04374559934502921,-0.006046490119802695,-0.03803637730819904,-0.03435400450453655,0.0032025077033739245,0.0728984091765404,0.14754131030109308,0.21391258925417167,0.28106222775354217,0.3580033567992662,0.42829361665012844,0.47324818113209494,0.5012548576304628,0.5079282946849795,0.4906509351307545,0.4591958223490238,0.42473647855427515,0.3970352088957577,0.3838461398696756,0.3798725535514216,0.38034831760078724,0.37675857863486567,0.36993828723919114,0.3703412478635187,0.36303606743293537,0.3263419802540982,0.27460411717240796,0.22214985163429574,0.17496009231628437,0.12265692010170876,0.04952062729970615,-0.02614504620181169,-0.06669945315604027,-0.0634467979119478,-0.030114755499843236,0.02710556225787701,0.08585767132526369,0.12113133023166742,0.1212401993818884,0.08433342595146158,0.007983329384801955,-0.08584734734597561,-0.15973370488930913,-0.1890205468257782,-0.17642586728620127,-0.1402887571492805,-0.09432760906981953,-0.03979340968657032,0.01393764169907956,0.05036478391426347,0.05624001358845033,0.04156650735263211,0.02087029968449874,-0.005865918636403364,-0.05217998709080016,-0.14123576055067125,-0.2675057747587278,-0.350777719379766,-0.37189955215766024,-0.36734210113284155,-0.35938553348201085,-0.34811272193012,-0.33648223138709826,-0.3219159831222802,-0.3144066007576578,-0.32233640332617164,-0.35007276845696145,-0.38890623809843805,-0.40299963889119617,-0.351966365591871,-0.2870884932520346,-0.25537198574498016,-0.25426126017156814,-0.26482194511428186,-0.2662062397423309,-0.25371107772889984,-0.2193351504075672,-0.16389303749398965,-0.10962997795877569,-0.08142179190068632,-0.07074900456384317,-0.0805907178563341,-0.11168747801647375,-0.16337693157659888,-0.22140136201431657,-0.2507739800369164,-0.2289409094672795,-0.15773236751729064,-0.035538616679006096,0.12523175436149966,0.2900026180359914,0.4132270228842757,0.4844729680312232,0.522676308612478,0.545770644578773,0.5610101561405008,0.5703007314334756,0.5728134371952911,0.5612404963994089,0.5345594784528408,0.4980100699195145,0.4571141354695629,0.43407625101691427,0.4550573632958933,0.5397363820638434,0.6668824726465256,0.7465017934600103,0.7754376455935404,0.8052440731058209,0.8213739616578914,0.7386355493025238,0.6116499114312856,0.515760432012691,0.4449548264150263,0.376335981976139,0.30432211714653007,0.23425914919458712,0.17522444545686106,0.13054235317174698,0.09627628478483267,0.06135403445925,0.03301658098877182,0.02184565797921554,0.024229938328148078,0.018589313972436596,-0.00993136650615437,-0.06903368683468453,-0.16609600605549463,-0.2882530871584396,-0.3663916139406432,-0.39616224035706626,-0.404161190054245,-0.40734901474819446,-0.4177267050675787,-0.4331877486079582,-0.45295791802886154,-0.4606711882196479,-0.44095094248479005,-0.4049895293231913,-0.36298097555076,-0.3125407322942423,-0.24478542749228244,-0.1729504449930124,-0.11754452794381152,-0.08333239557280567,-0.06545686385336688,-0.05446719471011906,-0.043836998457599606,-0.032660245620145564,-0.016551767702896437,-0.008211487597462012,-0.01158804769356687,-0.017516466490392766,-0.020803553908847996,-0.017485128178209408,0.000282057596595702,0.039647405847696764,0.10627747294321464,0.1833068547253844,0.22862139734854708,0.24154372880907032,0.24146697745425594,0.23657000283766258,0.22590560198308693,0.208315616715583,0.19434626599233207,0.19247543134673423,0.20368180884144635,0.21827589188700303,0.2143051593065713,0.2005306435770013,0.19810327295878868,0.2048055644666773,0.214356514132309,0.2199476604664236,0.21844655808923116,0.2140207661195526,0.2179993784616042,0.23495848499249442,0.2626878075712136,0.2891979747375566,0.31014849258625826,0.32351005595304927,0.32553734560431163,0.3137237794528041,0.28737622932125434,0.24841983469369644,0.20566268007775385,0.1576787300728185,0.12412876186135799,0.1333501842231251,0.1772375307841262,0.24118235828346454,0.3123978361274959,0.33442187361489123,0.22205413335547103,0.09364675247216253,0.010392068676331948,-0.04334745351702709,-0.08755581561312616,-0.1246292213540276,-0.13846667240515323,-0.11497717243231473,-0.08976920064124819,-0.09198434360182572,-0.12044480571352591,-0.1677489831536944,-0.2202022502387755,-0.28401448858522044,-0.3578896967102506,-0.40840140276510317,-0.4144051103273454,-0.400817300409051,-0.38862253998586466,-0.3909511849273055,-0.40113202310697255,-0.40776976653110913,-0.4017816330227014,-0.3838913434554767,-0.35141405473329734,-0.30086452125954144,-0.24474887188914088,-0.21326892420625826,-0.22498641779547315,-0.27289109431875863,-0.32674952629076903,-0.359554103885572,-0.3652263730371849,-0.3549860075160801,-0.3477576356965042,-0.3637087552101353,-0.39134393188039973,-0.3582151945176032,-0.2757020664113981,-0.19596813270333507,-0.12950845769772484,-0.07056727273021492,-0.020695249013134975,0.021678670605414452,0.05399066045774063,0.07228339203109335,0.06742140046916296,0.049236691853045494,0.0357508872519833,0.045954829920027584,0.08371253059541908,0.14192266866080214,0.2187402970603778,0.2981729336218464,0.35333930755476245,0.3777634954210232,0.37960544593440715,0.3705077812366915,0.3616778138137832,0.3552190897111502,0.356329717077984,0.36218390568126135,0.3699295116284935,0.37402521127613564,0.36878401135859146,0.3578424685432987,0.34851300129609,0.35139471786303034,0.3717917332629751,0.4110191662922626,0.4607183056440999,0.4825625530030409,0.47197918892196294,0.46319858265554287,0.4820440247031048,0.5409805357652734,0.5316816093449674,0.2856869840658271,0.08027734164486382,-0.028633834341340973,-0.08149222446238853,-0.0965341235824537,-0.08876328393990807,-0.06465056655798744,-0.03113893895025868,0.0003672125379653313,0.01070398360011386,-0.007119582959299778,-0.03383781233708483,-0.05925728356227828,-0.08594460371297859,-0.1069981088224696,-0.10847340868163279,-0.09791163467046439,-0.0942929300453189,-0.10955779393452456,-0.146703840672776,-0.20003447857744017,-0.2486526721649079,-0.27859920928782317,-0.29654009583713525,-0.31227477423882255,-0.3250127634895986,-0.3316283005104215,-0.3260895677100914,-0.30593653824260847,-0.27364100222004434,-0.22675665067891435,-0.16895934257351103,-0.11947494115869103,-0.13052699339511523,-0.2489235719184524,-0.3991469227564635,-0.4688457710973585,-0.4717041901437833,-0.4219743637143518,-0.33074627892970376,-0.23625154169639562,-0.17287653671789938,-0.1340894944879201,-0.09689783276324877,-0.060712109795698334,-0.01784241487327451,0.03096067508626293,0.08448699846105794,0.1352131452851746,0.1806461783567816,0.22036714250970502,0.25904573766281574,0.30010582191438195,0.34438592501259824,0.3819807692821886,0.39463116700189066,0.3917603535576352,0.38007981676714914,0.3704041928001694,0.3738815456626445,0.3886631278982099,0.4045320873534476,0.4255321851589767,0.442482113103166,0.44716174722737057,0.4478517163272456,0.4501662083296824,0.45951930387114065,0.4736703757307236,0.4738676249746924,0.45465027665637836,0.41717396142156626,0.3695737933160784,0.3297654822282062,0.3016007357543023,0.28044039597195436,0.26868331283551167,0.2627253045008283,0.255345007729438,0.24713586401359464,0.2379764767658507,0.21988371433982518,0.18706666435255812,0.1362934474763881,0.06388683994088407,-0.03878012378083324,-0.16130873970924728,-0.2511155206446657,-0.2989303420634706,-0.3329860020407019,-0.3438780878594005,-0.30693792282027954,-0.2585405773338069,-0.23037962725899258,-0.2155045234513165,-0.2057958048222482,-0.19409161082814835,-0.17647437613946912,-0.15260743789457992,-0.11703039601136957,-0.05881029050865166,0.012243849866059031,0.06727722945459247,0.07787991052221,0.023424807157607155,-0.10244769710265882,-0.2596055635670276,-0.3703491541314757,-0.426327451699957,-0.4450322089991813,-0.4207543860947172,-0.3803354036187607,-0.3725035614324311,-0.41247677852042364,-0.46798431882347596,-0.506059778543938,-0.5071156722850767,-0.46981619821181,-0.41770635009688206,-0.37141673018470184,-0.33141688361519483,-0.28002850821813213,-0.21008283826000038,-0.13848774836809008,-0.07784000225714202,-0.032520041508659024,-0.008612778415422183,-0.014519066303485827,-0.04336548870622778,-0.07914889307333027,-0.09542873903913064,-0.07777446546079982,-0.020455814483452905,0.07005175471951723,0.13899295286345761,0.16693648422902052,0.17298355802536952,0.16828135235977904,0.1620655330095761,0.16526434281483424,0.17656284724744375,0.19329615649729284,0.20782113705522873,0.21428638861021984,0.2153452224485105,0.21290649398924819,0.21400699892187589,0.2220624258886177,0.23288498688103146,0.24520871743808545,0.2576002924293042,0.27457341978734406,0.2933086675145408,0.3067094647491994,0.30940086630160496,0.2945675943824746,0.24757863989935533,0.15911162408644858,0.03243521191340639,-0.08574689818052793,-0.15201677098652777,-0.17675023897196965,-0.1775867133382977,-0.14890809874250954,-0.03868123413289143,0.11401377239167393,0.1778481716897764,0.19170043647764043,0.18562309518314593,0.16693986958834123,0.12748221293319795,0.041996786774612355,-0.07571343803426532,-0.16011496289385668,-0.2121355722672328,-0.2522459753344569,-0.2814865066287399,-0.2867032491241189,-0.2671961160371403,-0.24620178340315366,-0.23680272562108298,-0.23333875071207033,-0.23389766753053406,-0.24231630701928786,-0.26270958916492604,-0.2995531711904971,-0.35485422708589187,-0.4142531060044559,-0.43259549264031566,-0.35201370385075614,-0.24079997002593256,-0.16619774518555624,-0.12540898537676848,-0.10692264886769082,-0.09901186791208134,-0.09830805863550184,-0.11276227054837665,-0.15471573657136545,-0.2106163693081451,-0.13504126134363914,-0.06985827173288314,-0.033495190753446986,-0.004123160580414936,0.027557006170898297,0.06944200570183263,0.1359515394382356,0.23760669668108653,0.35521966910710817,0.4111248434572284,0.35834561438677665,0.2648580007383158,0.19656041158314821,0.1686643566469591,0.17626594407701743,0.21143418876003273,0.2545725319625453,0.27862274876398585,0.27569181251928165,0.25582290988233203,0.2223411288155442,0.18534336888372036,0.16808461582313108,0.18820048171930875,0.23836815487658627,0.2756743662874486,0.2826735844365617,0.2736082308025557,0.2579545410674559,0.23755979183010606,0.21793912482458166,0.21695449497066652,0.23566410945210198,0.2611265048245902,0.2751873321905415,0.2751312917911183,0.26662936433149154,0.2581179039980366,0.25065311281441144,0.2401298762908674,0.2253070734764077,0.2048298644594489,0.18149154151003843,0.15209675439306972,0.11480772481907503,0.08368886148442457,0.06761258305153874,0.06310919806711567,0.048488722133877636,-0.01183535192220422,-0.11806343356465733,-0.2052453683969765,-0.2534453256274879,-0.2864940517967258,-0.3140880774672332,-0.33653528689111967,-0.34996473370687176,-0.3450292540589114,-0.30527506126818044,-0.23206836874759348,-0.1585221267478909,-0.12528078466262219,-0.12423115616721335,-0.1332115182894973,-0.13734956746770527,-0.12343142733658433,-0.0678904596506464,0.045288422477659476,0.16743766869650034,0.2301289879727017,0.23222278751469694,0.19503162284466752,0.08610757056385869,-0.12711701414165372,-0.22056119009594058,-0.2239752599329721,-0.20355126520354364,-0.17390206586337822,-0.13902238433084574,-0.10037349974083043,-0.056719047788664934,-0.014340634393565758,0.020295309340107332,0.04218262249389633,0.04843560313251701,0.046784418320040703,0.04373292685917901,0.031770907632231754,0.00745701915828352,-0.02874606000122821,-0.07055449850983263,-0.10529864834439467,-0.11938341435985189,-0.09299140992718674,0.0022263522996995018,0.16505754433391218,0.3124225241573261,0.39000114971167277,0.4121732603384783,0.405756781283937,0.39377838592960906,0.39101151359426367,0.3950635962145566,0.4015730214174731,0.39893031726441047,0.372185240025105,0.28574893873537477,0.13667718336728918,0.008202426953869912,-0.03798156126639692,0.013933936260507474,0.12502282728313788,0.21393626635023505,0.26362742436688985,0.29578225984887163,0.32705813553850577,0.3589556625118888,0.3532444953582818,0.2635929200475891,0.1393364392662571,0.018889926218852545,-0.09506549789215352,-0.19976003358986968,-0.27750324908042634,-0.27578953251501925,-0.198955448215932,-0.11117884912963527,-0.04142676870381868,0.012348087520328505,0.052879346128614994,0.07621915748376841,0.07423994949043572,0.0339021600533081,-0.0554004895809206,-0.19871153604962158,-0.3444438327838249,-0.4296706736835579,-0.46133549255950557,-0.46380799105296405,-0.4379557554948045,-0.3801204733258164,-0.3164594334679055,-0.2818130306038431,-0.2906820037347176,-0.340705138887724,-0.41165559104791016,-0.47794073974257784,-0.5113565150581565,-0.5108071839078316,-0.48755335143115164,-0.43614105244433865,-0.3443558874152216,-0.23952194530470425,-0.17807762210607447,-0.17011392832406455,-0.2275718298690806,-0.5075767629514053,-0.3285166929999704,-0.10390054726851736,-0.0248928054913264,0.029179532827212258,0.07979891745441828,0.130863666110362,0.18622397662190882,0.23936367008159656,0.2779088962152209,0.29765092825899503,0.29875385225868384,0.27782482220344223,0.22348035456404222,0.1311943614817834,0.030533868966375433,-0.027971334527863972,-0.032513734716890105,0.018046227572581463,0.10341523076350793,0.19200177772516874,0.2656638849948379,0.3176752846594765,0.3164008407417558,0.26357692002971994,0.21071775021798397,0.18569364085589907,0.18641424857767996,0.19775366472399092,0.1988427569137705,0.17752286552570412,0.14142128264700168,0.10260768672674321,0.07197412710037199,0.05268903416178492,0.0436412465388948,0.03685635663913091,0.028235874159370136,0.01917729978635332,0.01136875460113602,0.023061668277788373,0.04992849009924453,0.07976398981060788,0.11578025019920747,0.1559519022199092,0.19088598957269393,0.21125257661944977,0.2061699456852426,0.17865009323830267,0.13099623768116145,0.06808470349940196,-0.0006594497435392348,-0.07011518278052908,-0.13414113315312606,-0.17428239091809775,-0.14968149156584415,-0.06628018854568112,0.010543580148089675,0.053934598524274485,0.06498758044378644,0.05313051024659247,0.03321838361609152,0.014998596981897717,-7.30884435728444e-05,-0.015337257323993355,-0.03558607561320167,-0.06727938693239212,-0.13459425281187667,-0.30222723200324914,-0.25396689671551503,-0.16744275598528346,-0.1379960550285952,-0.13385616786614576,-0.1482892772652419,-0.18527871526745016,-0.2568057935926443,-0.36623789820197783,-0.4737816265959736,-0.507510915155787,-0.44841241878569804,-0.34750467246469813,-0.2576166596852963,-0.18567880246992913,-0.1201776629761303,-0.04694399910889294,0.04034868489561335,0.1318733372541075,0.19971125437863937,0.23140103169418635,0.25828656567324687,0.30618292106071154,0.3764216557594384,0.42534935272665375,0.3715412550887965,0.26146019426601447,0.18203000043453035,0.153155799696003,0.18214626995846772,0.28431316568663084,0.428835934444927,0.5319479745760529,0.5570183389048146,0.5349713866959878,0.5020940953446973,0.47125983092583723,0.4463914512314205,0.42938968472819095,0.4200935625605668,0.42063742267422344,0.43030784963646135,0.43727009985951265,0.4381593298616949,0.4422233043734077,0.4574992121809749,0.46814776153903565,0.4338686041350077,0.3431303303294522,0.2670215517398217,0.26254256310829593,0.32449241627188413,0.42526470059466936,0.5180049150438404,0.5322273131154466,0.42346947141263824,0.2145779148875843,0.0044302541166169355,-0.13571610621676244,-0.2036061006289842,-0.22756161322894206,-0.23071058324035773,-0.2283152722393906,-0.23450550295344186,-0.2434876614051509,-0.24930107140361338,-0.25547151679567853,-0.2679434349768001,-0.2916647094059022,-0.3256140269533729,-0.3319860258686924,-0.23970057030491573,-0.1256243447630272,-0.04798739136281759,-0.009826867251137978,-0.03166647444267962,-0.15652848572192107,-0.32523467293448527,-0.4170920031826153,-0.4669368936894984,-0.5036678761934658,-0.5323243101770948,-0.5480025516663595,-0.5239842799853912,-0.4349260991220563,-0.2961045691915838,-0.1610051733406996,-0.06112974484939922,-0.021603330001484893,-0.08669837455251167,-0.21319087363823444,-0.24569210023006505,-0.2517749329689587,-0.2532016954937899,-0.24764285790388443,-0.23091110793621603,-0.2055612487611617,-0.175366636126834,-0.14602974312614672,-0.1177958698822563,-0.09227737556076865,-0.06828612859407439,-0.03797487630974698,0.01176865909669284,0.09232537100583639,0.15206539502432428,0.12785925337696918,0.08651996707666543,0.06697322405357697,0.07388237420958625,0.11763001890048794,0.1981416562519396,0.2876398726594737,0.36136966423303013,0.39457312501051167,0.3868269193167234,0.35387802538314855,0.32234256232817593,0.29808431430662363,0.2843191631783991,0.27721665850497823,0.27308706881482614,0.25976508316969854,0.20545848887607715,0.06847373191792286,-0.06748471249724933,-0.15498530703357172,-0.2220116813337926,-0.2825811928873246,-0.31399091881497937,-0.2003624826655273,-0.014460675697832949,0.08992425541809723,0.1493888206271234,0.20035148943107198,0.24770278956533348,0.27902538453488496,0.2941294155955391,0.30958272053675506,0.3434046335772235,0.4021714821581123,0.4396441582988975,0.3578066354737769,0.21095695021984642,0.09110730611627854,0.0016277230159971016,-0.06382408322325192,-0.09817776861349783,-0.08833309761895736,-0.03953683093170079,0.004213949081674834,0.010436085837340908,-0.015165459194578962,-0.06490622050629646,-0.12307450967541074,-0.1585545139924708,-0.15894693618559422,-0.1263514151770437,-0.06455908838029609,0.021256382568404012,0.07815492233098442,0.03299430067188284,-0.05061139406990992,-0.11827403365245154,-0.1597699790643824,-0.1792117408489235,-0.18056524939796562,-0.16463722266347064,-0.13695012544117388,-0.12242985718906776,-0.13757633355691906,-0.14927699817964765,-0.13104217355738926,-0.07801456851108116,-0.010609926620894565,0.04259582619879247,0.06539418026750032,0.060000632486276476,0.02268095463372494,-0.08159794434396261,-0.31618837693600044,-0.3316036715621706,-0.2478602339661006,-0.18811313814863542,-0.14107555524958634,-0.09719993309636339,-0.05626132272438731,-0.016628410204746768,0.01917130576415885,0.042327379187397776,0.052190573992972424,0.06111598245722526,0.08291202643574141,0.11647047893247588,0.14826334548607564,0.17327723748639218,0.19356469054937325,0.22166925183317956,0.2614629857400848,0.30522292730860995,0.33160017665283015,0.3481860024351098,0.37499526611539485,0.4182370705017863,0.4645576560987577,0.4890746273284248,0.48486351577574655,0.4700398926390164,0.4544841079115553,0.43031790803635933,0.4062774841077978,0.3831485541495243,0.3532970446471814,0.3159322578510562,0.27436591661023724,0.22697275067025927,0.18533757967949757,0.159719828680352,0.13499769826507294,0.09878340839820461,0.04751622658391233,-0.020681602171597625,-0.10603929015434854,-0.1945784333250206,-0.24363169108948945,-0.22168410355641396,-0.1541711281710387,-0.09499572001362633,-0.06925429855892024,-0.06871444884005101,-0.07554298417669277,-0.08547985427695567,-0.0989461192423945,-0.11465208423694047,-0.13545948722796033,-0.16408924668107702,-0.17867160205015298,-0.06647277246250949,0.002309702354309279,0.022655305608448605,0.02234768893067366,-0.0023771839602761556,-0.07109458528976928,-0.22238058482991963,-0.43334953817745625,-0.5132343278113376,-0.5038543457079712,-0.4851539640228965,-0.4642429756859326,-0.43030984275082784,-0.3779641204489374,-0.31962856630991254,-0.2513041014530733,-0.15373742181936656,-0.04538540340020349,0.04088555235053308,0.09652145193982499,0.12206614458728975,0.11989546455022922,0.10721205982130917,0.10108534421230786,0.11456575068122303,0.1509629452169912,0.19614479155551076,0.22287801673573007,0.23717194473609438,0.22914302993486255,0.19615554967640053,0.12606237660455616,0.04068871970285853,-0.01142095492331734,-0.005318223269284403,0.04712178045624248,0.1382473303426257,0.2540419469070366,0.36128915286706453,0.41425930883808143,0.40441468070942493,0.3688895577593087,0.3305801953916448,0.29380384264528914,0.25802308839853255,0.21752465401379484,0.16452194495986874,0.09358756008261024,0.0027479026903107022,-0.09597152108401134,-0.16916928714338203,-0.19139730726953783,-0.14218978445690092,-0.05302183176065668,0.026788016823170037,0.08748126595304076,0.13460672062611456,0.15911212777137385,0.16057757160605804,0.14572730192418512,0.12884264317403124,0.11199592399182978,0.08279843395983696,0.02613665674271594,-0.04790880116822846,-0.10948340520626153,-0.15465500696281909,-0.17665566265602473,-0.15746021753091013,-0.10004433152300778,-0.026865902248723227,0.04347435940985156,0.09210617645758087,0.12140064225854309,0.14005602844618398,0.15301577468078884,0.15276175865589361,0.11397187435770438,-0.048534787202440414,-0.32807335506491025,-0.36845823893402546,-0.34191247658147833,-0.30321853731930243,-0.25776107840978063,-0.20854679889339606,-0.16564223328652103,-0.13682273995368427,-0.12967679450513328,-0.14313013529367052,-0.17536086668578052,-0.23280367581459405,-0.3219426651725672,-0.40611630644618923,-0.4234512211298515,-0.41237006604918996,-0.40570204530655907,-0.3967869176933797,-0.3664217723307598,-0.3095696466967637,-0.2407796851667131,-0.18055719328635003,-0.11981765919067731,-0.044406539502134905,0.023770286389686673,0.06738218268183592,0.08768030439613919,0.08720817318560442,0.060906362368762866,0.00530473675811628,-0.07361985528180112,-0.14872979137339612,-0.18113971098670517,-0.15264136708248338,-0.08327652297038822,0.0018221604335790214,0.08719448296400535,0.1622670670072282,0.21283479376777215,0.2217002820496112,0.21832325535406602,0.2358616695941435,0.2668457308303097,0.29039937627332396,0.29297107554807666,0.28238656890227626,0.27149358656816935,0.2650126122743522,0.2610175761302422,0.2518732231401335,0.2092985831493078,0.05699777584933535,-0.07628364447154151,-0.06609619986307289,0.025869107386728214,0.155926523359534,0.2741240775120722,0.3566447428996318,0.40191395670656654,0.4077465319970268,0.3514431642514387,0.22359561088796784,0.07219471277989756,-0.0511870359149013,-0.1350047328915669,-0.1625987880887215,-0.05202901019930341,0.11861962756378756,0.18686259779746864,0.2008939319007817,0.18033697259716927,0.11112726784102549,-0.015134379604759106,-0.12060074385770703,-0.17036105990442652,-0.19296262257659894,-0.20338462073181907,-0.20213179929584216,-0.1865427259030278,-0.15607423970446865,-0.1259483737762575,-0.12298662988919569,-0.15020659678023296,-0.1870740762796332,-0.20378029483342852,-0.1985703518180294,-0.18645086355664695,-0.17080385899826644,-0.1420870018775893,-0.08857076577323938,-0.024010580302726216,0.018257482957802922,0.01575127472078471,-0.014930655637966942,-0.052577402054179705,-0.08068073379487167,-0.08335897055407208,-0.0501790919507885,0.01192795861692188,0.08096110268780628,0.1371021896513563,0.16532663489176805,0.1701650893822723,0.16284282434296218,0.15066561388459215,0.14016675013459692,0.13991350589486434,0.14864669498782726,0.15543834321270755,0.14857461922377024,0.11354614693068137,0.040813198874923295,-0.06447385786370528,-0.17433796662087286,-0.25423537429263426,-0.2772544370813066,-0.24989086416841325,-0.20293050571130122,-0.16566584049839442,-0.1385895415740181,-0.11413460111927733,-0.08841478243608693,-0.05418687038311353,0.003254277242077923,0.10799217295856833,0.27070224049023495,0.4098121663246414,0.4473091107145156,0.43471258231552884,0.404531601940528,0.35581686481950675,0.28489905995348724,0.20394133283949042,0.12496714304013301,0.029095558340628488,-0.10082226480280486,-0.13155990099089757,-0.09882366543949349,-0.05522651231528424,-0.0012603821638367484,0.06137660009423179,0.1255310082052477,0.17670715113329927,0.21216927048955017,0.24010014349575784,0.24916357698520497,0.15798083987161188,0.05400735269219158,-0.0003902779890028978,-0.03006140907200414,-0.04948936308132641,-0.064126106636942,-0.08086331487222814,-0.11441372286838704,-0.18376221129284032,-0.29062756890504116,-0.3791093816877039,-0.4127237586459464,-0.4132006184399895,-0.3952436906198869,-0.32837034391619196,-0.21176669982425864,-0.1220588978249252,-0.08739140432583654,-0.10244028559993498,-0.16409457715356052,-0.26609030850381105,-0.37890939827291786,-0.46633174230853297,-0.5075119627906116,-0.4895850393380498,-0.44034383134491045,-0.3957135592068183,-0.36768863250279227,-0.35091595012668986,-0.3344876097720486,-0.31461210149680924,-0.27982292781264856,-0.22828077709795647,-0.15909169670892737,-0.09193291938051966,-0.05410601013059915,-0.04872538369048397,-0.04521852964936224,-0.023727672211384703,0.019821010437042888,0.07625303679474871,0.13017295095755238,0.1717299189227446,0.1970098430397188,0.210347934196749,0.22878583944986128,0.25461677267691724,0.28462831122986365,0.3261470774966973,0.3762522760278382,0.4117088819345181,0.4124128756282323,0.3944796241783751,0.3842615920991263,0.38727862171662597,0.3980482455244183,0.41758768974752125,0.44459016508989646,0.4611005333087557,0.4592769423922677,0.4537093769047034,0.4633789066565744,0.4629961077460997,0.3647415071056518,0.2169040173625744,0.13389687707451517,0.11541497296182049,0.1475385195897052,0.20664413527427117,0.2501142008101453,0.25627522220782,0.22443192315145355,0.1683340163980151,0.1018047886952863,0.0516645792993852,0.035726026454472315,0.049387668425712856,0.09428533296599835,0.16456637880088915,0.22634918239473759,0.26803963667198727,0.30417449195665164,0.33226567878158636,0.3187117327657318,0.20677093287116186,0.028801078714072247,-0.10857089409881664,-0.19587763823171458,-0.25642506639537316,-0.29628880077786046,-0.3140045656505049,-0.295849640237342,-0.2438133298227272,-0.18013097105408557,-0.11748326928990863,-0.06574710993712485,-0.045066949753374115,-0.05673937046542146,-0.09592058405657615,-0.1582211785835934,-0.24008550722868005,-0.3370027676376253,-0.42500483754482316,-0.4470694732019947,-0.36288259749375645,-0.24179232810480075,-0.15654710851320566,-0.1302889386924497,-0.17477213838724434,-0.24762632308784646,-0.24748640516913664,-0.209436940475647,-0.17416147956486383,-0.14406003586308078,-0.11805469682281378,-0.09862715804358592,-0.09055449657227536,-0.09834044885238302,-0.11468798342591652,-0.1245797043707391,-0.11269709602994887,-0.07134138871051021,-0.016242661105274402,0.05386279504589427,0.13617355994836472,0.20050812196839937,0.22910010746853832,0.21810164078735003,0.1937513467380139,0.17097194585898756,0.16994914316015725,0.20064032796358378,0.2553300735324006,0.32360166109328314,0.38276903815328245,0.4179553623234795,0.4291684982502032,0.41876198456426084,0.3930821512581079,0.35940757231923887,0.3275249449829951,0.3067269105414939,0.30460415563573134,0.3097128723660871,0.3093188964231594,0.29910259107229586,0.2861396295379706,0.2845286303893567,0.29822138111177393,0.3170041853375685,0.3351424000840328,0.35617724239133686,0.3829522440885124,0.4087357586683538,0.421031892167911,0.3969273521447026,0.3234372563999139,0.2200717726085881,0.12783441200761372,0.07076379545852886,0.03986276874854709,0.024410486841752694,0.016931302414071238,0.009754158591296927,0.00024225386171877728,-0.015400478637022964,-0.04235657149263588,-0.07010008584694427
-0.03240054160126005,-0.018087344425921335,0.0029071450449003554,0.008610108449264403,-0.01224888679105352,-0.05116424498482746,-0.10633417068605153,-0.1678655394402783,-0.22231447891686817,-0.2624685197693282,-0.29087191729442896,-0.31299996877006375,-0.3272026038573486,-0.3095248706842109,-0.22492912958319536,-0.11134713750434547,-0.02677344596322053,0.02012104005079731,0.03258209264424719,0.021458923281877016,0.019221526538645735,0.04621157317200847,0.10741836949170448,0.20555910121468915,0.30920054610603087,0.36847268565940366,0.3526139537206592,0.2669665895973451,0.14836004241593978,0.055204941861130875,0.031723501171867834,0.06951910092585993,0.13813917172034942,0.19339854090394165,0.21413608305025122,0.2080885624914895,0.17804450195605387,0.12981141461290246,0.06713432567279466,0.010714526007269182,-0.02781192302649849,-0.03993174227726867,-0.01154842683853288,0.05315020123725291,0.10784964404496311,0.13743822158697494,0.15087001725853133,0.15775044300400054,0.1540313816972944,0.13131567832931573,0.0923003562671915,0.054081844356635045,0.03245206207514724,0.032825123547131414,0.04837591583659673,0.05410239507894624,0.038631857513777575,-0.007881364910351399,-0.08589082219096186,-0.1877993196564479,-0.2558386907134638,-0.16400188391077924,0.0008950393554094882,0.1185436846044671,0.18358073945736886,0.21284136268132825,0.2226236300165903,0.21587612140717366,0.1862201984778446,0.11534632788965675,0.0033145509251246734,-0.1079031235199563,-0.19451123905791795,-0.24869878783711086,-0.2509550841923938,-0.20219701576201032,-0.14508065641498877,-0.10858149369648093,-0.09835127440495908,-0.10322335157392128,-0.11161238687781236,-0.11046944468875983,-0.09738922316293379,-0.0809971703262907,-0.07278203243967905,-0.07019967869715099,-0.05770872108907058,-0.020377211658644454,0.050287644326283125,0.12423792819859722,0.1720208239323606,0.18130363790428514,0.15737127285668195,0.10898202575489765,0.05262525828970823,0.01154241064613817,0.003456352889742179,0.02956228153574019,0.06255051104508762,0.05861694051005806,0.00848331742884064,-0.040160243326142674,-0.06545468531359311,-0.06259752036176687,-0.03904267171462024,0.002178060624896063,0.05240752751243295,0.07880829557015934,0.054260783419756445,-0.0026501431912014034,-0.044168355157272604,-0.052532728691464345,-0.032293808243782925,-0.001983296539564822,0.02081714736466697,0.02406642475716424,0.007322697676360659,-0.017793725890985185,-0.043205117334727684,-0.06830548691852367,-0.08275290347077054,-0.07821417693465664,-0.04299669478908181,0.02812494234645968,0.13770043477516083,0.2591111687020487,0.352942853271625,0.40747113155561226,0.4352761305009681,0.43890944349319183,0.4197300157187758,0.3754052417196416,0.3048644156780806,0.2212291405122874,0.1559474419686481,0.12073090686838396,0.09847523168188362,0.06868765215718398,0.023563711521001254,-0.041877275102351064,-0.08631157775087926,-0.08930226679447952,-0.07595549808213196,-0.06693535419485792,-0.05361845784926284,-0.02614414462432322,-0.006857768764063584,-0.006576070830505878,-0.018885972495368625,-0.04669339246398413,-0.07416845274587408,-0.06878208676950669,-0.01403148739960563,0.0467808518869041,0.09085872063071432,0.11940051519238662,0.14342928252450846,0.18241806941047195,0.26864097151508703,0.2603131751707763,0.13300681033275646,0.07844629523740711,0.05316685337600087,0.04094301907395884,0.03267185160720675,0.017284310576062663,-0.03044768315225804,-0.1509922868283969,-0.24934818285171217,-0.25745593161931285,-0.2377638603122426,-0.19667242620149816,-0.13400471918814255,-0.07441849346395156,-0.034711439388505384,-0.009608203137472893,0.005493910732009377,0.0013600614094337782,-0.03284961149583999,-0.07492244852172901,-0.10943836703200892,-0.1429777227975694,-0.17445455585776493,-0.19936605409630295,-0.20497696320779202,-0.18436883845895624,-0.14184686532668872,-0.07886747129458185,-0.004813592923716505,0.047075409051894966,0.054313874917653514,0.026834417202827587,-0.0034266518036301483,-0.01882174163142123,-0.024612990384038483,-0.023425882080197906,-0.012756114041187207,0.013292844419652837,0.03828836587653603,0.05576367757044097,0.07519244408600238,0.09175116005782988,0.09039219606605278,0.06647043195703649,0.04895346518019079,0.04664486217784129,0.06267346827816415,0.08797903539960945,0.10837012637483269,0.10012479308348962,0.07220340931065822,0.06292137591588044,0.09217803085872184,0.15026173073169477,0.2176931329758729,0.2710614682162826,0.2792880131992289,0.24618350031217875,0.19671089205573647,0.15445284829226086,0.12255172289225898,0.10112614214265622,0.09029025708857723,0.07716259954319729,0.05770164001740016,0.03431696350001111,0.028987993334883132,0.03966962747963373,0.061365401997374336,0.08017589841126622,0.08661751871446614,0.07066855695254859,0.03625932617447533,-0.0018141556295686561,-0.029806787548866214,-0.0435709148526104,-0.04848867553949386,-0.047511288070182164,-0.04595357939999038,-0.05022610189310567,-0.0714984381971304,-0.10891131258399091,-0.13155171653608144,-0.12340584324550886,-0.09664917199170302,-0.06525951482649325,-0.036864661076897454,-0.013100256756333108,-0.001006032736084039,-0.0006179250848657378,-0.006254525562277758,-0.01120486714389722,-0.013003340543053252,-0.016576128019871707,-0.02798727795351044,-0.04176084307007187,-0.03324971165196632,-0.005340137004408612,0.022368050177605264,0.03528537898015097,0.040952607206388915,0.0460161670435093,0.04227446497833256,0.020556747591838398,-0.016201120905193055,-0.04783871895308785,-0.06034746012270067,-0.05890126191144495,-0.03962602621800668,-0.00021368384144025137,0.05598490577768533,0.09740811591070686,0.1029157454222174,0.08485557713622931,0.057253558892745395,0.029307896171199426,-0.0034185830369349683,-0.04537612211844051,-0.08626345593964523,-0.10054344552594986,-0.08656831979753572,-0.052594356294268875,0.006096250868116753,0.09084119317670225,0.12734815145398135,0.0998925494985172,0.06971565266064686,0.07419568131079349,0.10850504431877599,0.14800627936532337,0.17756566984280434,0.18534279630750317,0.16633189729031067,0.11793367419822558,0.04791490888223337,-0.029182844925029545,-0.09599678536499623,-0.14281146748405807,-0.13081723294361294,0.0016182170946466093,0.10627234155614151,0.14520382798603115,0.1496815780509958,0.1257500162184351,0.07935775780761069,0.03954471035850652,0.03089302500305437,0.058614390928880926,0.09284090501302333,0.04974571160367078,0.004300797568851426,-0.01205850712515047,-0.0085472010719644,0.011356779786795178,0.052844198663230375,0.12018888347258033,0.17860837259681697,0.16392134734302527,0.12741973765598713,0.09734918725689849,0.07477607124799068,0.056802477952808045,0.0554713864160143,0.0712354122718872,0.09463304373890448,0.09077154687129481,0.043374711204074705,-0.020151379151379833,-0.07133036378707519,-0.10124494444603145,-0.10765221232944601,-0.08677974839462514,-0.032385029633519656,0.042634633599652354,0.12273592401460912,0.19005043802559254,0.21781773089136586,0.17263747235770915,0.04894676487656626,-0.07287424521445723,-0.15401560004128353,-0.19226264881215238,-0.19887409095072023,-0.18332098572494163,-0.15382199511805456,-0.10521397566467126,-0.02224920890835479,0.04680163394195537,0.0759182326498914,0.10032940628156732,0.12658707467912605,0.15157343049065009,0.1666857028047702,0.14530486691500427,0.058132342407586385,-0.042347867010560036,-0.0908186878721889,-0.10800075445821566,-0.1181333414175098,-0.13077673085528718,-0.13468758848817666,-0.09701737881437401,-0.011219385255317014,0.08435567478897732,0.15086431597844982,0.1765989925112035,0.1735600706932856,0.14735775576522517,0.11341725829220638,0.08403201758721873,0.058602532286253506,0.03292201478429953,0.002050217819887617,-0.0326962770863473,-0.05852845496897348,-0.06006890010786139,-0.0325508892575692,0.01402944852989385,0.06796461906815245,0.11207980552998102,0.1495635738397288,0.17933169379379646,0.19840938533963376,0.184238316998814,0.11566015103588881,0.03571510660979481,-0.004257046448783603,0.008834140852941446,0.06725011191760766,0.12570927203872087,0.13892937605352815,0.09315579534276232,0.02722814707655656,-0.032390745584456974,-0.07187064215005821,-0.09100714897172328,-0.08933866739999677,-0.08073634380159207,-0.07360583932781345,-0.06033925586674962,-0.030604827874819912,0.00945695950145131,0.054216907500832315,0.10002372691503761,0.1324314870617161,0.15477876059236056,0.16986455953750437,0.16927490504590567,0.11630282651296944,0.044097048679803665,0.0014145704769323408,-0.01639018205327902,-0.017593785776588024,-0.006745256402902522,0.007364265867825318,0.014881962557677125,0.005650985191369922,-0.013300723982165348,-0.028827995309648743,-0.03716737314525984,-0.052180100935712896,-0.08295944354561394,-0.12216737173009194,-0.1523434469006479,-0.1669947699905517,-0.1565670370732851,-0.09138895076072572,-0.01773026483634033,0.008898356020779239,-0.003186427653303908,-0.031947475241135545,-0.06050542950249631,-0.0598854011518324,-0.02778875305131882,0.033197334099661295,0.11069349483977783,0.16121756959790495,0.18094135976799897,0.19093491422245223,0.2004628873586925,0.2056239661062061,0.19416604517908168,0.16108935549928907,0.12285574894441077,0.10301612841366281,0.10296995800915781,0.11407108709550007,0.13007772234760703,0.1440795478861984,0.1292772384595079,0.08669338533203894,0.050211287417962505,0.03323313535364204,0.02928099468466683,0.026930325931403633,0.011065634890533074,-0.028163929894221895,-0.07758525459169133,-0.09980730415848066,-0.07424179709522447,-0.008183170368674926,0.05425282733182452,0.08549764938873844,0.09453057829608913,0.09218269638964952,0.08885744935816282,0.09347637121902554,0.10526395544912284,0.11831949328760853,0.13511283111816383,0.1534006560724771,0.17148199906931402,0.1804305033594151,0.1587766048626933,0.07566267797968164,-0.04484066674634414,-0.14786936417529425,-0.20996835530681815,-0.2179661588656241,-0.17270262275753356,-0.10966662428490825,-0.06685784402309963,-0.041094593295307055,-0.0196181405478634,0.0005651518826868757,0.015120112921769291,0.020166159875769998,0.015785062447056304,-0.001102201586333436,-0.030311380853248037,-0.0648335000568078,-0.0887802586372622,-0.09172828257883614,-0.06945589810713573,-0.034946804652210776,-0.0014066066366656613,0.017320507241300548,0.020972327053060714,0.021083703128153785,0.029720596770378794,0.04434640080785731,0.056841661595505986,0.056348214096774506,0.046042473559928264,0.029800520218003283,0.005553380630049107,-0.019471698119684345,-0.036855575548859966,-0.04128081635713333,-0.03327864984018574,-0.013476506182993672,0.010774493535829287,0.037384384907285684,0.06072096846008391,0.07521580723600148,0.08085449367126087,0.07505508828435119,0.057676069844575586,0.03246216210932156,0.010262672140118745,0.006252645068425697,0.027426888210952065,0.05997803569444637,0.09995938419564117,0.13891152188777398,0.16399115825247187,0.17176458544829545,0.16143468923237078,0.13199239786784697,0.09488207574263609,0.06898727714465579,0.06625067194588286,0.10114293965708358,0.16520091346008559,0.1873376578232191,0.14985431643311947,0.08044705568970165,-0.048710580067426276,-0.12719929426546298,-0.13917541275087442,-0.13573535031017392,-0.12947889794564457,-0.12066154991708669,-0.10065225467150264,-0.047269524107712964,0.021636930798002846,0.05429958202383493,0.0589711705467249,0.048804200898481996,0.03232156626738778,0.0031801982940932155,-0.023603732861353813,-0.025065704315707708,0.005128579835415232,0.0514362454702094,0.09218332421201467,0.12112294779278014,0.14690979263740503,0.16297628601142455,0.15791684694864472,0.12782587170445148,0.09355952557998842,0.0550496037035995,0.003901765102338822,-0.07732824424283567,-0.14977350828222333,-0.15130364468290514,-0.12179096063176317,-0.0867936668475937,-0.059248053913272807,-0.04744913420251551,-0.04869009473405449,-0.06043280760447655,-0.07949087566743966,-0.10213246271886837,-0.1161946173926946,-0.061226809681228206,-0.0033557489084021655,0.021359984912700275,0.03420597969473086,0.044209892390863446,0.055455163782509,0.07280380866790344,0.10582802911569927,0.13332828507729724,0.1480126144067091,0.16034645888465607,0.17814397160494017,0.20383788321788457,0.2370173458051801,0.2732432508129656,0.29090925922392674,0.28004824631852054,0.26142407980956844,0.24551671500185718,0.23642086798356338,0.2142964556629023,0.16138438796133553,0.08489628462126511,0.028194120562765358,0.015440071135259305,0.042265882308346436,0.09253830229820205,0.1454690893971178,0.19072570693966986,0.22508413490533644,0.24561703475959137,0.24132844634059597,0.20588235708270702,0.1579124599428859,0.11942543667438088,0.09614950242354033,0.08867357633826073,0.0854414645800644,0.06880325258261882,0.026743571569727675,-0.03526602624174539,-0.0955515288715811,-0.12017575520166925,-0.1006532790723927,-0.04822189507097692,0.011531801628847312,0.05086568046464603,0.06771049560597629,0.066816573077116,0.051177973264416234,0.028205355450138105,-0.007666525405673886,-0.06992346395647082,-0.15361500301727243,-0.23182759808749462,-0.2906863255472212,-0.3291420317528213,-0.34103069204995407,-0.3157117708026341,-0.23992681664230547,-0.12458948536920539,-0.03312265926126602,0.015431366184030453,0.04536519998512984,0.07602080296281341,0.11069397079698162,0.14873650895634755,0.1830969138267167,0.20129361310175137,0.194243044311419,0.13691547115678707,0.03609484126440868,-0.04081986389266623,-0.06732185029607754,-0.06026425197327683,-0.04230132153818992,-0.030761844725658422,-0.031625854897044975,-0.048288135702820395,-0.0733220579582344,-0.09746940256776189,-0.12150191280372523,-0.15361480581158915,-0.18413442128406415,-0.18162514983599135,-0.13514472062079513,-0.0720754234832166,-0.016299914556728544,0.015737183364058896,0.02055221790786519,0.00224013080240509,-0.028972203446588202,-0.06504821917107434,-0.08850075353214829,-0.09252467109194686,-0.08401095660822779,-0.06944885840487597,-0.05596591820524428,-0.04569955750585793,-0.03170730363277041,-0.008007101587630766,0.033874189281959295,0.10964937603686162,0.23802531731317003,0.3645708224014922,0.41355737175452556,0.40779348257439146,0.3754421063636283,0.3245659128330172,0.2784169854161478,0.24003416536896746,0.21534330665503265,0.19725905710980352,0.17301542572625195,0.13697843553870337,0.09326915447660399,0.048656572281536296,-0.000856066506742496,-0.046564179690934515,-0.07693523191226187,-0.07569463088096287,-0.045787970529797495,-0.012667804673839857,0.008281156096864858,0.014468610804458822,0.013074191503879501,0.011912017104523687,0.015116605700186617,0.024717397172174672,0.04344855332265596,0.06489141234673725,0.07662031207680375,0.0660509137071402,0.03029832057240897,-0.01630692679828774,-0.05675265409689705,-0.08173038312511806,-0.0944483788011327,-0.09883650391851702,-0.11104852926711416,-0.12698303921406873,-0.14651092974024096,-0.16014549341507578,-0.15613982227198384,-0.13871787607796113,-0.11912135848302881,-0.10576025331607487,-0.08401888258320203,-0.0626755714314047,-0.049861526077790964,-0.0417185311686575,-0.028737046666789383,0.002804911995154478,0.05316988517383568,0.11377431514021494,0.1747020690201418,0.23014539403869458,0.2717727547029373,0.26908933421301934,0.18287927209734625,0.040407224628775974,-0.054490814175535224,-0.07390403220903109,-0.026663584611866936,0.047889325427303474,0.1047477998978455,0.12830815782980096,0.12438799692022617,0.10714405582790366,0.09138023468720356,0.07846782647242857,0.07155824783659052,0.09489457609921967,0.14917518474004418,0.21228933111113168,0.25888942054710934,0.2987452240852542,0.3358741553634593,0.351301075188882,0.32910724213430165,0.2798365123664644,0.2387781546627308,0.21881350219993684,0.2216793194713076,0.23748153838260846,0.24355336492768737,0.21889692484813955,0.16644706893192915,0.10799356966637667,0.06577061260652944,0.0456020695579397,0.04519024645432461,0.05383981144433878,0.06654018581520314,0.06738992324655099,0.052115530429715985,0.03574138576578623,0.03847589511987339,0.0660273857881805,0.10359572820450873,0.11882509221756696,0.09457081827072358,0.03239267805690476,-0.04370806276310022,-0.1018807083703824,-0.1286841717063495,-0.1434450705911576,-0.16984761371237184,-0.22106571337555267,-0.2617621322036925,-0.22747044923606724,-0.13332899073212134,-0.05737020275710097,-0.027082469303066483,-0.04147505959500212,-0.08809127922668752,-0.14956711375240442,-0.19943238803244842,-0.2195122118493639,-0.2082602672066205,-0.16846603256972942,-0.10539619602140865,-0.036843696170249914,0.03161102041950144,0.08954862142104571,0.12235103979256948,0.10987350185594533,0.058185474106384895,-0.04642103155397635,-0.18018857622260717,-0.2364374352278092,-0.2559969592155652,-0.276156888422249,-0.29424851121773754,-0.29144295406729825,-0.24145058451943444,-0.14659274432764915,-0.04074539871762552,0.05374464307058764,0.1286120823829961,0.17929110205692766,0.212495636150983,0.23274937651422978,0.24098532394451233,0.23557675569391665,0.2090809561475245,0.16488218526285525,0.12827999608526136,0.10928886126308698,0.10034523705551425,0.09875348954284446,0.10838741076133941,0.12998317505681858,0.16659326452232348,0.2372883475658538,0.3562450660784447,0.4506880486145341,0.42994646928328206,0.3356963988849701,0.22462251574472947,0.1188861140160019,0.01919239812727831,-0.06533106118529515,-0.11719811863675007,-0.13049143125245916,-0.11691424927661402,-0.10515878796293197,-0.10790580844750994,-0.1066260474059387,-0.08671170267889661,-0.05932145183050946,-0.03684580881807325,-0.02079700449216186,-0.015446606310193721,-0.022524474786129556,-0.031967552693356424,-0.03311174037739173,-0.02261430649623787,-0.0019263581328838627,0.02508972272610762,0.04587949820203294,0.054952477156249416,0.05638592417716926,0.039911522614210625,-0.003610089810145408,-0.0812187349947159,-0.17927367634271932,-0.27790807890824304,-0.36247869578548847,-0.4232301669668585,-0.42099149784617573,-0.2914042796652665,-0.12325993755067173,-0.007467241541774864,0.062284762213133595,0.08560168825020283,0.06517622983262304,0.005771734904704961,-0.04902032226290206,-0.07970601742972752,-0.0818482037952256,-0.06928166032900306,-0.07053519414685855,-0.10505397684898851,-0.15547743552030766,-0.18196079050115538,-0.14404286222740972,-0.05430431319612339,0.032329607127052934,0.07560298446490862,0.07489796987587907,0.040700559201031127,-0.015947253009194317,-0.0719919341593486,-0.09916033615042594,-0.09463717294014848,-0.06579793297166066,-0.026100139017973693,0.012078426916281398,0.04923020699337137,0.08819691704726243,0.12831527463319184,0.16270577827279578,0.1655507254111936,0.12957058986920084,0.09074069503054505,0.06922030763558681,0.061641120024230854,0.05953946781693727,0.05980023026830147,0.054465799394743115,0.04611848827867351,0.041675389573223545,0.05111340531153014,0.09219465816808066,0.23163204686663685,0.07085431993557781,0.03502722510124038,0.02246268934709102,0.016017268256830676,0.011397400578751677,0.005582522779194776,-0.005378940331730327,-0.01961527599367215,-0.018975573638681683,0.027255622294514524,0.1073381091739846,0.17240917252514218,0.19568794871132658,0.19801322945191543,0.19265113401965228,0.18613488349412757,0.17690541348191605,0.15508449254979373,0.12773866799031033,0.11013578041454603,0.11424089163836028,0.12492255705333,0.12099557128241253,0.10323629522122282,0.08569194109155798,0.07606031170050173,0.0698378386209909,0.06332558070585842,0.05587386341259808,0.04972182454600542,0.04367255549794008,0.02675819584052671,-0.00717271666243542,-0.05136636218378185,-0.09507300953996921,-0.1352264871062374,-0.16816526453876343,-0.18206929547591336,-0.1898559924268994,-0.21646265047614846,-0.23789425836547556,-0.20311560897688838,-0.11894435782548352,-0.026821950012507086,0.061164679726741306,0.1359656346365866,0.18622986866071473,0.19931755411294327,0.17352267130615118,0.12674340831191006,0.07543030965001757,0.0342256043820401,0.005670452213415161,-0.02031284165736315,-0.06056766122911194,-0.12229863590118681,-0.19238769673395095,-0.23854524682338302,-0.2307966141060709,-0.16787971291484396,-0.08235692645879301,-0.012563503079138507,0.019707410965878407,0.03436505404734528,0.051811372226471,0.0777152571929828,0.11406491795720192,0.15700202543643252,0.19216601590038185,0.17202968574139332,0.08150052954529748,0.010300013176158421,-0.03575841172018024,-0.07371702068198013,-0.11668640567063109,-0.16764630563731417,-0.1322537475809088,-0.029022771155504504,0.05296683432283181,0.12630075172913355,0.2121473768320203,0.3149583239768641,0.31987127771149937,0.18900443381289808,0.08627078147008066,0.043201209902910105,0.03980281320585022,0.05889099515152182,0.08815454549286364,0.12691769069544495,0.17227768893809037,0.20939120818446558,0.2265600108918732,0.22477796000309994,0.2105145402413817,0.18682096464439218,0.15153635895954262,0.09556153021799081,0.02879974310723113,-0.021357224289916415,-0.047364518032444784,-0.05772804749362705,-0.051309067279099625,-0.025846277231259502,0.0264863317848026,0.09765577704103125,0.16542425824105733,0.1989721437902674,0.19128179422794755,0.15776036199645477,0.11759326999624356,0.08332384211827162,0.050852571493587885,0.0030738224945157057,-0.07198713090019392,-0.1565972169983723,-0.2177797748901583,-0.24764644888871964,-0.25405868631368383,-0.24004629227281365,-0.20736214351103474,-0.14915918221690597,-0.06775258031210504,0.018916000586734306,0.07000992672548344,0.053022240566313474,-0.023395380429821477,-0.11796611823640743,-0.1952781315329455,-0.2317414890701974,-0.23021916815779808,-0.19532533286468787,-0.13633885266747658,-0.07662435880288626,-0.02958478832561846,0.0042431896537519385,0.029306329163889474,0.053936290294740154,0.07536137147996655,0.07845197502646002,0.05469119190125803,0.015123847683239705,-0.021327921780624187,-0.048356816388662044,-0.08408580307381279,-0.15087905554757347,-0.23929185960697313,-0.3009375032615753,-0.31039096470585176,-0.2662414678026921,-0.17040372437036272,-0.027413077813964806,0.12317147374404135,0.21366131123832727,0.20795517428229676,0.1447951796155399,0.07513199018632932,0.028053017567493153,0.01139658971743559,0.023092524144800862,0.060053830932004025,0.10641007501995892,0.1573680078423259,0.20335936446346978,0.21578911747211807,0.19744621022045974,0.16765640652015892,0.13764194760451381,0.11256621165422788,0.0957627126895424,0.0838846876647691,0.07240023379821763,0.05473465327565826,0.04274432120206411,0.05194494000649697,0.08178066154355143,0.1217571832109366,0.14722192837475373,0.14593690205324894,0.12797216431629294,0.09684280444299101,0.049835986122437476,-0.004502982697006085,-0.04512043599636225,-0.07035699934948425,-0.08568550944665047,-0.08688754557651156,-0.06787497995756639,-0.027555937544846844,0.008234077799756453,0.03332956774856806,0.05529064493943015,0.06931235085405325,0.0743779212623268,0.06508696517016409,0.038306298763704096,-0.007067104449887166,-0.06923571213626747,-0.12558085240309647,-0.14100163799474233,-0.11788974316848963,-0.07046579626027062,-0.026310475673798878,-0.009742222457649337,-0.01302959655727597,-0.019261700914337532,-0.027810458165136838,-0.041698824302913176,-0.06483830178370653,-0.1025876822260121,-0.1428696336139442,-0.18336162604353942,-0.2212713148368765,-0.24078209192588895,-0.2198806197536409,-0.1364600041380444,0.014250373559465502,0.18165932757881992,0.2972302783705161,0.3463402736123657,0.34965693638763073,0.3281299226118026,0.2923629438278556,0.2477724459586238,0.19423821063997826,0.1223709274075947,0.04467457624769271,-0.005160893721977777,-0.031314602118690395,-0.04495768055427039,-0.056309345942393445,-0.07550347139918108,-0.1058247237296805,-0.1460835475076624,-0.17629331544863636,-0.19360067848781468,-0.19216489703106854,-0.17109140798988168,-0.13929341679140028,-0.11595526010911139,-0.1008008027944299,-0.0886504737672408,-0.07197740645070773,-0.047030864479657715,-0.02016975655277668,0.002335041967825392,0.013061927952320123,0.016910227130660507,0.024507692270799714,0.03424646341967702,0.04605918057935168,0.05288099895421618,0.049804266669211616,0.04143999868703452,0.03212941294233342,0.03698196787990411,0.06608591663255202,0.11111133121481612,0.14286031036181504,0.14331317276884362,0.115341301792549,0.07062519910308897,0.021621050835936108,-0.021664907801041182,-0.055365494459404925,-0.07942439324013467,-0.08807125961989296,-0.06706357774016948,-0.013770818677360174,0.04373486870242219,0.07993742947180721,0.0907750712330213,0.07893742337822017,0.04675285546972403,-0.0018944015488905092,-0.07441068756726231,-0.208564559445664,-0.33306351391301253,-0.23879273319019198,-0.14684383758674383,-0.07637941485508654,-0.018525644925311502,0.02318114202653536,0.04563684940252037,0.04482524232989191,0.015194848182518084,-0.03657706702202401,-0.09382211363970319,-0.12179735536688215,-0.10145924336837277,-0.03795021565764903,0.04493629640832986,0.121771074180709,0.1680063437182189,0.17332130808271579,0.14840124638920493,0.10602038237966883,0.05439374199303322,0.011805089977797514,-0.01480172932810548,-0.03373001986966109,-0.05129184575046341,-0.07409466143217125,-0.0871403796294249,-0.07292448808135063,-0.034221300356235516,0.004251039708153207,0.011055271253656343,-0.004260274013088418,-0.015709613792710363,-0.016485328583641393,-0.007259615829184257,0.01713563204597752,0.0487713610002244,0.06040747041835096,0.06568509078937983,0.07658194382790078,0.10054709844134281,0.1500594469020152,0.2180210212961493,0.27164897289085177,0.2684271456199523,0.209115895692152,0.13225685704623547,0.07162699016767256,0.022910391366552218,-0.02444223880808791,-0.06035718131519709,-0.06931770284476581,-0.04372519174843868,0.005968775756035415,0.05612529648624911,0.07674012293117725,0.06104875645539074,0.03368594253661298,0.016924000392390854,0.014197842473480509,0.022075394105777225,0.036566576971225014,0.05564371378652258,0.07719103832492574,0.10020843546665487,0.12236575928482285,0.14719466923099128,0.1848579641613465,0.25374429675592863,0.34801489760372745,0.34031235125256326,0.25747066664762164,0.19119164145619216,0.14310583796597182,0.09203850947527692,0.03512124265743785,-0.007715085941127872,-0.025041135847959212,-0.02749653157622696,-0.022204503193732746,-0.012248378804869568,0.0009857621276984554,0.018683309593866992,0.037250758294651604,0.052571594886880665,0.06013064711301505,0.06012405052213158,0.05850764043753444,0.06486437140041638,0.07331248683344735,0.06882175842517646,0.04344297333761594,0.007891087080564919,-0.026857990678815898,-0.059438264075184835,-0.09072811865483744,-0.11694122167520057,-0.13771878859070244,-0.1372912215553546,-0.1111767294082562,-0.07197074599440771,-0.04372936826357734,-0.03119082802257505,-0.04326105025032436,-0.09304095574609411,-0.1820953930116989,-0.25527496903266794,-0.24712048211873858,-0.18662243218469415,-0.09272722486357643,0.05249059141313483,0.2139107836914724,0.2632319230190453,0.24709890869633278,0.2291004792242161,0.21974759636938163,0.22422966239281997,0.24330783840276826,0.2674073127338809,0.2793058106566197,0.2433927639583811,0.15668834857967107,0.06762013328653851,0.008620007541689198,-0.03477642065718209,-0.06451368917032821,-0.0903175384536084,-0.11262102841954358,-0.12671791138062913,-0.13209751668550757,-0.13065844363157372,-0.12689321718429278,-0.11812425589306222,-0.10235147371639274,-0.08619322532304487,-0.07406262385423168,-0.05500201788557443,-0.021408599371817685,0.02079003026902387,0.057927115354031306,0.08394088101065715,0.09569176297895701,0.08782614887221359,0.06067097201503246,0.023096728576994154,-0.01807548686651836,-0.036949950227590296,-0.018952761496356347,0.025755667634257844,0.07432590649633126,0.10673331662272623,0.10827562113738268,0.07454712738275393,0.019020012684863617,-0.040225587503766036,-0.08729597987228419,-0.09938846407821915,-0.064270312441181,0.027503049945330958,0.1280590117544447,0.18248233194461247,0.2009783991284418,0.19097432957671426,0.15201146653309477,0.09125249788535435,0.02886548711104141,-0.013960443896821084,-0.029652177226516873,-0.02607154910978321,-0.022611211404735227,-0.028505205149499873,-0.03880278744976568,-0.03576414286229843,-0.03370808017383148,-0.034292632736997355,-0.039857547165015446,-0.049032952552944514,-0.06161395823518987,-0.07720508508900398,-0.1024333856262078,-0.10070246963723942,-0.019748824733936972,0.007029845376473477,0.015116388266976472,0.013157570676538414,0.003675586570177906,-0.01008160989857801,-0.01966669285669299,-0.014814456405382842,0.012466025399766312,0.043322759982646335,0.036535719486774934,-0.011490298990749452,-0.06693899547275771,-0.09448768485465435,-0.08175448027931663,-0.018597087327424763,0.08883568390488578,0.20053640960912256,0.25086561984868994,0.24112849025532337,0.20554052196029038,0.18715897839742507,0.19317680881576563,0.19866379043545027,0.1930901890654983,0.18931524530678764,0.18958202574586755,0.18045390714125556,0.163537534423858,0.13883841220871634,0.11210429609559795,0.09284367895894441,0.09194869886019019,0.12479410240636486,0.1820137664775896,0.23895849688348467,0.2835692747305836,0.3271129588144323,0.3733643869680123,0.41102474876503553,0.43452249944451693,0.45096953441029164,0.45446235917912897,0.3875286384284211,0.25358101757720974,0.1322664099142602,0.05277454528418212,0.021715393461285388,0.05581639717984718,0.15493349682703925,0.2515272574157626,0.2841467865756966,0.25629280482259,0.178601810481469,0.07411130748397184,-0.01324537946801483,-0.04799650220186715,-0.04271803909229495,-0.026545293261540044,-0.023126252621756414,-0.029192427113981196,-0.04338316138158791,-0.07217193747665496,-0.11867794048192043,-0.18095295536695452,-0.25501655624306435,-0.2886116130410419,-0.2606308885616291,-0.18638787817160066,-0.07665051256603156,0.0399110360267975,0.1297600055027136,0.1779413161917319,0.17119407803265194,0.06490949337189089,-0.07478103097913949,-0.15188106761631356,-0.18547903867310983,-0.20084816509002817,-0.20731753220791205,-0.20999796286933442,-0.21134265105444294,-0.19544826827804235,-0.14656157791246216,-0.08956363368284856,-0.03106090933290062,0.03701769570953723,0.10693927509471794,0.1688492677821306,0.20775342410713227,0.2292157212214878,0.23965710209697344,0.24116421201212393,0.23390839962399293,0.2158181843466399,0.1786759998831607,0.11004243474304555,0.031152000430079884,-0.02565779756226689,-0.039351209109292046,-0.007151878917210095,0.05645631156591355,0.12320880604228507,0.14832528811278914,0.11339587863804566,0.04361649143676663,-0.023933530129795086,-0.07561714855644135,-0.10225249562826319,-0.10869988693576886,-0.09971082415543585,-0.08944002902993528,-0.08282015812560913,-0.06620694972977673,-0.019720522948061387,0.05005194903284622,0.10357462026729052,0.13151618257327588,0.1443382113091444,0.14717541920796648,0.13875454713819108,0.12379033294266652,0.10739452891337553,0.08656701778801447,0.06792741653765971,0.05506741572928723,0.04789786679042954,0.04454602180034067,0.04350386813979112,0.03911030017432219,0.0255512536810004,-0.0017662713053494287,-0.03708196090109235,-0.07217620931009085,-0.09750824029555512,-0.09560326499158292,-0.06018485028732238,-0.008210536189039847,0.029402503179144356,0.014614526020955119,-0.04451426058906264,-0.11334874579939404,-0.15678740370702354,-0.16821755848619008,-0.1549653096346093,-0.13204407156348538,-0.11349997033858289,-0.10285262408581054,-0.09812868656482196,-0.09108514866088543,-0.08667435899981954,-0.08884346755289921,-0.08583366575717444,-0.07362660084631469,-0.06623606861249211,-0.07355187229388518,-0.08856771936243962,-0.1019907195384948,-0.10971483121667626,-0.11730258372215724,-0.13002830908008747,-0.15415598041561535,-0.1788614272706848,-0.18280465426600942,-0.14715102548331105,-0.04698374443095782,0.13673863877193565,0.3196621686022613,0.3992856491867611,0.4041421467865234,0.3609088285232681,0.2741767598463504,0.18005573764117866,0.13477072733986395,0.1452219927433889,0.18061978447278634,0.20375810257306468,0.1982884913133775,0.16924906975595744,0.13911027494638445,0.12739093134350227,0.12809851295759475,0.12804489763955215,0.13187559660612996,0.13990693662016543,0.14442788426484257,0.13803050798714156,0.12297396110030014,0.10260646879136534,0.08136886222538073,0.06384178000016692,0.05631305127569824,0.07182576169732696,0.10722224513151642,0.15017539223777016,0.1814660319343172,0.1927408292920433,0.18160431335514632,0.15318282897989585,0.11152335337521439,0.061463328407664684,0.005103814228745418,-0.051315278377116906,-0.1045521215905081,-0.14283001455656577,-0.14865981128325398,-0.1283386621215916,-0.09121690589266554,-0.01322589296227651,0.05071166148896254,0.0705155449981377,0.066724808505752,0.056252385852020935,0.048280107423395884,0.05070561375322551,0.06516601257959104,0.0927199368191371,0.1114839932878318,0.08882514751276523,0.026415118279348,-0.04380429918602298,-0.09927106015072922,-0.12430875233184942,-0.1225655664293308,-0.11951073421500844,-0.12165432571261965,-0.12886806183842228,-0.1257452341955924,-0.112985174660485,-0.08796361076784383,-0.05542373587690101,-0.016843589451734982,0.015397359964528104,0.04017991223857151,0.05403643396774152,0.05117006759610259,0.03178424744993779,0.010762281282453514,-0.006692560086780997,-0.02008440334600562,-0.01783457735995369,-0.00624756742880915,0.0036193516374551367,0.012496363904010845,0.029427505076261157,0.04208895730477104,0.03420437456124111,0.015363279640557262,-0.0008847597428791013,-0.0020034236533152333,0.02033992764325028,0.058812434263021976,0.09897781182497267,0.12904237032493265,0.1482494047534446,0.15303407042402004,0.1278072088121932,0.07715068795605133,0.04808885839871391,0.05418215592248297,0.07200979083147743,0.07588003027281146,0.06447927907544997,0.049239231663627266,0.039398796958367226,0.04275280049536112,0.05170009987678938,0.060105316765489136,0.060223142954967945,0.0541432761870542,0.04127899047543108,0.024345730707989857,0.00585300308515855,-0.021769505647204063,-0.0634265135718205,-0.11397992851124564,-0.12099080275520079,-0.05426957201478464,0.05506298888227896,0.17847597546185748,0.26713298575440864,0.2880959470426771,0.28714519344973183,0.28548818879646404,0.2832313544357075,0.2765468086649938,0.26987184453539453,0.2678250842040327,0.273990190775697,0.2915667376496975,0.3093075602596472,0.30326588295419193,0.25645989187209933,0.1880668709585196,0.12450660934493112,0.07074318525131237,0.023958737366844972,-0.02069691952706652,-0.07372929080113041,-0.1623567241825237,-0.3143960293722574,-0.4704707138111745,-0.4948534884421794,-0.4101558062042217,-0.3196158805329094,-0.24490162339954236,-0.17431997606070473,-0.09447961072609078,-0.017869068966672185,0.02397328724005682,0.013654032154443317,-0.04679347544901012,-0.1302274515493578,-0.19765848147087192,-0.23715108754400666,-0.2535779302379982,-0.26041088959591674,-0.2561085176176612,-0.23735201057957406,-0.19865988228300008,-0.1455075554051004,-0.10056696988316695,-0.0851857523579315,-0.09349470701972455,-0.10810152410345356,-0.11160837950697147,-0.10957750629015438,-0.10148636739237207,-0.08499097514812332,-0.0553117185019866,-0.025426163272995534,-0.006168724191564422,0.001172310777545374,-0.011864217425226687,-0.06605801337863505,-0.15147816993087299,-0.16922197565603045,-0.12980859594794406,-0.06545992348512236,0.015416789996860025,0.11353291760272484,0.1943033045496784,0.21170874009814317,0.16558138330746566,0.08909328358790573,0.023279211224174888,-0.0061505719505686104,-0.0051480901225334766,0.009544119427893764,0.021628045103503163,0.02117418460021204,0.009760262302733747,0.0014902878824939727,0.012837484583960652,0.03292465703891034,0.04608597939996077,0.056901280950894514,0.06999143017071957,0.08977954184676608,0.10601395050027011,0.10276754723929434,0.08036761191914563,0.045289668091334924,0.015744111708591507,0.002671853089430869,0.0021831648038348646,0.005102037083403123,0.018128340758173607,0.05107477496357009,0.10346850547788479,0.16782566454807318,0.22781814529044414,0.27379093040434765,0.3061686354190645,0.33528394551374885,0.3668601232934527,0.371561881433047,0.30746516504918575,0.2145262668000543,0.14044601360778697,0.09546962723141257,0.09100936425169677,0.13285358276718465,0.18450222513826867,0.20253867267406772,0.1856777796557993,0.14829152449292943,0.10896554105346042,0.07234236030873108,0.03627461841256711,0.004085769397256944,-0.019132254492899542,-0.031704116308706655,-0.03179229067022834,-0.022564054037286285,-0.009252723415070377,-0.0001561101606896778,0.0014677532580802414,-0.004228367270771756,-0.018781816877307705,-0.04178240723969757,-0.06406234966380381,-0.0757593349823294,-0.08006913219501612,-0.09104301739125754,-0.10689625023883939,-0.12368092437265915,-0.13435485231855737,-0.1367333272371642,-0.14847188878307907,-0.1799243578736876,-0.21481228985890347,-0.23261539434778147,-0.22133590910706297,-0.1964825905744313,-0.17440256651618186,-0.14788233226043507,-0.1215101677357688,-0.10393340419286949,-0.0801009688073758,-0.04696757503273644,-0.001953641268643915,0.05206837362134702,0.09907727310357588,0.11736446833596786,0.10419906301314706,0.0714986887972491,0.05074202041080399,0.057273632099486556,0.08055045716534952,0.10838515508986582,0.1317450367811942,0.14434781832399693,0.13565569747548012,0.09856481436385903,0.05734759071084835,0.04804173681458494,0.06840790580677605,0.09842510641114711,0.11470970540380919,0.11197564088449545,0.0964544754311256,0.08502068995774634,0.08916379742924828,0.11918291567273537,0.14900729219216427,0.12825598322875598,0.08196171090032131,0.04188571678835473,0.012335569628756284,-0.009222178716202024,-0.02336068632290038,-0.03478250299263528,-0.04474376648158022,0.0002688320487360152,0.025165152631111562,0.03297467810194564,0.032946144074472945,0.02755779801355411,0.017361086572032152,0.0020219364764217395,-0.020624419854357298,-0.05545859128950649,-0.10533861615902657,-0.17987113616385622,-0.23556460875145482,-0.2107218248059792,-0.1753480489547187,-0.16124135637455786,-0.15971447616793297,-0.1622471071033347,-0.1667764135719854,-0.16444014975761104,-0.13781863043972503,-0.06685569002575223,0.029044672442394552,0.11203440997801793,0.1651648115486864,0.18908316697354208,0.1858401487344472,0.1674887858994691,0.1455706277579466,0.12687966074339863,0.11241062876865787,0.09858474411351058,0.08354413958214607,0.07238728498516774,0.06510545814663864,0.0574519099143163,0.049988705325662824,0.049059026191866466,0.06496495914044027,0.0996939406738023,0.13834300464326546,0.16271034196175305,0.18606052022811076,0.2019215253376252,0.18002949475395358,0.1322504746863954,0.09659352291766621,0.080458256084112,0.07996156717239991,0.09759196521867525,0.12058337991451255,0.11028227627478879,0.08262226971536686,0.05119291862951957,0.011301995484054476,-0.024427193926351082,-0.033587119785950754,-0.033901167860481786,-0.035422270691116975,-0.02748443422720646,-0.000539589330838387,0.04399542944043127,0.08891895181522938,0.13046300432376717,0.1669502255492787,0.1948137869053956,0.19693443466159785,0.15046914012875323,0.06984085135227094,0.015778123431098964,0.0033056470071718006,0.00643885939524049,0.008068908087148717,0.0022481255802242897,0.005974893214007117,0.033311944940569875,0.07358337480748409,0.11094688978347525,0.12820664566978718,0.12833654694829913,0.11150897655349663,0.0870179174673136,0.06505526085308676,0.053427300653130325,0.048577141669890904,0.03870433610655426,0.008059993291233853,-0.0490504298409682,-0.11113001076469918,-0.15551750502973757,-0.15064678659632288,-0.130730815878574,-0.12690443582094657,-0.13312669836862898,-0.13812289329960073,-0.1310689830850387,-0.10561930785979606,-0.04344843776910982,0.07486018306998746,0.11927421307150024,0.10232604696935445,0.0789169107104632,0.05663699903584873,0.033704824490903104,0.010613634639386372,-0.015065250379895824,-0.044247419886001,-0.07184528783955778,-0.09894227943700734,-0.1286299686632061,-0.15033544325306875,-0.14664814815323143,-0.11936161853773723,-0.08252960828401834,-0.04938615135465306,-0.020300706249596564,0.01593709184110259,0.07343871105182503,0.16191789826195596,0.2664710405527171,0.3408566119199721,0.3440738814731422,0.2928689332892525,0.20288301371206338,0.10596374089845825,0.04781684231914422,0.02487987113357152,-0.00020260122487787149,-0.050606104428084706,-0.10993096379366146,-0.12880576847152417,-0.07907258147716147,0.02133217057957252,0.15950741891105844,0.32765136981779075,0.42433036002989977,0.3736481942077264,0.29696468574989315,0.24468317688179608,0.21785887437476206,0.203147732509247,0.18187800348499378,0.15894908874709401,0.15487945998740169,0.17802139509200926,0.20924713834550643,0.22392302749055776,0.20937886166366473,0.1825598187777998,0.16158356424009454,0.15455023921169442,0.1608720570203672,0.17136849562253526,0.1772742156413056,0.1761913880460169,0.16961371799175984,0.14125397101465534,0.08165727281857613,0.0018926431574713706,-0.06415432227136393,-0.09825581193970895,-0.09976268666605285,-0.0790213783415224,-0.05896360401483362,-0.04631623157094383,-0.05896148226566621,-0.09727079553267166,-0.14847833479120995,-0.19682769381764129,-0.2173996264953333,-0.18248958701018397,-0.12019989431999141,-0.07428980804251119,-0.05320784957052504,-0.04906861008145505,-0.05820279720379986,-0.07490360816286695,-0.09664306096123843,-0.11785390520837384,-0.12854745547163646,-0.12473048417549289,-0.10134456467363392,-0.062097645291017536,-0.02100484917105083,0.00811011227184548,0.0247815824527112,0.03328777055751619,0.03355986368220131,0.023148568106460057,0.0022228270094688416,-0.02233102065516317,-0.043627590956401785,-0.05523519942610233,-0.05648859712236264,-0.05518604948870382,-0.06377874102169563,-0.09130012278299617,-0.10598884195820425,-0.08969828406523443,-0.060663471740841635,-0.029615494827213255,0.0007022709575063967,0.022128392126471805,0.021910920859230992,0.0003345956444611019,-0.039543719895157516,-0.09021896989670826,-0.14093587131636723,-0.16911781968152936,-0.16717011386874095,-0.14060991104092055,-0.08744121876840447,0.008762468657328009,0.1374805545890052,0.25511444205316514,0.3190483907564468,0.3306678220673639,0.3131966589147678,0.29055198523226256,0.275718651769406,0.27208612548406197,0.2649145625566025,0.22617891225832218,0.1500162942578837,0.07247244471693758,0.0350420565149928,0.037534093820897195,0.06053511678877447,0.07705592815946566,0.07876573867173335,0.05782181186911928,0.020508881164386226,-0.019351995751215424,-0.03968151070058355,-0.027856867591162862,-0.01549066244362228,-0.008799928105982336,-0.009807809606992951,-0.02446950251665107,-0.05593577931340697,-0.09521073648886824,-0.12179211063052642,-0.12562224168390526,-0.11036778321051553,-0.09374585513416944,-0.0896848751537015,-0.09807756155666697,-0.09892623155285975,-0.06036741416870889,0.011873892478193926,0.07738620256937549,0.11966542799007283,0.14140867145063124,0.1499039978812751,0.14498035380438695,0.12554801969553167,0.09934348050345794,0.07049476843984774,0.037190371305297704,-0.00010952327586345182,-0.03573788105363623,-0.05264614104177596,-0.03959931227367899,0.0018321239359887838,0.06889625503619694,0.15242313982550096,0.228203792840228,0.2747869714543637,0.27639962160537473,0.21110368792508588,0.07905427169535689,-0.03935885819858435,-0.10542412208727246,-0.13322686087323432,-0.14104635701554066,-0.13808279551826927,-0.09863103699496509,-0.019486120169558065,-0.013234755686858342,-0.05443406324981358,-0.1077871162156987,-0.14346130093594692,-0.15571959476310696,-0.13852269705924933,-0.08112583215148138,0.003566730301652742,0.06923682866239866,0.09259919245567122,0.09091936786809968,0.08255131471968125,0.0745974227952188,0.06875556511209995,0.05943789542358976,0.050224704086215446,0.0457789362227337,0.04569945280869676,0.040456663461570744,0.035136616388905355,0.03608255695568681,0.04518665737075223,0.0668523174580585,0.1093842551270042,0.17588090336172313,0.25304222782542685,0.30328311632221383,0.28920595987751485,0.22340572897578348,0.14235249905862313,0.06732329103958526,0.004274005601054022,-0.02356477870636677,-0.012440651594722806,0.021784022568565757,0.03906208921080905,0.03938399881588956,0.04608516173509071,0.07167473164016311,0.11028057652319309,0.15283991946523764,0.17112661780204533,0.14640432652453994,0.08648327003595312,0.0134035487486757,-0.05142190260113797,-0.09289195146571534,-0.11227244432460565,-0.13134644492601924,-0.16298895879797595,-0.1972741031052604,-0.2008642119912164,-0.18593947910835656,-0.17108598216500506,-0.1555517512200543,-0.14488268097057333,-0.14613489055014983,-0.16840798924707082,-0.1885009579921246,-0.15240561366330324,-0.07305139808668097,0.013698037496553645,0.08938378105479688,0.14443488233586319,0.1708809069393908,0.1776581675966208,0.18200514473126403,0.18603424058622123,0.1743556753995853,0.13261108531662363,0.07610660620340995,0.033279648565842763,0.0007488708363212276,-0.03241447886957769,-0.06293901319601654,-0.08589765581546559,-0.10766843768721213,-0.12814043049941576,-0.14227200868464668,-0.14528277800946807,-0.1256996359046629,-0.08733596921898425,-0.032130726085016104,0.026274949701382107,0.06188681606440612,0.07012033700230082,0.060445360261809966,0.04763344167152905,0.0433087658238341,0.0421492599117547,0.05038688873495974,0.06822480358051011,0.08645477772176038,0.0899751586401236,0.07447525572367242,0.03838174335145382,-0.000999580874988958,-0.026088308536859964,-0.02720864138196538,-0.0030924408319573785,0.03057264164362653,0.061888007395653415,0.09000143965911922,0.10998605082580229,0.11012866881733097,0.09326170439086513,0.06758357132789712,0.040552576002859636,0.024313958264655464,0.022037661278522,0.025035541923765108,0.027087391115181932,0.023585478969430213,0.015270597756576342,0.002314263233515157,-0.016489312129690376,-0.04130449747767088,-0.07190483225956752,-0.09895381477655031,-0.10813900466760619,-0.08172494084847615,-0.03244694361733858,0.005205509130952623,0.024153361548657302,0.029988468358985696,0.03225676454649424,0.03931447189340852,0.04114852967513882,0.03103598644442022,0.0299364580184274,0.03841590883354005,0.040801399604369015,0.02957164031679332,0.009909459395669203,-0.011690086645758328,-0.017407119758515797,-0.0025417447473416563,0.025784053781797527,0.06087007011280247,0.10255854607788288,0.14155647698918425,0.16436300910507845,0.1659826908728476,0.1557034134510713,0.1412064403075252,0.12206419501773762,0.10637075755963755,0.09542825394415179,0.09704456376041827,0.11323990231537769,0.1383105439948234,0.159105388126739,0.16100150224397378,0.14728870091440602,0.11984646323196058,0.08069592428689677,0.01160391701088859,-0.07585984800425868,-0.14465846946314634,-0.1701011757788872,-0.1685089981399932,-0.15772504438166982,-0.12819878687753525,-0.07953882050498655,-0.020060025638105557,0.04238561703182132,0.10835099361358261,0.17953209779433277,0.24992500304426193,0.304470283280324,0.33163271394087707,0.3157998612372246,0.25591143033539065,0.18702437429355404,0.13734831390176272,0.10300179837374648,0.08521196181558599,0.0758150050599863,0.08039324218128421,0.09774360353449571,0.11605303208295602,0.137295708802548,0.15520409005641467,0.1690932870044088,0.17825384122142865,0.17272726517273013,0.14846550059859895,0.10919727593250149,0.06720455986352583,0.02651285186096733,-0.01271875478072474,-0.05577808591891045,-0.10909273907890855,-0.1653055729532156,-0.21694467195798425,-0.26467551011605656,-0.2851381530768666,-0.22267744104867573,-0.0713220594079546,0.04871972901917515,0.1001366917312193,0.10169957526373902,0.07649324172422131,0.04054842412196915,0.0022152420423371803,-0.029952843595524456,-0.05428692686751063,-0.08265566470888819,-0.14070249396808643,-0.23822431446828443,-0.21164431040723103,-0.13767809840207043,-0.09026430571753628,-0.05854631734117255,-0.032309943778836246,-0.01030253229310004,0.006784189520865586,0.015698390808449262,0.01787386427667496,0.009722244368534493,-0.00020876771064980046,-0.005986481636601573,-0.014615281414704202,-0.03844391012659568,-0.07437700069430757,-0.10041683446919161,-0.09952327028067733,-0.07953878694177757,-0.04694036551889127,-0.011310510175488134,0.017509632729263327,0.027819087245207173,0.017397778133796577,-0.008516079068228129,-0.03951025007717814,-0.06869797937602294,-0.09812908116703521,-0.12825032930142138,-0.16408850077030745,-0.1982755558854798,-0.18891257393418792,-0.11447480888965372,-0.011128753373585683,0.04730927184437076,0.050752924560027474,0.020783213579105196,-0.02048022790609742,-0.04013107974335123,-0.020047859129782863,0.03972087580693346,0.11578871806204066,0.18029670594720934,0.2271443310387869,0.2689761567960167,0.3185922559629761,0.39014049924450855,0.4332702322311674,0.2825481811863211,0.14709182139763405,0.09309684711339807,0.08305767611639236,0.10363915993649202,0.14812879412679195,0.19198174204616592,0.20665835498018081,0.18504091680453263,0.14429211233731723,0.09897316794695415,0.054038953378240544,0.01914348735664592,0.004280427751289837,0.010300405038586476,0.02641225303066523,0.03531689664519861,0.02015824969146194,-0.022404453982740803,-0.0724459591433499,-0.09489376541792949,-0.07686843558410085,-0.040125860618805166,-0.005345839097578588,0.022520316717278572,0.059126614812259934,0.10957626583521568,0.13777264675024106,0.1258034329580925,0.0858841952930529,0.024908501109817207,-0.056110028414859854,-0.15180819352390384,-0.20441517840950402,-0.18356914922560738,-0.14490436956301045,-0.12141116340107054,-0.10059430568793051,-0.08077736358718914,-0.0392856875304722,0.028719401640272882,0.11580494518103633,0.19252901768819194,0.23244496049071395,0.22224436891442417,0.1766886790024736,0.10961046731201017,0.04212662744393713,-0.019002696174331837,-0.07267357970856755,-0.12599080047689298,-0.1753604986808334,-0.21453489745151663,-0.2364727969491644,-0.22171101462154377,-0.17322729234556505,-0.10726461596659397,-0.04628487602716313,-0.005756192721990237,0.025423854666867595,0.05879049735242283,0.09811913156589207,0.12084362795266779,0.09052112442291303,0.02200013703292524,-0.039757220875171986,-0.07368335066919449,-0.07831524284629339,-0.06269773012825439,-0.01860815342353826,0.0755879623442485,0.18914957685819378,0.24618038434498163,0.25659085528981745,0.2492918257255982,0.22718843066752803,0.19989062722465098,0.17902720941590192,0.16804190295564791,0.16156158414058563,0.16317831258925428,0.1688959952689882,0.17621354799937633,0.18887489768552798,0.20551640923904071,0.21493675401023357,0.20965508817568712,0.18836027739692443,0.1678013015656132,0.17419551594101595,0.19799239085670936,0.2151352578205495,0.20618555359638796,0.17315709314849798,0.12391693980347021,0.06902091108659986,0.00979337299632766,-0.050320057588244024,-0.10147551515703075,-0.13148521400438798,-0.12873460300008507,-0.09511593269875693,-0.049902437321811474,-0.02401875866220543,-0.02739358591231021,-0.04657282395134051,-0.06963732622710281,-0.07567243621849354,-0.06159563262180437,-0.03715533411577301,-0.02089771427848243,-0.024011347220549917,-0.04007543962772607,-0.06678429239599692,-0.09537528584911316,-0.12324516900131749,-0.14660740937759087,-0.14810541421900106,-0.11188432071659953,-0.04997939691673463,-0.0007917156913247827,0.0037958831367959473,-0.03825338607501564,-0.10444864115706057,-0.16322076694234558,-0.20393057546608465,-0.211762284568384,-0.17279121408254933,-0.11258720175498645,-0.06445347237454002,-0.035891665105143494,-0.02572240811643632,-0.039717206747057594,-0.0760531544867042,-0.10288031517572094,-0.11299935454221255,-0.11025144263783183,-0.0887281535249487,-0.04210968187652709,0.0311873175431955,0.11939152824552084,0.18145852143600194,0.19251737413332537,0.15156647527045253,0.08019258155304963,0.025554507726304437,0.03902575969613,0.12608113292716264,0.2129256991903128,0.24388037616554656,0.21997755466156024,0.16060526588051818,0.09784257621570677,0.06385296072497008,0.06905821981113086,0.1029152482418147,0.13962263922836507,0.15972011897658486,0.16162448951592512,0.1444999400018602,0.10699089860836018,0.05028594512660319,0.009784140235355974,-0.0029140169505163026,-0.003278434954380847,0.004607682550143573,0.013862981890195835,0.020089399528868703,0.026776442210799098,0.03205644729123552,0.03455774939748028,0.03153174658679166,0.02442447596592273,0.01301526653916196,-0.010880026663806306,-0.06365349443073184,-0.14594273255144358,-0.21997344038871383,-0.2675439495955736,-0.26414714167317915,-0.05889669195246081,0.13439263219930855,0.22024212068961152,0.276665817329397,0.3246500504874152,0.3645491102200415,0.39180950730972713,0.3977014805767851,0.36768068432750156,0.2866911469555813,0.1948385359649779,0.12741972320004277,0.0819799065574509,0.039920028256353185,-0.012895247355017033,-0.09490263056326308,-0.21208922097086047,-0.2702342804337723,-0.22031284704689721,-0.1452004425064947,-0.06788572670143636,0.012591094350968031,0.09090357673825321,0.15081031652632362,0.1846585364112698,0.1947236960572349,0.18325799897973954,0.14538446161905436,0.0811156691416277,0.014661609656450778,-0.042830312334568715,-0.09454369563030798,-0.14285085836071149,-0.178819611107295,-0.1894243944033037,-0.18154631008530395,-0.16920633093838305,-0.161713655658485,-0.15861854497215835,-0.1616617603638291,-0.16488149600592167,-0.14773412873734193,-0.11115777582268001,-0.07342985242185067,-0.058916269861592624,-0.10602469145017435,-0.20302908241996778,-0.2635201309072032,-0.2822656658574601,-0.2713727935058151,-0.2365097673897284,-0.16300980118547992,-0.011547188811556277,0.250382383755059,0.37753362466786616,0.3481122528234626,0.28587755791788466,0.22128331972917928,0.1681416767737563,0.15017574959729685,0.17402146234869312,0.2150989018705985,0.23156556427156583,0.20460196502160907,0.14195664891515303,0.07422098177162649,0.04480571944579973,0.06121652993406938,0.11140612460126129,0.18766265650252706,0.2738147452229047,0.3367997848276256,0.3520713294352776,0.3166856452872835,0.24105586769756776,0.14762731399628748,0.0722013918422041,0.024483102927899,-0.013343055741079142,-0.055035702332005394,-0.09619254215891485,-0.12716607084924775,-0.1456169669742005,-0.1501344749457904,-0.13330802755872895,-0.09198723584032567,-0.03803844133785241,-0.01217104778781548,-0.017229469607811902,-0.04796312820712202,-0.09364476172235546,-0.16242799899118712,-0.24085021553635816,-0.2962559041409467,-0.2922039648526981,-0.19099011694607806,-0.055911185352585456,0.019911432875018342,0.047808014102464026,0.05694053613714381,0.05669261867654755,0.046493014840773894,0.02927514230823894,0.01096729708169116,0.002175271800740944,0.0032510747073763095,0.00438765498338292,0.0024048964390962786,-0.0042158508512107435,-0.011027931556473424,-0.015132520830018177,-0.016503585793924885,-0.017701655302550797,-0.023721500644608616,-0.03546931301386586,-0.05417361576278809,-0.07816445277224669,-0.09218519269616596,-0.08923323050572105,-0.07116764629900055,-0.06001030210283018,-0.06674682886028385,-0.08502395329034819,-0.09460593939272807,-0.07240030790532226,-0.017631342505405958,0.0529350043435106,0.11680354105348323,0.14651103508451632,0.1460016295015471,0.12237182588862446,0.10109390203292594,0.08651368279466862,0.08031383411398142,0.08285487439507958,0.09164317706216128,0.10064172814960626,0.09669431761691755,0.06408150928909197,0.02586457885303254,-0.0016047778945881344,-0.014699782277629274,0.0003015266038771485,0.0568527716986359,0.13078226386325886,0.21310143940441773,0.2945519812243018,0.3504741207150082,0.3600586345737472,0.3186073959096248,0.2460754071792369,0.16620964132246274,0.10514317817749931,0.07060220569297748,0.050780875328030176,0.033978544716145274,0.023697109032958477,0.021862802012319063,0.027595647448027942,0.044601574854951705,0.0885790207057471,0.15202320343973677,0.18360613326492298,0.1667060491246274,0.12348370714925773,0.0650056191978467,-0.007454800330197839,-0.07814869919720747,-0.11413665191981179,-0.12032449829012247,-0.12622151243369448,-0.1360704743336857,-0.13219629017354473,-0.11601182011859157,-0.08775508039691632,-0.06595271698594332,-0.06817735254504528,-0.1050589071177977,-0.16409171420596746,-0.2025747906660063,-0.19717226802785398,-0.15246780984043243,-0.07810498631213678,0.016340957146993476,0.11091514358356634,0.1880391839048261,0.22030324751652886,0.20332793509887648,0.160474023613205,0.12699871120632988,0.10729048435796497,0.08440970738964876,0.05306118636988831,0.016067052389243035,-0.026543443462151813,-0.06578849635638098,-0.09586447089877587,-0.11076615222707424,-0.10554642510372975,-0.08194414843471988,-0.05230941227664892,-0.02593354630537951,-0.0014259162103310726,0.026286428270757223,0.058089751257127495,0.09213404491251038,0.10919465139994583,0.09792779606872948,0.07828332176556897,0.06413466129540606,0.06927839323247535,0.10010633661996449,0.15394006783691505,0.19928413038976409,0.195514455964171,0.1428172422321719,0.08996004551794222,0.051323004007966896,0.02026169054683352,-0.005875289309101944,-0.03619864113830646,-0.0744745448142475,-0.10953681214753985,-0.1263871110888946,-0.1161735183275205,-0.0704173517716251,0.0027103579110456157,0.09778227059618173,0.18639330982973637,0.2398402005227514,0.24914853693203,0.22612204867851865,0.1901373434482767,0.1550531061352812,0.12472228331196401,0.09929040569268378,0.07739594498559937,0.05168384951071796,0.02987188967027691,0.03276369720441958,0.07507381145586497,0.1559661370086484,0.24680817506495334,0.3110648623044992,0.3296288886228218,0.30279616958677263,0.23267957488733476,0.14429711387441085,0.10099154422549046,0.0894129527874259,0.0824138883617187,0.0617835683519281,0.0319639429557972,-0.007698282399315045,-0.041197263074745596,-0.053856178469243045,-0.04036978282019809,-0.013050918373002075,0.002784730403780822,-0.0006336117939092844,-0.016284810381007587,-0.038113524802949196,-0.07914065611090423,-0.1368256651076479,-0.21246812244467428,-0.2661920580832665,-0.250441738105138,-0.19998416451960813,-0.1554168754849744,-0.12631583271619032,-0.11175368447921352,-0.11467519768906549,-0.13899669737184336,-0.18567165164083446,-0.2258352616308204,-0.23948756407072422,-0.21817821005463572,-0.16211267907885837,-0.07879106595937471,0.0021838358189849795,0.05973148916885507,0.09218051094899427,0.1082224079295182,0.11506220020781477,0.13040530898866057,0.18823647905458155,0.21124911712062067,0.10817507512804257,0.06690236169699244,0.048618314983176585,0.042056872573400676,0.046886617645360694,0.06405097566002398,0.09444621845553011,0.1223791091592128,0.11207677760662953,0.07295285646719642,0.044772578493474616,0.052604595871001414,0.09092522370125114,0.13155665853675597,0.14806107124682752,0.13786969185758946,0.12264397974407056,0.1096983791524027,0.1011817622730336,0.09317704313518874,0.08736503022273362,0.08880370935733176,0.09430697268579695,0.10791640615124752,0.1279769197735972,0.1527011524681085,0.1674499455665893,0.15936531535759887,0.13444971960875696,0.11599911235908866,0.1085849054407929,0.09943427876686059,0.07956129790113282,0.037218816172115865,-0.022661804187199742,-0.0824921015144993,-0.13057510251782264,-0.15357738332499477,-0.1313107470779844,-0.07566175658899894,-0.0268921223597889,-0.0005861552767276361,0.010333170923098616,0.009249498113721893,-0.00713003151654646,-0.020985131416891303,-0.02265252426193268,-0.027733282338615245,-0.04833446231629517,-0.0922175779258784,-0.16845928316571834,-0.24789299207522153,-0.2677188126010372,-0.23879048358892901,-0.21207638827443376,-0.20331178196049995,-0.2140236921629535,-0.2392611761811011,-0.25420156546466377,-0.2327051722788182,-0.16892999888360838,-0.09610160266807374,-0.0439548135877835,-0.02134492472840237,-0.024447592642894766,-0.04034397947326295,-0.053066669012264873,-0.05083491830617264,-0.026813075331740044,0.01690623075107281,0.07569192639389738,0.12502652864070013,0.13686315731741538,0.1120798986786756,0.06943195249043996,0.031926666427598074,0.017055560940027907,0.022639730202489872,0.03565007067723459,0.05231547794542109,0.07099461908156517,0.06360408985523376,0.017613661728885007,-0.033145415373649983,-0.06196460637505893,-0.06889792097244486,-0.05641001824928931,-0.033400623306300926,-0.013496346166946971,-0.010996283728726491,-0.033683488201872606,-0.07842330896499854,-0.12604448141106095,-0.15042525130962234,-0.12226543188007925,-0.049033631347264184,0.04330888157669345,0.12288847037932957,0.1740743544539467,0.1931898685038169,0.19438643214647736,0.1836790091795927,0.16553972057744382,0.14685849699854192,0.13946305625860114,0.14484991769194416,0.157084202825316,0.16027667545950916,0.14900863228317257,0.13543277664849823,0.12765782798217,0.1272121444289357,0.1358980300500266,0.1505952687087125,0.17417448821163561,0.19985225900813777,0.23163089250996527,0.25632079659920065,0.2576540186027363,0.2435900005748385,0.21564499864604086,0.12759621826083073,-0.0173208762770916,-0.0988767684878474,-0.14335223954907933,-0.16986446639028624,-0.18395282962954776,-0.18434506912666027,-0.17116639600015285,-0.1429535290521427,-0.08863786266735882,-0.018457443883623248,0.032785006872754506,0.06012868140068885,0.0787589229237037,0.09458625591980455,0.10200937152716329,0.09261224408237698,0.07071888995539737,0.041668056080016364,0.008825192641843303,-0.025295763649167715,-0.0528669566712559,-0.06837096456191512,-0.078236822235334,-0.08901712241116544,-0.10428647676144229,-0.11771819753828076,-0.11747802621586387,-0.09640875059957223,-0.05789205595657237,0.0005296472436403082,0.08123891282213783,0.1802573219262339,0.28162280482040836,0.3497843861773774,0.32626878322737535,0.21289060083345873,0.11325144434027937,0.0769470653720562,0.07002854941266605,0.0551608980783842,0.015453070947334918,-0.04007156726555265,-0.08946760186988259,-0.11216345208383463,-0.09544048153668654,-0.0650961609793395,-0.040940080843861866,-0.037641239637107075,-0.04728797761111833,-0.04503503247106893,-0.007342428435744007,0.06487854247979305,0.15411048722096332,0.2384832062141942,0.29085671115313844,0.29644828139953555,0.2607592850454248,0.21358069763144813,0.18657930518621313,0.179060645812672,0.17076242467427208,0.1486403725738737,0.11827871244687678,0.0757186628349398,0.0378316166542654,0.019752334932341176,0.016713746223020104,0.023815666366992866,0.036843292692463725,0.0478144988854871,0.05827520151847886,0.07587503313796512,0.08513076462238123,0.0817105103080488,0.06009788812217832,0.03325380345058051,0.017288675165894697,0.01583111138153498,0.02389503040419887,0.030902889509073307,0.031213217526722205,0.026535990828365393,0.01646813771519937,-8.855254896086074e-05,-0.030762751120599875,-0.0836595201523816,-0.1542677736832698,-0.2056340344902973,-0.21664657774131088,-0.20528572742551998,-0.17534512578403816,-0.13007433485697623,-0.09398661538287863,-0.06923273513380158,-0.05049400303602961,-0.03195485559144845,-0.008848581830398921,0.026892685098503517,0.0801466586460668,0.14808267417548268,0.21596974136338615,0.26377620123026874,0.29351890619555243,0.3033398431083565,0.2919021352071291,0.24871694439921194,0.1573332922338185,0.08235020644336404,0.07292503864833134,0.11595351393463292,0.17403749536833413,0.21364293511010218,0.182257729366659,0.07563286007737981,-0.044638610528042855,-0.12087774070788494,-0.1491953093157679,-0.14801868135738877,-0.1286705663383351,-0.10219640415944106,-0.0672293733639059,-0.021151209954403834,0.027240442111934788,0.05532643493018324,0.05928086130767446,0.04024221656516326,0.011535565288942902,-0.012129581236082959,-0.032080213916758145,-0.039426366550127954,-0.035723422867209115,-0.020023766495162812,0.018681760338250596,0.08503419678319585,0.14211098761139337,0.16353352140689492,0.16338257939495993,0.14758530620202784,0.1203275160533872,0.08286295991018315,0.04301465957429479,0.012623082313777388,-0.0012565128960374246,-0.0023006916169397737,0.005179905983335816,0.01235453158296605,0.016207672924346304,0.020937443552338137,0.0241613626162823,0.02291403508188517,0.014938694352115891,0.0050164929246858765,-0.006133644611171246,-0.019901393953046027,-0.04098486284125911,-0.08057716508248472,-0.15115910203563648,-0.2527875623627066,-0.35936182646810605,-0.43018443056979055,-0.45271189041110926,-0.446556522743501,-0.40929392631935635,-0.3053396467216452,-0.04415743001705887,0.2324204256556192,0.3060725734657351,0.3110282593240993,0.30272362511098483,0.2960902249406518,0.2837267430885585,0.225872338566577,0.105440127666131,0.0018878063894929176,-0.05370686303612744,-0.07593848178857257,-0.0716655037012979,-0.03864674011029694,0.014341846531432589,0.05884689674149241,0.07898646708579735,0.07761633532391175,0.06812961583987015,0.05612025712589045,0.033636306336317486,-0.00016026678315196139,-0.03123307338449115,-0.03696952125804858,-0.003074818939965966,0.03398490378020469,0.0350868431494646,0.020219830208031565,0.01457425686549443,0.019895422722514933,0.025265903673408623,0.026868801640583223,0.0261925947651075,0.025146066223199766,0.019523173265891702,0.005047603577057506,-0.0015960348042533836,-0.0037917052146883737,-0.004243086162231401,-0.0020220417013300843,0.0060384076753829,0.026654535413519437,0.06578531474634722,0.10537009813942133,0.08613251463474557,-0.000705403988440739,-0.08041824478451208,-0.112099627355698,-0.10367813705563449,-0.07165562353456577,-0.03191635098282675,-0.003946650710173877,-0.005671556810235188,-0.0378206042414372,-0.08479937788098968,-0.13359052895244658,-0.16852176306804179,-0.16800783908664704,-0.09394570450305426,0.07152346492601307,0.2518380057449182,0.3461746422177648,0.35443161537660545,0.30674470945466936,0.22398740684299434,0.13453560750127838,0.06517438757773603,0.032634396554117026,0.04419943130151768,0.08429749036253524,0.12089042051243394,0.13841877216515852,0.14197411558347936,0.13337661010663315,0.1172047755944733,0.10021132635249469,0.09069633502906224,0.08785369945442148,0.08611831272052345,0.09324703601277082,0.11237558033458099,0.12805866814593894,0.12722469713597184,0.07503730778583019,-0.07551793439884522,-0.2585270268433127,-0.3453133341961863,-0.3540532435683271,-0.32962450106063557,-0.2911002598344805,-0.23959734405687896,-0.17590030591625133,-0.09644748746543369,0.0038315124707133446,0.1009076973069747,0.13815417921818132,0.1079646342410187,0.05936821625780057,0.01982822998148942,-0.001974183337487089,0.001083345397312921,0.04219073403180798,0.12241629809430872,0.20934961634013644,0.24557975525823056,0.23438655561798521,0.20312761359310041,0.14272084023301732,-0.0008039437718736912,-0.09192187183320523,-0.10716073222061767,-0.10260535590634426,-0.09292681265142945,-0.07758999248842444,-0.05824129968921773,-0.04170035315258831,-0.027162977805185177,-0.011243722966932067,0.015162466187712668,0.04843560313251701,0.05488622643049559,0.02737914532349749,-0.011479480915248927,-0.0490573920343749,-0.08630908799699627,-0.11152295486445217,-0.10957930714280664,-0.06885162105456763,0.011354619334936585,0.13574400528493952,0.26551179278280945,0.32420980997550103,0.3204701854338552,0.29875745777014445,0.27386974484707,0.25297726290643147,0.23597495550553654,0.21714913584453127,0.1908721634389018,0.15990267865128469,0.12419529490030029,0.08755973044036675,0.05589549194996976,0.04248572960798638,0.06025283767789311,0.11352860737387666,0.17250201986644828,0.19560680631082347,0.19915139376135516,0.19492954488632439,0.18175150842211796,0.15033533969023785,0.08732112743663094,0.00025826922553825343,-0.08876309214621778,-0.16962628151948317,-0.2423891417950473,-0.30848463424152,-0.3416143120740139,-0.28641624126505083,-0.15765872810587514,-0.03478694615453608,0.05693181187078489,0.12226306298337104,0.1677684283570234,0.19486000506952342,0.2043804965878437,0.19318320495989003,0.15483368954818502,0.07649287660096099,-0.03319217048067748,-0.12831435609035907,-0.1885660808110314,-0.21628609641552005,-0.20503107953026867,-0.1616191083206021,-0.10481461634885954,-0.05751941634329136,-0.03263198055142123,-0.028687527143312862,-0.03467909644713915,-0.04180869635164684,-0.046335370636357766,-0.03604384206637301,0.003334035617578957,0.07271222118416348,0.1441736935631525,0.16968049290125498,0.14634642370525275,0.1045707003254779,0.05104812708714999,-0.047025711476955084,-0.09727040584854214,-0.039824041789039005,-0.005337064320852983,0.02809626280288677,0.062168422254893885,0.09765807428346071,0.13687012472984045,0.1784510813370195,0.21684661382977172,0.2479695122560224,0.26263214559438236,0.24902717779262742,0.19817824263167078,0.10748620892285154,0.008370961056508494,-0.04552008387244002,-0.038137221592235926,0.017135237575925135,0.10035587184638717,0.17046663940763257,0.20273888801757328,0.19330698300021432,0.14767870660715732,0.08719077725615636,0.05022757091100945,0.03481837467392014,0.025143056624035404,0.011942169298222907,-0.00854603038026636,-0.03365059349581753,-0.06115655882546218,-0.095516961259829,-0.13814792446887483,-0.18501133564058647,-0.23830050305145428,-0.30958657464257083,-0.39936613379428443,-0.4786754384816932,-0.48699499453176653,-0.37940691296037526,-0.21931791874508155,-0.11804292463783686,-0.08437383031344987,-0.08624341618065666,-0.10035577722067193,-0.104490389247746,-0.08782606776412677,-0.06146887902665709,-0.04840014692854408,-0.06896943778420532,-0.11429691116345356,-0.15955440943719543,-0.19255504203884058,-0.20623240019812705,-0.18733277792898725,-0.12410319128347967,-0.0510603259974651,0.019772743839335055,0.07603347611098403,0.09488044471519054,0.07808012511487147,0.05937898656562401,0.051511370383142116,0.049962005078163445,0.05009960487700233,0.04555731754912214,0.03594278896270511,0.003384318870131626,-0.03808761660144016,-0.043078665269007055,-0.04683054985074145,-0.057226942646115136,-0.07651081474854189,-0.1083839030986512,-0.15839481194273888,-0.21696869532918397,-0.23168168004754786,-0.15194175609873029,-0.0001472852177170818,0.14714758740503187,0.25699678365149053,0.3372849337672512,0.3970165857383424,0.44309422833003376,0.4730943814491838,0.46692822772347004,0.40064297202811966,0.30718243153063557,0.24407593738218708,0.2236313471706558,0.23196536992712752,0.2301485576040623,0.1660334545295463,0.06647488764350082,-0.01711309224396725,-0.066295442559602,-0.05403208302265695,0.04052021235104806,0.1734660276988471,0.26713460531473393,0.2980442921092188,0.28654267706556363,0.2596430929649264,0.22749179325764712,0.193882171353216,0.15939366140455066,0.12669933684993806,0.10598092237615901,0.10320124438621892,0.11533993377477189,0.12936064336976896,0.12913630565439685,0.1053115257951709,0.05699416274855307,0.0009369742194807884,-0.025524693072286102,-0.0012550167573031725,0.06276748255319327,0.14533926595636404,0.24307630073366712,0.3362303279803565,0.3834490294990434,0.35229386757901393,0.243118975404521,0.1329494096879009,0.07465049307224247,0.06996083102479125,0.07312093147095299,0.050537703780575656,0.002199829217625338,-0.047812853550246566,-0.08993206992897386,-0.10852511907934768,-0.1136630370490236,-0.11765912914237922,-0.1330749778511646,-0.17553203289011504,-0.2254078212343696,-0.2017490224521977,-0.1336417063696648,-0.08566285653904374,-0.06668536488642493,-0.0770244446893533,-0.12292478217407506,-0.16571094563917813,-0.1728097991825006,-0.17988154314785734,-0.19163689114256355,-0.20192606811627825,-0.20199706440877496,-0.17973892682583575,-0.1253064353658215,-0.05084077263966545,0.02406471193365688,0.09474409306072541,0.16510783152721603,0.21546831527015015,0.11987362050765803,0.008629069161197921,-0.043088332390692534,-0.06118313205766569,-0.0580977342925843,-0.03854752379750987,-0.00825636923315377,0.027280117713927132,0.06403139673256829,0.10268875276000966,0.14325182541749407,0.184151471504167,0.21956960384585325,0.24595732232370957,0.24202210020347575,0.1471963721971448,0.025625269320594533,-0.056909208502593206,-0.11055031992495679,-0.125375212115705,-0.08890427459919062,-0.00016502660028608156,0.115748486082202,0.2012035271141307,0.2210495994041026,0.1956694295991944,0.1559669099061886,0.12906468057425338,0.11988978931399186,0.1175699690831605,0.10980322538758265,0.09035541685127252,0.049728162765017965,-0.03251041619181515,-0.1483256179266058,-0.22481421960935605,-0.2708162145890777,-0.31668929722310446,-0.3816371708615032,-0.4670198113351046,-0.43839496882804907,-0.26769068962292486,-0.13401645660893688,-0.03589659635982145,0.04498831282071738,0.10643808694967395,0.13911030775186037,0.16392356645256942,0.19527459446061804,0.23355753738745405,0.27867397145346373,0.2937158367875268,0.19695932291267584,0.05187791325707039,-0.06793359158308754,-0.16964248476420835,-0.2714450002537191,-0.3713984466681216,-0.43633414744084803,-0.39028746546759313,-0.2397579214692362,-0.10825760070817379,-0.03326490642724214,0.0020560197334583436,0.020304220246609585,0.03542870986318347,0.06723527894348924,0.12857841223374716,0.22880608786636,0.3587208474596763,0.4076898045475626,0.2827666326754261,0.1482403379786589,0.08039708883660392,0.0619473086740396,0.07919426910304225,0.12582002449433444,0.19377113160778794,0.26390442891826754,0.3157114098874467,0.32429168584050566,0.26325760936641524,0.17823059183815051,0.10638784934003116,0.06045414883067391,0.0460005320296848,0.05258197020074517,0.062072351446861636,0.06667751068604265,0.05754573452545389,0.011700139683523026,-0.04154987839012958,-0.04679355821199624,-0.03853722449506088,-0.026954597029432,-0.014647946988441362,-0.005144514424678103,-0.0026266357640378026,-0.00923287139952179,-0.01939246684226376,-0.030964629950732712,-0.04134971996112766,-0.047658672425573666,-0.05204622426003057,-0.05166242798692832,-0.04688021572350604,-0.04322035064635151,-0.04613063352360754,-0.05270581273790232,-0.04896379158391442,-0.023397326971441704,0.00746305968462321,0.03303939213654741,0.054620781890725396,0.07749673331268254,0.10702907471009206,0.14449192359319588,0.17916024146547532,0.19435132620184364,0.18395969181720223,0.15010648255146442,0.10331398334527409,0.04935356447402973,-0.003342815444265916,-0.04398486308546147,-0.06101041787442067,-0.058271689627578165,-0.052157882928349775,-0.052177234314876406,-0.061034601539031605,-0.0716327264245769,-0.08295534304571855,-0.09767707445302633,-0.10166891295023008,-0.07939496913401507,-0.028420523806186256,0.0331235862926808,0.07621225005110532,0.07991667120842615,0.05610737687908183,0.03230713699988507,0.012583961534040258,-0.0003275098919604733,-0.0066689505341578515,0.0022849228683382425,0.046181412248765485,0.16381802154677666,0.1965556504918907,0.14850138384389966,0.11504136101887069,0.09037119785848723,0.0643557393950141,0.026336650180107318,-0.04572804267146889,-0.14992737867712794,-0.1947685681523127,-0.18615391479378934,-0.15986395445763443,-0.12426020745581681,-0.0808155511672466,-0.025788306940248123,0.048809972274418065,0.14291011078333424,0.2544866595203134,0.3513808429012704,0.41221418960886885,0.43447159221134274,0.4235989790770078,0.3872732128814599,0.3344164310148009,0.276788969499258,0.22971621654696306,0.19579626988309595,0.16712784785523935,0.14479727440074117,0.12739342120080102,0.1020037764370179,0.049696085330280554,-0.03129529315904938,-0.1022894694536267,-0.1183181691115487,-0.08864702493839889,-0.041339247956208615,0.014850082655755752,0.07582929882543096,0.13202883162293658,0.1649991274932524,0.16912635669868112,0.1554149566965373,0.13099796625503313,0.10146987688583306,0.060435389287352925,0.0016546111299395928,-0.07560869710571237,-0.1724549096568469,-0.279657589032705,-0.37500102033342253,-0.43124274387054157,-0.42869193680395307,-0.3423381062991988,-0.20738523850572751,-0.09735550795772088,-0.026616365561336085,0.01742631289974549,0.0435015169839686,0.05003461660646276,0.03785576566527371,0.008911222248705143,-0.0486628923245544,-0.15540773792290885,-0.30499072437702035,-0.4140466463622107,-0.44124999607984816,-0.4098255725234569,-0.3209373411820094,-0.18494275365058202,-0.03795593326614282,0.09459705776883512,0.19548505642606231,0.2509103336663059,0.27037799744216023,0.27014597067523927,0.2615071610947804,0.24610655244256907,0.21461463036614312,0.11475480562207839,-0.10854230617184665,-0.17805167952349843,-0.1592588725003774,-0.11157532240625755,-0.05142607545930588,0.010013229912899862,0.06466934399104506,0.1027327467744535,0.1197262803845398,0.11458153209611113,0.08927658087791152,0.038450075425618596,-0.06045185326078351,-0.20713887207160658,-0.31714709045909206,-0.3670965758607475,-0.37966888937678694,-0.364958468012762,-0.3207943396064308,-0.24573503004310257,-0.1610766796580808,-0.0867530564079898,-0.019683349582269465,0.03743605205758219,0.06691497654692104,0.07765204703001842,0.07668916400244208,0.06838064297480002,0.05142515083325494,0.0297382597526792,0.006680541162445386,-0.0049158343017970665,0.007737668561676491,0.041431530057731286,0.08045265013539403,0.11579559056584734,0.14818938383217908,0.17464777924501934,0.16795176765214956,0.11116854231677749,0.04545247487437248,0.004776579264510328,-0.0107336962187512,-0.0080294677882511,0.004381307794846948,0.016148981733408115,0.026170955186274734,0.03587173671236406,0.04500206927421831,0.047242328055224846,0.03620034203251593,-0.005917772480514892,-0.0304371986977816,-0.016084032676190612,0.013036370213950137,0.04581311182232842,0.06859609798570053,0.07069199928062217,0.04632923111135633,-0.00622692495041334,-0.08676036754505395,-0.1742360798700513,-0.2424719229601719,-0.2789706274666635,-0.27348751684982037,-0.185670237749959,0.07779651333728252,0.2895558084075565,0.3402920098097678,0.3554040236391838,0.3658484103743625,0.36774530046813503,0.30998801435781614,0.20282098281088365,0.1238926016168855,0.08174623053050879,0.07001249260595495,0.08226567392180631,0.11106268170311617,0.13752593054464748,0.13737427633851815,0.12531453711689497,0.1203240142331837,0.11677392698094603,0.10145636543601032,0.07631770233944848,0.053291597108613475,0.04387096230237455,0.0601125895597565,0.10693710819622167,0.15446806963553852,0.14931487460287754,0.0796475816019739,-0.014608744043183446,-0.09694621659141887,-0.14816165353948954,-0.16251726025987948,-0.14101525214198,-0.09339452142280254,-0.03154646996895264,0.03238886864819861,0.08738447065212047,0.11925067358892127,0.1240718625000632,0.10425825661636573,0.06240484035359957,0.01805847043527472,-0.00828434844020371,-0.01956759564988334,-0.031605963957166486,-0.062321466623690876,-0.12389782745937741,-0.21222689004114761,-0.30865886129591374,-0.3928994299506718,-0.44963533050366455,-0.4768570613088599,-0.4678240028860933,-0.3947639979262176,-0.27071451670813945,-0.16109485502109047,-0.08383549351325222,-0.018284092077495758,0.0542326240869566,0.1492955653664881,0.2620650000762374,0.3213024895710929,0.2919166913564593,0.2292361451657421,0.14667903942238775,0.04220491908002768,-0.07368006182622967,-0.18027944177371213,-0.27220659427752464,-0.36784541780032837,-0.36331894885397537,-0.17496680205628773,-0.04533887964962499,0.040259411075287126,0.109731692154896,0.17200953559158383,0.22101230985779421,0.24432756565169428,0.23244285793219285,0.1939165341393251,0.12882162002508535,0.03354201157599971,-0.01205564029180853,-0.022681214994381724,-0.02431221839360689,-0.024293969060775817,-0.026066115672328895,-0.034004126028709614,-0.05628245298857517,-0.101281340748781,-0.16758106378628304,-0.20830039889979068,-0.18860559426991513,-0.12651885265387555,-0.026953975174781646,0.1168530598872137,0.2325222892334293,0.2705056882684577,0.2662864384143786,0.2351878928492348,0.16943305371037926,0.061217296551744134,-0.06336264755308899,-0.14428839784351555,-0.1597016580037584,-0.13485832530660588,-0.1065829561614523,-0.08355288131025662,-0.06330083080180744,-0.04299393060897026,-0.014383188099951276,0.028524926422452884,0.09346068485032699,0.17918686525596147,0.26202875771595274,0.29372913426969655,0.26399042610227436,0.19997272228254503,0.1264818676207258,0.05327019248699977,0.002148121634741459,-0.012684106972343267,0.007578839486951759,0.04496893054361068,0.07902568144517716,0.10252791762151814,0.1125648834751373,0.1137728811822563,0.11893980237706804,0.12434410825851609,0.12591476127793486,0.12219720045567288,0.11636837860754642,0.11909360960457435,0.13636494594378593,0.1598024183778658,0.1798583366607951,0.18724073271895594,0.1861502153402316,0.17992179544198394,0.17899964611132446,0.18349029887646245,0.19733989080580128,0.20925645327590753,0.16507019970270911,0.07378234734917954,0.00021377628934348458,-0.047880279278123515,-0.07327414270233616,-0.078322368032791,-0.06986909790468661,-0.05421214505381809,-0.033578511577025,-0.02112144806058208,-0.029810740742368013,-0.046560027724864714,-0.04102069703664804,0.009419720113539892,0.1204110231853822,0.26681184859914575,0.36722341525828006,0.3944371877502245,0.38096124182855823,0.33768680480551855,0.25422308121969356,0.12230408343388566,0.0051486915300095045,-0.06035020765503653,-0.09506800906008098,-0.11773777744465957,-0.1338726655995678,-0.134290354477495,-0.1190387748134688,-0.10446374997683393,-0.10293981843776476,-0.10557314623273327,-0.10549466851735592,-0.0989744234604911,-0.09293478471683071,-0.100683068925336,-0.12095479910311452,-0.14565999031626914,-0.1584355138627012,-0.14017167248521648,-0.0724576616942815,0.025517030820242845,0.10613409735000619,0.15231769504029757,0.1596541714619046,0.11720539461459924,0.028658216385024835,-0.026574763508259082,-0.027553636430076602,-0.010845792024283865,0.009697941975232913,0.029916802127350716,0.045752129148804555,0.055745931981587706,0.052634872801923284,0.03472817763437297,0.012162618017314226,0.0007374896304604054,0.015305443304350337,0.06301151886994005,0.14639016548014558,0.26020256378331635,0.3810434665977027,0.4633344325109549,0.4860298836880674,0.44938140453028946,0.37260943257458107,0.28087941557580853,0.18909665405877307,0.10788106510142141,0.05709606604038406,0.03669028947884034,0.026991107687606947,0.016870518642384213,0.007202784153376035,-0.00621325755518873,-0.021615169108235497,-0.029103184198654285,-0.02064923777628576,0.00019321887280099724,0.012858442232301188,0.006995173818570657,-0.011529099332069134,-0.03691482673761257,-0.05850789218537593,-0.06487275306311178,-0.04423922829114174,-0.006681947519687009,0.031805826519809864,0.056328807041720275,0.06091195340778544,0.05684186013301104,0.0571909252358451,0.06713828839637467,0.08436842021586587,0.09630159459154754,0.09817830600265125,0.09335677648920938,0.0883419880932626,0.08713236708215415,0.08704464437042993,0.08831858897014414,0.08275616008631825,0.06458949288840386,0.033905497178897244
0.2957910657201074,0.3207103569065505,0.34386748203486867,0.34336077873992304,0.3150860288740717,0.26889368406790626,0.19905096499780534,0.11603225726476755,0.0394644908415896,-0.009613090863115018,-0.028318179403254398,-0.024862637028530313,-0.006305387886729702,0.01463251769666246,0.03961563280404891,0.06445379838752958,0.08259734903873195,0.09237598869372998,0.09108295871852921,0.06734784160475123,0.03286914048625385,0.012837862321951646,0.032188826078905976,0.09408813906668667,0.17774784906833682,0.22126402717951157,0.17104245974533705,0.038505318472609185,-0.0986779708374192,-0.19053878936153382,-0.2332347779890516,-0.2493048370435223,-0.26646344879908573,-0.28833327580541773,-0.30698307379944245,-0.32885106902485417,-0.3637270826848257,-0.4099809839952323,-0.46238493189701857,-0.5154617287631604,-0.5644700411544671,-0.5850932920424601,-0.5089621949344915,-0.28570818002600684,-0.08359350387534371,0.011896099434686213,0.03587827139153796,0.00196405430604151,-0.07656635151161068,-0.17855629387022942,-0.2681616802373817,-0.3234029844206586,-0.3453150611983434,-0.3347049953274862,-0.3001797230165905,-0.2667312101549956,-0.2621798592926869,-0.29237868929015415,-0.3514452461868878,-0.4241154325442444,-0.416586528817825,-0.19783331034912427,0.05563034277135319,0.19396709880514246,0.2486749139725639,0.258792580536248,0.24691194020518997,0.22012049847857762,0.1664720187908481,0.08364918617153606,0.00030990980699084614,-0.05118254020720248,-0.059402225863508136,-0.03475686913622811,0.014390980368497583,0.06605990097971465,0.10753736441377632,0.13660595113191482,0.15606331184306385,0.17376255069118138,0.20037428464704607,0.2439060611451994,0.30250075977844415,0.35429622600195393,0.3811445742676463,0.38058958834983864,0.36454666728385027,0.33390248174322124,0.3056332836064592,0.2923434671197967,0.2834049481343716,0.258027702506964,0.21260809383449883,0.15662774941816543,0.10743526925639099,0.0692150355718511,0.03249042200872174,-0.005326208141782865,-0.04358444031096126,-0.06923073739398623,-0.06903666631723153,-0.05375659923136291,-0.033457468306736377,-0.01999938469313657,-0.006446447943998438,0.007992565680905972,0.015255789028226897,-0.009519100927917327,-0.07888482015921552,-0.15992371005870656,-0.21359934914557446,-0.2242241115996961,-0.20033099089411893,-0.1735527521712205,-0.1646578616074059,-0.17655474107265598,-0.20841454000726944,-0.2607710257389961,-0.3392330498885964,-0.43533033605377863,-0.5250241860652108,-0.5870377645411499,-0.6051978042924423,-0.5609560112938947,-0.43212857033498914,-0.22727814673231164,-0.03024446281306559,0.09133645198318757,0.14484934978596475,0.15520406118239685,0.1411285331397321,0.11376212757444741,0.07641919780357412,0.041346550808588456,0.017007427686194267,0.00985434910960031,0.0037452514479148886,-0.015039739068587533,-0.05283520670224688,-0.10278143301360274,-0.10540212767508235,-0.042394250277378705,0.03356920374506069,0.11125643500983888,0.17047623911786067,0.17130449459339356,0.11931664597235857,0.07362550094080346,0.05368017887092331,0.0696295867002661,0.13461888608864853,0.22983441697257373,0.2727245544311468,0.27716538506929755,0.28028207564919644,0.2887716591437695,0.3069760824338452,0.35586504793148116,0.4861045776885871,0.45368781583911305,0.23727581441633153,0.15511975063874944,0.12569498477160404,0.11744511949714813,0.12035849354945531,0.13489402851289692,0.15972961822740298,0.1749524440050222,0.13132235971872108,0.09701792929474812,0.09486857143407637,0.10656438180266047,0.1170656858884447,0.11915217370312667,0.10633454903058798,0.07625163565754342,0.033864540267964725,-0.009545931335907252,-0.047232792280372644,-0.08049784186439991,-0.11378587036793666,-0.15541618446631056,-0.21199202528621455,-0.27273490167785525,-0.3165077038051358,-0.3419111994089715,-0.35829278067587206,-0.3700160005059663,-0.37526045955472775,-0.3608943005462332,-0.31954155650151195,-0.29183600369636603,-0.30393341835900295,-0.3513126364125523,-0.4126741111090935,-0.4511827540814215,-0.4392912949519582,-0.38838021662075817,-0.3423278634535084,-0.3153616481218482,-0.2975681759185656,-0.2779266585923633,-0.24091754095394813,-0.196374409702647,-0.16408201395067842,-0.14446271826124213,-0.1406152967676047,-0.15697611833482286,-0.1907682472691088,-0.2159667492500671,-0.20762744226775304,-0.1726909589084035,-0.11570726703320128,-0.029235642182742168,0.06777321166238501,0.13885403895013748,0.1624777019688735,0.1395727708871317,0.10020288124459116,0.060996557180488284,0.021706593068097767,-0.02827401195499517,-0.0927586273240639,-0.1530062765758183,-0.1634600982897295,-0.12475363504910589,-0.08332511617882205,-0.05432377377395409,-0.02706715094954694,-0.01249437178839058,-0.0012231624970280826,0.0077392467787805765,0.017526905556459704,0.02930585070283832,0.04359893901933764,0.08530051343148586,0.1591177310206647,0.23183228144098011,0.27642203448238895,0.286362693700672,0.25997472837295305,0.21397291808864474,0.18191738118934778,0.16992737077559386,0.16567070924655752,0.16672247749497734,0.17039294927305043,0.17825874489449148,0.1916543434252075,0.21458283704721703,0.23773541017609517,0.24566065442523946,0.23443398896575907,0.20968676752209686,0.16916968220338768,0.11501999568376862,0.05161002556543804,-0.008755589100193287,-0.059861775763250705,-0.09299176954652967,-0.10275023392529777,-0.10090797328682131,-0.09805380114533742,-0.11746169130778433,-0.15709625932019733,-0.18632018511456952,-0.18322106611044103,-0.15408998122912415,-0.11517601431620253,-0.07702234426738998,-0.047907934738815314,-0.03239940166676738,-0.0315717852962719,-0.042015007494838996,-0.05902449775683659,-0.08170399916639852,-0.11786055467829296,-0.16758918217487098,-0.2094492121675479,-0.22346533118034764,-0.2365974871748641,-0.27031203450739505,-0.3282131824712059,-0.36933913145362285,-0.2798199323564167,-0.1272487310915304,0.0010700790700327854,0.09250951727281775,0.14362113098770307,0.16065853141468034,0.145944570212488,0.10352295636025972,0.04110691893205463,-0.038402430295056515,-0.13512541208734968,-0.23467245743197931,-0.3155294055442614,-0.35319946553921616,-0.25478890641110274,0.04919718658625562,0.25378768178580824,0.34294599897052075,0.3842667346806567,0.3948793858017646,0.37941983363663884,0.35399460781254505,0.3388083208119643,0.34035760980692886,0.31069787374021923,0.17181219091890707,0.0998011653995576,0.07927411028518845,0.07594890640204366,0.08357097880723058,0.10102396049615087,0.12896429143208932,0.14361708986684402,0.11673675874192684,0.09192460156778254,0.08251470284069287,0.08474038000864263,0.09881291811276761,0.11861802130207703,0.14025695107324962,0.1539014583470978,0.15574990447989004,0.1351642229766625,0.10584189494002975,0.07842818406331542,0.05488078705054759,0.04174326570681591,0.04590150761055457,0.06988625189901597,0.10683127795242248,0.14299099992324937,0.15723174583900884,0.12412495178860998,0.012595010141438446,-0.14166513346560336,-0.24267205754073604,-0.27775814416750494,-0.27977282216535565,-0.26853317869557025,-0.249998955632551,-0.22751062924982637,-0.18959437272375312,-0.08886033194387104,0.009604252455625985,0.01063637581374798,-0.02737916531674361,-0.07191640004854713,-0.11490689167313688,-0.1566401777482993,-0.20914486097945442,-0.2707204266492924,-0.3111204670432434,-0.34596301812537733,-0.3933521364290591,-0.43739656441987346,-0.4491328545304757,-0.38406390308696337,-0.2289374036435141,-0.03726906465904756,0.0858302748237231,0.12247070929493564,0.11839734135719727,0.09552993081791805,0.05836999276069104,0.013118841691479489,-0.04016714133795241,-0.10243908706518856,-0.17745674963437855,-0.253806502936252,-0.30815869187585304,-0.33003896591581944,-0.3268977051534138,-0.29031091119236213,-0.21403493362020917,-0.12747246833783749,-0.06754292986212679,-0.04455269584066234,-0.048987223158425935,-0.0739894466488971,-0.12947811031415832,-0.20166100139662216,-0.25761672349799714,-0.2892067222373047,-0.29575727226556103,-0.27971894150169324,-0.2539033151630368,-0.24205466423961197,-0.24737600690551917,-0.26218243723049467,-0.2781377201518499,-0.2919154606112844,-0.29624166928686657,-0.2894097622171775,-0.2531039977340639,-0.16367308501064054,-0.025541861868731357,0.11289375556461595,0.2121151202586206,0.2744486698959967,0.3100450630034668,0.3290446693241552,0.34867577844995085,0.38770103154303215,0.440724227527204,0.4002135528538642,0.2781875450064483,0.19895199740991196,0.16527502254962825,0.16284425203164402,0.18123764276549825,0.20555785848614844,0.21726993085993973,0.21021551233935443,0.20357811903079592,0.20339151822744156,0.20382614362969267,0.19851814184234143,0.18751275353832808,0.167854923506764,0.1302304015506942,0.06495778972004655,-0.04044600352581843,-0.15569286574380015,-0.18609486634535424,-0.17988066070305833,-0.1715488429869768,-0.15646143119249636,-0.12586426284925578,-0.07022822154098014,0.00901681244851403,0.0922774799921126,0.13880695194730486,0.12098643733580228,0.07253439594399795,0.02454154528043854,-0.014192493577146303,-0.05492849689319362,-0.1066675292371444,-0.16244753168323353,-0.19824273613603186,-0.21555205253046908,-0.23115360395738463,-0.2544323256831057,-0.2776958798081106,-0.2816542686427212,-0.2515302751073762,-0.21410855815345015,-0.1865383288907323,-0.18074071905711556,-0.1950285726267573,-0.226207440021797,-0.26753122306250615,-0.3075954879184472,-0.3354122360077485,-0.32624385579568,-0.2669706771784823,-0.17955709687295984,-0.10485501471341449,-0.06274408836004909,-0.04110841925815571,-0.02373759136687161,0.011040688795912952,0.07509553288606433,0.16217879162395668,0.23985045544619407,0.28779057310969286,0.3128312885312468,0.32986883916002246,0.3432301260912523,0.33917346213119964,0.2968910559233563,0.21424961541553283,0.13902913737926972,0.10808535245394901,0.10237031922445221,0.10986288594458408,0.11580466692413152,0.11492176848950976,0.11511750211595013,0.13218181222988784,0.16883348498845308,0.20953688838355752,0.2410112510509759,0.262623098159978,0.2717475596164823,0.2627978346902406,0.23809386762339027,0.20628295551775894,0.18400175850593142,0.17887487727145934,0.19389468185836292,0.21659286295718433,0.23904990768934356,0.2576658482546596,0.2739140802281166,0.2799261569608202,0.2686193059449706,0.22301480193790732,0.13791864127722023,0.04855520217960417,-0.022426229953392763,-0.07885529008306134,-0.1283888985161378,-0.1662578536650746,-0.1882008082325164,-0.18798336586978295,-0.16621473144376095,-0.13706064853628275,-0.12323231038025698,-0.131293040552641,-0.1553120877279565,-0.18305130742301742,-0.21751680636799672,-0.2697255531289408,-0.33432576377073064,-0.3877499042119331,-0.3876694051021603,-0.3509125734798347,-0.31590799723419055,-0.29545275025310835,-0.28120363504340073,-0.26970426951501303,-0.2551289677834527,-0.2406923485910419,-0.23175140844001804,-0.2304344460480483,-0.24339893025471424,-0.2736135682437186,-0.32654014953413557,-0.3652151920464666,-0.3382258697753663,-0.328454003788027,-0.40310066421228247,-0.47391830729213363,-0.3244146104477661,-0.2102800648515693,-0.1552350257774606,-0.1266103984324911,-0.11105844869022877,-0.0976332982951127,-0.06696945017433695,-0.010323979262942101,0.03497259377584741,0.06574863523138702,0.09916207485904867,0.14188135985686345,0.19894610266828827,0.26423990161340877,0.3110810455396339,0.30317590597180677,0.25891409327951087,0.2218466940533851,0.21458915677702198,0.23198966920749822,0.25295369148690566,0.2514838422224465,0.22496276769024245,0.19635117439100772,0.17668740028289948,0.16630906204477564,0.1377988070691295,0.06908383595221224,0.014653573818338388,-0.0032057212561229995,-0.007713233241212408,-0.010894244374257163,-0.01596279584911759,-0.018603926836579424,-0.017587818481236046,-0.01237020137055488,-0.0006251551756732101,0.027248788690347737,0.059109516746470823,0.06530318975754382,0.06923477557197158,0.07473767932538547,0.07626608791481125,0.06505890824122819,0.02601449140904088,-0.043751292830325826,-0.09553484038727662,-0.09713735075488988,-0.07620995635356274,-0.0356738892592709,0.0074375890989713325,0.00927065839613631,-0.014112372321158868,-0.03482540004199538,-0.023056663592795953,0.024181289832140622,0.08648503951180092,0.12891980826916163,0.11668460786753465,0.04160616055664191,-0.045180974291384395,-0.09157578504739804,-0.08042987664974507,-0.028166256763732852,0.0346272897812477,0.08336686498389188,0.11111772451672608,0.12506241228521656,0.12730924233120627,0.12400435611563523,0.12076013865592973,0.11637772299759212,0.0996698647315766,0.0713766770024539,0.034680933797711505,-0.005596598832625636,-0.04771848383386005,-0.08484315706932555,-0.10882295655576958,-0.11175601056371798,-0.08943536485330536,-0.042878708357135246,-0.00074513610048435,0.019533010397399367,0.026867346208486114,0.04474406317342769,0.06429744242099392,0.06402144220400031,0.022418980863255562,-0.05724444054571331,-0.16323779559541482,-0.2728915909514709,-0.348109058557878,-0.3671180947347461,-0.3365628052059991,-0.26987444386346066,-0.1676887548470669,-0.021802912649171335,0.1361425835288709,0.23028785625659218,0.2587049411721666,0.2642939223312823,0.270497713709142,0.2914598973297872,0.3222048141869699,0.3509651205611376,0.37231521525020345,0.3936399954142575,0.396430336421407,0.3322321172968256,0.23136644994642702,0.16146201212514338,0.12455671006993035,0.10484082571481071,0.0854860872626535,0.05588682045585262,0.01647305139767479,-0.023630653431984436,-0.0513077843122995,-0.06404207380857804,-0.05771696932774965,-0.020103776703535574,0.044589678681474766,0.10102268484925682,0.12220258889630765,0.11044672057536722,0.06943111075646927,0.011897679147467196,-0.06274478008154231,-0.156244734717992,-0.2433578631217523,-0.2983539227270018,-0.33190628236981656,-0.36464473429589916,-0.3997403669797561,-0.421916755213193,-0.410447754347233,-0.37449472711173676,-0.32544470718580104,-0.26522022247307503,-0.1930496739106769,-0.09431427096810704,0.005584928830861052,0.03788614181283752,-0.004345797302255392,-0.0835726258376889,-0.155591968677347,-0.19349508576041013,-0.20140785833966923,-0.1921180984627848,-0.17431161252130828,-0.16291332578760104,-0.16725582666536676,-0.18204489376008873,-0.20587823779994666,-0.2410152831298786,-0.2908220916388493,-0.3501681703656596,-0.3945736087859918,-0.3995868670508957,-0.3766475096037922,-0.34899900371504683,-0.3297118172999119,-0.30981270258762345,-0.27707667731557256,-0.22957514909414545,-0.17435288444216904,-0.12795758217914194,-0.10196295222376092,-0.07898022536964802,-0.04800268712404262,-0.007562986492023597,0.03757756938061359,0.08865492291698207,0.13362959048112233,0.14650913208180322,0.11708207134864443,0.06795374623051129,0.03175735895653621,0.014325231153614889,0.014769136256546187,0.031529642506573724,0.050631933923398674,0.058354579230042995,0.053054097403235696,0.04113641926589035,0.02627289433222066,0.011660130194282784,0.01223759627269715,0.04606113238547352,0.11914149090995935,0.1951866837538488,0.2555046999529925,0.2992048248010489,0.3285290032366423,0.33635745506327075,0.30419118696759223,0.19455428707262354,0.04718088550082229,-0.04467589064086753,-0.0845111038684601,-0.09445076337228003,-0.0958552784705456,-0.10670244725998232,-0.1398646944933189,-0.1964221317135476,-0.2513571335970381,-0.2891191224890342,-0.29124073279517454,-0.24784694968372173,-0.14382800744753982,0.004971488241122506,0.1513553279254327,0.24713492652752236,0.3000957630733142,0.3247649575245415,0.3224584386234384,0.27778090374406017,0.19997260228312463,0.11737827156879833,0.05792741109457839,0.027245884572981167,0.015362388727087135,0.008789686464438617,-0.0029554707028746716,-0.021991178278169907,-0.043532230740655986,-0.05489801206719463,-0.051658776446952694,-0.04209351275239446,-0.04426144890714496,-0.05961465492917937,-0.0819956485863152,-0.10745552278172885,-0.1285705653446497,-0.1441058070637875,-0.14551983954122238,-0.13939263454296155,-0.13644790965672404,-0.13594123485588927,-0.13123311872992813,-0.1060750853452532,-0.062284921439099146,-0.033353313772785644,-0.03555777593755309,-0.04766044911426426,-0.042540774220119267,0.010058860361056299,0.09437047850032379,0.15587521136294302,0.18706840128741992,0.19453297030120287,0.19150561929349288,0.18127868831102098,0.15750173829038258,0.12559507206891365,0.10564270085654455,0.11081918155561221,0.13837469596379331,0.18120683833235032,0.21807993914520996,0.24826323486299737,0.2843667666685645,0.3214360406340098,0.32590827387551147,0.28131458398649584,0.18121780670031423,0.005115231726497913,-0.12212006224856614,-0.1837468485714423,-0.20815446693607573,-0.20817222531608745,-0.17779337378975357,-0.1071582576284155,-0.015712137122128485,0.066820774030708,0.13743813160497498,0.19672003455703765,0.24185344092540673,0.2725815340477352,0.29618887059753485,0.3123888029569272,0.3107221975866905,0.28360672108112794,0.2449432931813591,0.21183659135451854,0.18463310057701415,0.1598099337252194,0.12683888393836826,0.08405426023040483,0.04677660764470023,0.0463579240253442,0.09177128708387725,0.16131778483912884,0.1848628615893532,0.12024875853200624,0.01005896428481982,-0.09872325169871375,-0.18466029235550793,-0.2540490059868897,-0.30471224236286115,-0.33198147966146674,-0.336667001620715,-0.335162672291031,-0.3412457317231213,-0.3428419946844984,-0.32479597863720255,-0.2928563661020772,-0.2592030519294313,-0.23246219024417733,-0.22101848447494618,-0.22770977686472568,-0.25127185874858915,-0.27823285323636204,-0.2899115448896923,-0.27692406515069706,-0.2381953802685667,-0.18381700354059677,-0.13747399978029345,-0.11757637537821332,-0.12243065777448113,-0.14291065447583692,-0.1752829252111238,-0.2449417115587261,-0.36153257137774014,-0.48169874554505615,-0.5418034972967273,-0.5040852030868037,-0.30743813811336884,0.018289618409674545,0.2668174735291619,0.3870688933216359,0.44144063900777664,0.45653384264981556,0.4240101276245622,0.343951590605518,0.2428123883858776,0.15931037326323452,0.10420110375128802,0.0687393338392596,0.04451900113480022,0.03423871781029481,0.03338684610920069,0.03763954114320609,0.05690530643765107,0.09307263185149944,0.12222772429809164,0.12355780234273454,0.09635047088903444,0.0532425401706877,0.011668072189532476,-0.00943627402629813,-0.000512205631156707,0.03552388496444449,0.08482612770663103,0.13010262543744658,0.16492150254123614,0.19220749868641063,0.21454313110055054,0.22720363103701852,0.2145967773403622,0.157579812686643,0.07929570505965393,0.03126435740423113,0.01288934881821651,0.011638155220319106,0.013506993553166561,0.008772191614678437,-0.0024667238665869408,-0.019222059565538626,-0.04508987293803051,-0.08538167898336264,-0.17164734600900042,-0.4128250382903614,-0.11881841683780676,-0.055117754786541205,-0.03627742184641435,-0.03434244576489787,-0.04350942473924838,-0.06497219144925172,-0.1036899943938447,-0.16676821376162687,-0.23949264695659628,-0.2633238794991114,-0.20313153596973074,-0.1346900992604084,-0.09646187626198324,-0.08141213850859123,-0.06869637102728984,-0.049387651220059774,-0.016950694354199596,0.015193121276494135,0.03720242486911481,0.053094043697915545,0.06543608867916602,0.06633321645126453,0.05054457374093244,0.02385464829529359,-0.0023546534788171747,-0.026641015558475038,-0.051662566639978924,-0.06825185437734578,-0.07997792598156864,-0.0985309474528798,-0.12383298693287331,-0.14845829110994965,-0.16316595746088536,-0.1626628211974895,-0.14497693453175842,-0.11849158573925739,-0.09960949052885176,-0.10229054904980443,-0.13890907637790353,-0.19192823371692969,-0.21388204711947117,-0.14691024523152152,-0.03562199257253734,0.06959528900073661,0.15909807095514975,0.2309147385146937,0.2834264247589639,0.3131518362887468,0.32198209500030983,0.31359347198746995,0.2924655600217935,0.2669570842864057,0.24349098119877216,0.22993518786831876,0.2221826981342155,0.22041087741927226,0.22101153443337293,0.2201252052421994,0.22282250129164932,0.2241132714066177,0.20684258648015702,0.17603483217710345,0.16129022199995177,0.18268323876242823,0.22916445152332407,0.27334084407572456,0.30871440068698575,0.34696685424134777,0.39791186212184987,0.39507742927162126,0.25499156782764254,0.12992664786708205,0.04442516972357076,-0.029635597505817245,-0.11804123421443782,-0.23707148273966416,-0.2523757617911218,-0.1552680798780333,-0.09140091783974663,-0.06728340602934833,-0.0743819984311412,-0.11320681506417372,-0.154988433927793,-0.15279450503024958,-0.13726299620680543,-0.1260007682498908,-0.13111142334518497,-0.15247053234044383,-0.17918500224282946,-0.20641983913409884,-0.22176535230790242,-0.21301801985397578,-0.17760540228954416,-0.1387910292730422,-0.11574426186076844,-0.11479393206684385,-0.14475071127226338,-0.2213984874383884,-0.3257694574409523,-0.41980980212892055,-0.485719462743276,-0.5122708535051436,-0.48132589301657064,-0.39460240163997545,-0.29272343160192205,-0.2032359099414638,-0.1370128057231141,-0.08439582039715664,-0.030625766349832613,0.00740799106282713,0.024860996367062346,0.03154349220621861,0.02974965763489107,0.014014907333006414,-0.01801954614325707,-0.06194238512237205,-0.09580358682180655,-0.12430993553665534,-0.1463442642421002,-0.15814853882855065,-0.15542114274010926,-0.13355274525353297,-0.07503203726771648,0.03740814644523729,0.17436579215105155,0.2603831723818845,0.26288571461670146,0.19250684293761286,0.09202922379114624,0.004522775117958258,-0.053377649627500065,-0.06383956088845442,-0.028156040507510284,0.03471765060008235,0.0957670049804781,0.15784580153894814,0.22204236085138668,0.28654219844621603,0.3518129991827988,0.414058766090827,0.47120675275738605,0.514862365161564,0.5304805466787144,0.5038820718517957,0.41902939306888887,0.25689998390262375,0.028507268494883834,-0.1722003172961492,-0.2325092616687106,-0.16174142204567643,-0.020072863962643035,0.1337998770547839,0.2465918000752304,0.25917392120826405,0.19096038909613128,0.10627659082229808,0.021083673781821657,-0.05890128081595967,-0.12236323750284887,-0.1650866785408201,-0.18333272910243456,-0.19606525791269316,-0.22413839228533602,-0.2541220790820294,-0.263502434370672,-0.24919077044618543,-0.2276806856925535,-0.2087654577117081,-0.18417229991238512,-0.15707814050895672,-0.12444483906431458,-0.08414588457545538,-0.0456930070234897,-0.03113159221736764,-0.04606520150860453,-0.08402874234518515,-0.1287875890922722,-0.1557063671753764,-0.16190742164437372,-0.1567362845967702,-0.1392826893369235,-0.1056797435704698,-0.0674225583383276,-0.05103220952306765,-0.054923785529707156,-0.06619508702382057,-0.06886272078727626,-0.05224970319278979,-0.016954295489455665,0.017419058447010548,0.040317752436083855,0.05565291220705417,0.06109727517755839,0.05603890753677047,0.04685178824410177,0.04541408169197498,0.05678263899274135,0.08173758048023612,0.1095058451871199,0.1411089499888785,0.17708521753344963,0.20556742949907605,0.21762286600749214,0.21443071022345403,0.19997044343411916,0.191291173877731,0.2003558988201877,0.2267592203602192,0.2339306116457576,0.18462657157323226,0.07876610477140415,-0.03621422452153756,-0.11850425764979776,-0.14227289220693856,-0.09790706311127592,0.022572167842915332,0.19535173748895882,0.3437172334367657,0.41215382148387797,0.41780133697979865,0.3910330843499909,0.3523955285716929,0.308857329651792,0.25665807352809394,0.17646217621285656,0.046601384555617804,-0.0883569299396022,-0.16268642177574053,-0.1939742839503009,-0.20745025888008115,-0.21946147468972885,-0.24218419441774847,-0.2879737638003328,-0.34902138970025137,-0.40983950865499147,-0.4668565632644816,-0.5133704605185176,-0.5367440865957867,-0.5340643978910877,-0.5057954525872479,-0.4602989895547767,-0.4122497649120596,-0.3627930206735109,-0.3157624604444652,-0.2752854255306408,-0.2478393200648713,-0.23598560350299347,-0.22625909591288815,-0.21121576042071383,-0.19711407680053286,-0.19118310539109212,-0.19206818839163217,-0.1978263016092701,-0.20583368394193355,-0.2314647451920365,-0.2677407890375745,-0.28152816392751817,-0.2615520855855536,-0.22960771267114394,-0.20019736157934903,-0.17680114282117906,-0.1603837805966477,-0.1523675162958373,-0.14738712753439703,-0.14716518858609784,-0.14103899662829786,-0.1258680448307084,-0.0971883821538111,-0.04264812941581095,0.008848897649172759,0.0417660180261981,0.06048543283947403,0.07117200104967246,0.07706132233954678,0.08228820931329048,0.09206572018772252,0.10424575148228693,0.07531899342937755,0.022566480450637024,0.014892910881686929,0.032703855248441695,0.061346243630196244,0.0900073032672228,0.11304139031363723,0.12647579866294625,0.1260136891891678,0.11351059779805618,0.10015978357423007,0.09893383532339678,0.11698703727210173,0.1643125623268777,0.24217883447003982,0.3316382922696211,0.40834074409796356,0.4470638168148456,0.450635809400767,0.4170326453739037,0.34627105716298,0.24731822537753803,0.15396169119851125,0.08864470496076211,0.06575963771260408,0.0785730859433252,0.10609572897964321,0.1250740011305065,0.1010752405425663,0.027372452479940603,-0.05722796406825389,-0.11507333543701563,-0.1305701849213835,-0.12683599621918487,-0.1146013323318501,-0.09976756099203991,-0.08129342969224233,-0.05993311739623012,-0.04113087270525146,-0.020729888526932215,0.0028263156618006137,0.020370415538831923,0.013868712353277052,-0.03580558462416742,-0.12341743167577471,-0.2257294771397067,-0.30787126240509766,-0.3607178153115608,-0.4007202905084449,-0.431337335147355,-0.4391605115741603,-0.417351695475799,-0.3686869484863964,-0.3222960289781476,-0.3046221685352824,-0.307385447230556,-0.3049469118840412,-0.2672880465558358,-0.21956215373550464,-0.17059409185232957,-0.11892538845659424,-0.06894038066527645,-0.024150546879340658,0.012697680206256216,0.03997848523916535,0.060103210568921706,0.07525326772756159,0.08868124940511404,0.10273636278115579,0.10624083941618426,0.06568921267127315,0.022901946029932486,-0.0011565849952396893,-0.023739740030620404,-0.0703028502297181,-0.11954998656734434,-0.12594244517866113,-0.09513661603428657,-0.0505234134758316,-0.007446143874850838,0.028332087199076077,0.056686431784950086,0.08334611084063777,0.11415211514424331,0.15545662592421153,0.20916747982760198,0.2666499492370101,0.32110167144219287,0.3735831141458859,0.42544488375438716,0.47261573645225796,0.4946243290102712,0.4772931701254781,0.43624043187553224,0.3946447866344241,0.3629466837177408,0.3591564827112267,0.3769357072858499,0.39136597091622477,0.35557540561264767,0.26849205070775795,0.18112710023515674,0.10419239848179737,0.030330972313462476,-0.040568175762347516,-0.10274394805848848,-0.12677734071760194,-0.08973174789176465,-0.025577371595844917,0.06378481400361216,0.19862642355394014,0.3330333895864801,0.32761157097050814,0.2624132984286267,0.1941195865550722,0.12478512521362842,0.035828154339777374,-0.06628314798909034,-0.16056283709696523,-0.24012045702746634,-0.3087323112920745,-0.34214965817216725,-0.3484101205458908,-0.3567681648029933,-0.3736653005938857,-0.38940324321412034,-0.40035330191630514,-0.4006581227547858,-0.39440225455194233,-0.39429141979230153,-0.40495529971171734,-0.41820471575911095,-0.4159291557624182,-0.3990896901387619,-0.36297277484510504,-0.31943459826751397,-0.2781804939650685,-0.24426317815201562,-0.22602057038028975,-0.22426059591488476,-0.23252203730809756,-0.2291869000065251,-0.20712208502434443,-0.17242988000035703,-0.1338877428574477,-0.10123886695684009,-0.07376998002752715,-0.043250674565368026,-0.011328592111300146,0.013532434554189985,0.03858637042128657,0.07175043759693417,0.10700671801817972,0.12894902620173007,0.12553093897629194,0.10521526951428513,0.09192016203062259,0.11958487071421998,0.18805203967265524,0.25528755392193114,0.28879620817705826,0.3043105413771578,0.31394825228779094,0.31298689408277325,0.30837504940283383,0.307161893960625,0.3044800331151195,0.2878741518039619,0.25329543884496375,0.2234666627686898,0.21559778953707268,0.1911797602476546,0.11837107469263486,0.06479640924820469,0.033473543134143295,0.015067974825199707,0.005642103473952926,0.004650828952430122,0.012481299530700693,0.043869137167124636,0.10688036336471927,0.07581610745859141,0.05739504695169811,0.053154139748717515,0.053893927272367956,0.05835607578093648,0.06271566040505866,0.06555889635604939,0.0552484635822468,0.020873814727953334,-0.018420644711812307,-0.0183039329068199,0.0278244620563959,0.08444594197115247,0.13515222587554276,0.1674890161099499,0.18700897867336294,0.17986995387019653,0.13360141025434183,0.0711597639417436,0.017652970610892892,-0.01925436466842599,-0.06204109798235177,-0.11550124088511307,-0.1811498089328217,-0.23794460488063277,-0.286652248008459,-0.32801208630855677,-0.3467410072446015,-0.34000934095585467,-0.3251943093434976,-0.3228808584324845,-0.3476807779350497,-0.39104132577707357,-0.4196798180931675,-0.39713688159299676,-0.3358325816374196,-0.27156872430697904,-0.2225058276564603,-0.1756364456613495,-0.11481213250409095,-0.045377360943301304,0.008500446488981682,0.02491669441257943,-0.016500309181740395,-0.08731107035990543,-0.14024842123291262,-0.1733609535727175,-0.1958723239252276,-0.2102725298905578,-0.20132648648818458,-0.17214211028509066,-0.14276453064749256,-0.13932963622128003,-0.1690185184428327,-0.21737310755839626,-0.24211074318327108,-0.23598659531602434,-0.20318649528375574,-0.1640696864737464,-0.13373132861331852,-0.12616013712526625,-0.13666789584682934,-0.15695601437795098,-0.17835708016197083,-0.19333405593407552,-0.16225851262943408,-0.05755481140296529,0.06986570237035,0.17669830929335018,0.2577317445131635,0.30143211270447107,0.32422506777559146,0.344403216998615,0.35694126827746514,0.2966939844768371,0.1670828471055237,0.07608561782092826,0.027294863069557956,-0.0018351572691549167,-0.023664865617238913,-0.0532720509048344,-0.10503569684349034,-0.16788645272933736,-0.17414236650260864,-0.10845880256912832,0.00884534232726687,0.16809171386583857,0.3306880780973574,0.44872925977002526,0.4991383792897598,0.47842191789038013,0.4180083638447743,0.3544956527656425,0.2930498795921276,0.21815076434782718,0.10164684747063181,-0.05398419441300781,-0.1983719850852754,-0.2769543297532309,-0.3060536285935071,-0.3153095716866584,-0.31525112811668143,-0.3036359941096232,-0.276857105768369,-0.24859307158412863,-0.24203101424418638,-0.2694797759329822,-0.3241407262593861,-0.38883751657153454,-0.4482682917894914,-0.4983576839068522,-0.5331826629286428,-0.5472374224477465,-0.5288398922144838,-0.4394228868109144,-0.2487610678997754,-0.062425971692122356,0.026491618434947364,0.03942441319655364,0.017706269441635968,-0.006234255132366998,-0.017378266580916388,-0.007687187639925557,0.015136423769512785,0.02656092087885507,0.019172770797317846,0.0008857427480327701,-0.009533083116710216,-0.004187778410753751,0.014232501472410706,0.03150907868589947,0.038549081037149,0.045637529589063044,0.06087562110426442,0.09155853708395323,0.13981161213251142,0.19106059912926077,0.2099654237072384,0.1935973133292992,0.16275252306964394,0.1352543748077647,0.13129182081440843,0.1494680914116182,0.1793685261570286,0.2081635618837115,0.22197665034739084,0.22182451505210649,0.20475244735167805,0.18614924046190134,0.1841243742406198,0.19985096411722794,0.22238467016795618,0.25467802551129304,0.3044026462374321,0.35638995331130374,0.38097397587878584,0.37587336767985285,0.3526514084351137,0.32039551615309725,0.28009627838469364,0.23488760673765274,0.1861303714015958,0.1477549722309951,0.13924301240233614,0.16824134646475458,0.2565387854857135,0.40773451416092626,0.5247644610596895,0.5555361704997993,0.5482142333116211,0.5414612812375809,0.5373150610448227,0.49249423478103327,0.39332356875053404,0.29651087715049224,0.21265655844236564,0.13266939791348967,0.06576205070098934,0.009271770142676182,-0.03439409362458536,-0.07068405260557205,-0.09852876417291978,-0.12552946738143322,-0.1465416604748589,-0.1640460783746307,-0.17241015920875333,-0.17338720587809717,-0.17724449192372038,-0.18471502428166375,-0.2055935204892151,-0.2352964447917445,-0.2578654284118237,-0.25151025078708233,-0.2252642582712496,-0.199357653340408,-0.17080648621888614,-0.13955851696066912,-0.11860468653465557,-0.11684282540186229,-0.13587419466185374,-0.17205326160639758,-0.22000756081924175,-0.2850992008373855,-0.37981689680748915,-0.46737964168937945,-0.48202948797935247,-0.45283509520305754,-0.40447875351367857,-0.29042507672917206,-0.14344246797058638,-0.05399431585610087,-0.013541112149119277,-0.0023736872762633097,-0.01604660741074546,-0.04831663648712448,-0.09174052005387262,-0.12144043836021612,-0.10875052668834047,-0.070657763777364,-0.04995507094990666,-0.0774132077803184,-0.1441598696171486,-0.21350830367233808,-0.23982145726629855,-0.2175853582614476,-0.17813777570524236,-0.15331664473143902,-0.14935121011561003,-0.15040423852962911,-0.13509243993568634,-0.08682187817783797,-0.004228988905313107,0.07860101465131818,0.13487685122381177,0.16364225484229245,0.17321630425786125,0.1677353167974025,0.14687211374530101,0.11862048337308055,0.08897863011702427,0.07835218104529233,0.08526360689657979,0.09767957799458464,0.10234031511760651,0.09541992298334975,0.07779535295790098,0.05697050944862526,0.052360351097415644,0.05893803678490397,0.06277761321722963,0.062474097349365154,0.062497971094305715,0.07185679732550036,0.09415527189290974,0.12350624220964845,0.143763729574959,0.14075013023470628,0.10687218383267678,0.046849758886039136,-0.009705132023316815,-0.05653014969877716,-0.10068793200164917,-0.15143012284816237,-0.20336028996223324,-0.24125120208432868,-0.25638728418101736,-0.23673950143375946,-0.18689586323712126,-0.12980351737993323,-0.08552053788120605,-0.058446471984194566,-0.048718604808179626,-0.0556039133971302,-0.0859041316165717,-0.15026792733164648,-0.24170434251774242,-0.29404720692326874,-0.2481919062705574,-0.13436902809878834,0.021527966315279187,0.18140336594916798,0.2734401179107807,0.3118549709472687,0.33061826209755135,0.33980463902114977,0.34625788649207717,0.34603143067502273,0.33877256174012205,0.3287554489506842,0.3218751749912445,0.3157969972288488,0.29013768067347,0.23290944242815242,0.1707547734026629,0.1230300911100704,0.08845620408924781,0.06534844924214663,0.05356378126769929,0.046786890599142476,0.030062723251224437,-0.018134739470897804,-0.09739816871439527,-0.1591674312273596,-0.16927903476294254,-0.15567377627006385,-0.12651293196253818,-0.06965956609480362,0.016994183766589264,0.11641318289067776,0.20080162191200207,0.2455477490073859,0.23429336071023027,0.16861471045262386,0.07642429122237633,-0.005661702799161728,-0.06414771812410931,-0.09041493669029137,-0.07246559010488965,-0.0022082740383069636,0.10333033205657174,0.19721836310279683,0.2267661024437538,0.18382521335251642,0.09221860632959536,-0.008171936557768359,-0.08818197018507196,-0.140152647250901,-0.16697606363147682,-0.1658819179827596,-0.14604889977496463,-0.12627228339719135,-0.11490008757489033,-0.12040241724254906,-0.1543701347720886,-0.2503672392238832,-0.37695519787547876,-0.38482492813546043,-0.3255017562502518,-0.25213500270155226,-0.1874780340619757,-0.1541120886875675,-0.1914646599970338,-0.28602477156917455,-0.3621278946978527,-0.36639509648822605,-0.3333812482028153,-0.3071928001898181,-0.29238104497080863,-0.28182717926990575,-0.2701927610088933,-0.2634079730052949,-0.2638169798830168,-0.27195240786767627,-0.2870553508871126,-0.3007602097429163,-0.30112046451919566,-0.28288709362215403,-0.25262760575201215,-0.21604851929668248,-0.18598220340622038,-0.16759685039236902,-0.16651364261183482,-0.16966844515429613,-0.15640395380489655,-0.12883664851424592,-0.09841801565655202,-0.0630525880855808,-0.024044608627263243,0.014366736823602814,0.05219811031308312,0.09482749664265501,0.1374392998676237,0.17471532501822729,0.20312024697746545,0.21824503513719326,0.2170823767153126,0.18202485303561552,0.1208972103727341,0.08025951931929493,0.07629591847260267,0.11352778074378306,0.18956274678046492,0.2860159227388118,0.3433472816144101,0.3286345615814461,0.27252055181839885,0.21185313297917227,0.17494518909962659,0.17182164443779488,0.19415957201016873,0.2249216579366892,0.24931574510438748,0.25941441596297216,0.25065439929086364,0.22230265318498277,0.1809187077688143,0.1333701590280493,0.09110187199683364,0.06094165223272858,0.04081523070524556,0.029269559152481254,0.02548469152534191,0.02167970867663106,0.010201373796865264,-0.0174384442047581,-0.06062105183777664,-0.10309716384464881,-0.129005297021313,-0.14801008163362878,-0.1655704834494775,-0.17717667805921278,-0.18565124307501507,-0.19286545528122925,-0.20523468934111502,-0.22375838066610057,-0.23429251912764734,-0.20719842031553384,-0.14939418478328734,-0.10454699073124472,-0.08246764418114969,-0.0621596224143048,-0.03662197649514615,-0.01912189441296313,-0.03157258517598801,-0.05061713576100583,-0.06195051673011209,-0.06188723716160921,-0.050068623429613324,-0.030103203184806266,-0.008917677315171596,0.005640686201331822,0.008832614712763021,-0.0038598913730654716,-0.03453283094231776,-0.08392777413841519,-0.13870149890601227,-0.1820709746391671,-0.1992814307912417,-0.18674474454381434,-0.15964932621910105,-0.13630839292689487,-0.12869710298159048,-0.12817903721786975,-0.11529533016269476,-0.08976284698114952,-0.06597704876867279,-0.056902732416103684,-0.05838650846577747,-0.06506575474007321,-0.07501277917812793,-0.08603785537427806,-0.0949343838735776,-0.1100993414091722,-0.1558418416297419,-0.07966025813028349,-0.006500198395296088,0.023125564345419205,0.04560639866103309,0.07122901648574106,0.1011638404768455,0.13297990768204992,0.16082894854905397,0.17429590491204114,0.18284984358256545,0.19662450268820797,0.16994363864426235,0.09192688445727674,0.03747516668884094,0.012705625654805366,0.005858837650410306,0.011246762965801259,0.03308539227834532,0.08443142088109286,0.16978319649981655,0.2751711865545486,0.3639736947538738,0.41849699080724756,0.43723592099117364,0.4272787759529976,0.38476737022143803,0.3145405362324222,0.23620581169440474,0.177450477145987,0.14882980834251988,0.1396937177531097,0.12627127755481427,0.10821840806467875,0.08303463371871017,0.05364144056292006,0.018877133485548116,-0.019800304300790505,-0.04589214713798065,-0.05219854458916847,-0.044675695870703296,-0.04628244369815692,-0.07190302588648012,-0.11136827544016915,-0.13070651666703356,-0.1205663852915554,-0.11403323621778176,-0.11707042562640929,-0.12349303919317221,-0.1307795967053864,-0.10236049432462971,-0.037515726319053366,0.001485908433929784,0.016347931523414547,0.015150823336872198,-0.021585265430088475,-0.08634778693526107,-0.13735330436206403,-0.16388933529930538,-0.16671049717210584,-0.15759476630185185,-0.14312006477629102,-0.1240999402530582,-0.09817899809707198,-0.0691307876178135,-0.04531731537863494,-0.04729916636461673,-0.07580921920374666,-0.12075433898973213,-0.17024778888288505,-0.22293536505967146,-0.28032538499621634,-0.3363489579396209,-0.38912345579955854,-0.4224439282143674,-0.41114398310603784,-0.3559033564091915,-0.3039865854024842,-0.2652538653579273,-0.22605965464959654,-0.18914271003897368,-0.16095775458134873,-0.140139018700202,-0.1236110326460476,-0.10139979697850002,-0.07349098787530083,-0.05148492425140965,-0.04404408770247245,-0.04461557116758,-0.04968654335877169,-0.06071106227634087,-0.062110101812859454,-0.05235669395451625,-0.044446873424963854,-0.03616798885894546,-0.018844727274617227,0.020984002688532923,0.10763060726517588,0.22190633102907617,0.21423467047749528,0.1787074399464895,0.16080001829950302,0.16000866019831472,0.1801311305779636,0.2284227152230149,0.30428809375598176,0.3663051146643168,0.3657328355924928,0.3209548993355547,0.2496575134280949,0.1588163993080286,0.07675517868214819,0.02120519853705064,0.0029095187457427733,0.017493176422130715,0.05016788333783626,0.09134613289271037,0.13723294846122674,0.19816603425667167,0.26473554202442745,0.30302700668221744,0.2820575090975525,0.22381821753325556,0.13588425307918064,0.021261002153635918,-0.09638658964722384,-0.18761461048807854,-0.25322962909728003,-0.3093434006283493,-0.34854983760543334,-0.34724078925366125,-0.3035597374926769,-0.24544629671253412,-0.18865567122400334,-0.13312944333427107,-0.08254768157261043,-0.0628059792787825,-0.07530283482773238,-0.1044491558978511,-0.14438433130752482,-0.18384312692450522,-0.19758139671462407,-0.1682216858739469,-0.12040965521913471,-0.08931215377290022,-0.08266596831333174,-0.09768022796377818,-0.10694319441956,-0.10675852225502395,-0.10271329934790546,-0.10803384375937071,-0.12687395271753302,-0.14449620396717383,-0.14139410139571668,-0.12731157160525877,-0.10763193456491617,-0.09298551181224438,-0.08651728206170745,-0.10795726216282611,-0.17501699767274748,-0.2610564004926797,-0.30086707485987935,-0.28194637239553483,-0.235761927785002,-0.18896141063726465,-0.14827744313859156,-0.12123189317075797,-0.09544629431199593,-0.04876818744154312,0.030525460243257217,0.12922412422116278,0.2137160797280783,0.2589945943867064,0.2501284932002216,0.2048180896347612,0.15851837589160855,0.13021774303144884,0.11962876186409649,0.12195040382591257,0.13478374963587228,0.16387988746222623,0.20933888096344394,0.2520018256376496,0.2610704348975014,0.24529094637201168,0.22880556360089133,0.22880005182335691,0.24389153533444263,0.2664380757778493,0.27749783274703566,0.2689569634817707,0.2520049672658493,0.23591556804567532,0.22079409026414615,0.20313324183348788,0.18053478533359962,0.12814989757347336,0.03585211084886732,-0.026993831279355753,-0.057659921694050896,-0.08403384381043262,-0.11946179285654046,-0.1738403132750568,-0.23500454658939557,-0.2748626617885683,-0.2933567220178566,-0.2995460119184583,-0.30450532839222993,-0.3251200685434201,-0.3616813267725612,-0.4038487741223611,-0.42934209347776486,-0.4132114270304503,-0.33217585821731077,-0.20942648502139416,-0.09034237808515318,-0.005764202801155607,0.05629267100084242,0.10055477991739396,0.12531704418628226,0.13132904622148817,0.10824031878981359,0.04656234082473639,-0.054539533213434264,-0.1677621342362317,-0.26417296959615144,-0.3406919072017586,-0.3871661159745923,-0.38262169045904293,-0.3264936388572969,-0.2627139494977361,-0.24271625908905267,-0.26813905313778047,-0.2523948088797818,-0.1679943907869061,-0.10514100894215946,-0.0664404867447629,-0.041833407855699785,-0.03087672225585261,-0.03161294658416329,-0.04166513728426353,-0.06137243822164198,-0.08516238311271741,-0.11336943862708956,-0.15461353534221578,-0.20049982506163763,-0.22249425514102045,-0.18707209682985218,-0.08480743036219011,0.04095862821932547,0.1305728678522974,0.1778414330845162,0.20048342435659264,0.2072511953662642,0.20247615020640347,0.18918978661413993,0.1727060884678456,0.16444478431153967,0.1720072465124265,0.18351272964412113,0.18878188392442674,0.19412155033708758,0.2168706313486636,0.27148921166671564,0.3607836800996237,0.453840286604582,0.5173700526755918,0.5505120992736013,0.5529580675728598,0.4930849534182161,0.34160517544166297,0.18766915076166132,0.08773539489184405,0.026972950157050778,-0.00596546442286372,-0.016192770559104133,-0.012846407971271949,-0.04190826034674331,-0.09841968758729586,-0.14450152425000484,-0.16706473502536573,-0.16811730594010532,-0.15999312211671787,-0.15235848736032595,-0.13680646997800283,-0.09661628580562157,-0.044838867425214826,-0.01139596850111016,0.0025675059618621384,-0.00260781250142356,-0.030597199302988584,-0.08171933762131098,-0.12928610328110957,-0.16172082568537818,-0.193338358301421,-0.21297818195088583,-0.17731807941172642,-0.12805220911848164,-0.10004478657944395,-0.08562373125459703,-0.0760297294357023,-0.061807833140614596,-0.03578424840999287,0.00329006474472359,0.03314727185541437,0.02629748634767137,-0.02650058866962172,-0.10987607666792179,-0.21201786353370686,-0.31507878512424015,-0.3743503660230219,-0.36740850273191716,-0.30960405099682603,-0.22149013797863876,-0.14932692096391542,-0.10816415402596893,-0.08699630533448785,-0.07500726855210509,-0.06293752734773041,-0.04863388945589858,-0.03757669065919193,-0.02991213757945524,-0.04113468998389296,-0.06293575240188638,-0.07578605203250852,-0.08431279357908922,-0.10140674879973391,-0.1342901378201616,-0.1644182724560291,-0.15251391061109754,-0.10935348749151749,-0.06162396530869495,-0.01859530037809658,0.020150115433718817,0.05479221858473063,0.08329869622901416,0.10068615405140482,0.10571935764525954,0.11422853308982645,0.14055815652789885,0.18990350502212028,0.2494805337940879,0.3004327047319288,0.3396963158268585,0.36608686975054144,0.3916301403503562,0.4193382119762734,0.4279466792025611,0.40790637769318994,0.3756750719609488,0.3481545763475252,0.3225374155181098,0.28429181684767785,0.2388812977347473,0.1981842412083254,0.16223207541428766,0.12055443518241915,0.0767234078988447,0.04639652508960575,0.045467539699586654,0.05931402797109433,0.0798398550074631,0.09756040037073935,0.09294042037092674,0.06539893154731767,0.03667910015157602,0.018369526641182573,-0.0011722089230584178,-0.027294847030253127,-0.06768561709414686,-0.11381789024852583,-0.1490006323898042,-0.1692885323454481,-0.17782742136066668,-0.1747931446737285,-0.15880630723271033,-0.137691160321393,-0.1353943003700177,-0.15157949053999414,-0.15196713520595428,-0.12686083572748738,-0.09921733672865829,-0.09241865839564202,-0.10994307701259444,-0.14932563030595555,-0.18882277856590532,-0.21037795262197623,-0.2100102142966577,-0.1943541785327412,-0.16872738264415366,-0.14197233329619707,-0.12740528605648113,-0.12845078073004754,-0.14265556559701156,-0.16059964987501538,-0.1850227789276345,-0.21459452408797514,-0.23867423238330837,-0.22814219875955907,-0.18483686715187322,-0.14434876593825294,-0.12587006706794693,-0.1298353844271088,-0.1460495870650803,-0.17281698238280782,-0.19719212009501227,-0.2110292694609342,-0.20511606041711203,-0.1694839457145029,-0.09253834769075266,0.00760531519778242,0.10011419832541263,0.1591526939131931,0.18515545580187057,0.19856253764289342,0.21928507922166177,0.25640652835507777,0.3016134360867933,0.3408857918743455,0.3481773248006013,0.32231045644249323,0.2856868982150723,0.24641548199641602,0.2237186007721085,0.2265663015620344,0.25623332698187545,0.29104172783526877,0.31049128714075136,0.3063012170800412,0.29364549970126425,0.28334979239793623,0.27362062557534955,0.2617172631431349,0.24663930050058272,0.22288041533728126,0.1786447197872772,0.1141769469451602,0.03736210604090475,-0.041804088183698664,-0.11403280503829669,-0.1595630475309404,-0.1666572690958325,-0.14069329200137431,-0.10183490100602113,-0.06962146210615036,-0.0528123216921342,-0.05421798674790672,-0.0679710399429721,-0.08062001073217709,-0.08293534398824187,-0.08521633391753622,-0.09717970916097296,-0.12233450430472319,-0.1486900582668022,-0.17207107140142675,-0.1797432640814619,-0.15979555320633326,-0.11589099873007928,-0.06766799626255843,-0.03973985226265862,-0.036747728689765134,-0.049891084839729094,-0.06742312968967511,-0.09129759144079753,-0.1226148513016377,-0.1516326787022764,-0.16609841987266097,-0.1761376114811805,-0.19098537527613926,-0.215759063592293,-0.24598219752409659,-0.26533670349206623,-0.2505769102096672,-0.2044130618312551,-0.1362176765564765,-0.04930976899653867,0.03675794359078089,0.08757225305004572,0.11028936158063453,0.12168671400431251,0.12755170006494032,0.1287732295598244,0.12455794962223332,0.11576661573405886,0.10586711713148614,0.10546740602119971,0.12006625970214076,0.15306327794954444,0.12949807938402333,0.10673138222154975,0.09845349591645716,0.09346344467421545,0.09187548699776941,0.09568575191827823,0.11476081428918428,0.15483131726983076,0.2048182327956681,0.22382404592174066,0.18985998803905238,0.13024757128478193,0.07189878906318543,0.03353041099627379,0.011091600850732167,0.001094003475027376,0.008016883153909842,0.03940414751307364,0.0866815719076767,0.13350283758350234,0.15535837344816122,0.1293077830986682,0.04966205116990432,-0.03934996187526609,-0.10365147999419269,-0.14410956613487855,-0.1689118050309601,-0.18268425203328212,-0.17988137729407871,-0.1664651603330014,-0.1593743694547197,-0.17024042592962335,-0.17247868911944322,-0.155322612819882,-0.14699374108715793,-0.1539574446067798,-0.16692302969672798,-0.16151789116859008,-0.12363869580069738,-0.049371115304973165,0.041546808923133574,0.1112049177363858,0.15132106577014143,0.16948404077475374,0.17388556261448707,0.16829544321004475,0.10843051569700954,-0.01050922935354837,-0.061628471542999774,-0.07173562650175394,-0.06817143461443363,-0.06169389369811498,-0.05719233509414101,-0.06845444639265208,-0.10103799826731474,-0.1488874355689192,-0.19114134925781825,-0.21613706228320215,-0.22108134870669702,-0.21082448568846773,-0.18662609420059575,-0.1609262720160005,-0.1496118151949305,-0.15942477928044216,-0.1831461745533017,-0.20562055685345693,-0.20539316675547573,-0.18590657099759095,-0.15558238067325436,-0.12634965551028932,-0.10122718108781972,-0.0789131895100348,-0.043356638740135574,0.018961250582761387,0.0877441504600615,0.13246190065611407,0.14175812067026894,0.12167840584008821,0.0774276699730374,0.008812387997591403,-0.08058683762602138,-0.1489438973856142,-0.1682200189385697,-0.14865319714825193,-0.10764856514331377,-0.05138024186636592,0.009696805971980854,0.08157493250690628,0.1504443674725222,0.19568851492348757,0.22051501384539376,0.24246469859510397,0.2675809320885792,0.2901371524437092,0.3037108089997685,0.29606241361257674,0.2676597192618362,0.22750073323505923,0.19248122952604915,0.169975040347504,0.16668184292085633,0.18628531393364772,0.2152980144283863,0.24107981172147694,0.260405452890847,0.2764612025710995,0.2964744092999254,0.33034580458669244,0.3689898617675879,0.3424140223348072,0.22670837631746754,0.09063366305103608,-0.011105898140309912,-0.0780698717831005,-0.141591694666603,-0.21036543828373463,-0.2621418246095255,-0.28014790508969045,-0.24745886562843034,-0.18581931034079083,-0.1413863185570724,-0.12523358191101705,-0.11385840324588015,-0.09474163093872534,-0.0693289077896299,-0.04071270454055857,-0.024059314993605044,-0.03194896154793022,-0.06827047884537893,-0.12295556703974524,-0.17223943762280686,-0.19897074081393568,-0.20156637056152957,-0.19114254631179747,-0.17594129663390587,-0.16769481015682097,-0.17826991820174773,-0.2046713235591934,-0.23038185392148192,-0.2501032535875612,-0.2601092753374578,-0.26305742590899944,-0.25885201729873675,-0.2515610551166487,-0.25594312603124714,-0.2809830817198798,-0.3185783792152019,-0.3390237624106967,-0.32669444292514876,-0.27688269546543454,-0.19524495190618307,-0.12071138650652305,-0.07509368600231416,-0.057670199702587306,-0.06715493392361495,-0.10086715999511484,-0.1456062283473233,-0.1632134367194104,-0.15249892891697933,-0.11878186458489218,-0.07027388135248175,-0.026529433405278646,0.013511587610945798,0.05963922712811342,0.1118719747703269,0.1653568320073277,0.1955937620877976,0.19697409435126842,0.1746973286545695,0.1307805918269776,0.08511229213236818,0.06142824474267132,0.06443412376346018,0.08464464526742878,0.09943783320849493,0.10025077264074947,0.09991109854041583,0.10560363178610721,0.12018881591307656,0.1342116979032951,0.12660446515417884,0.091427201100189,0.07772521118607482,0.09739394399690329,0.13968405642939782,0.21572678558909467,0.3555166665767887,0.5388132087473908,0.6502149476648402,0.6453701173115827,0.5744987156923591,0.47144482585701325,0.3666520134802317,0.2698581538166202,0.16536966222096497,0.05566154935526934,-0.027011610064932426,-0.08294249102627446,-0.12270260027442689,-0.14123838748666012,-0.13685275362022173,-0.12179308960224786,-0.10656043774658476,-0.09870320054063865,-0.10257002230381901,-0.11865217832059169,-0.14579325214097835,-0.1734983195979123,-0.1726629113742539,-0.15388478598316072,-0.14641792761719677,-0.1461064179336582,-0.14053711983717002,-0.13233662748213362,-0.1204142651757565,-0.11251929804081791,-0.10941235187144711,-0.11311957901569548,-0.12200035152006916,-0.13680431874600898,-0.16853944261118772,-0.23935946016430001,-0.3620381546782871,-0.47963199103566606,-0.5125353597079274,-0.4962849601418846,-0.40266763878338957,-0.011949749016685881,0.2709976877646993,0.3751742916514775,0.4355435479169982,0.48036872175889,0.5105862290494038,0.5227100824815459,0.5135475095442574,0.4631513690000927,0.35472167375857594,0.23985356764089227,0.16730459406319378,0.13117506138475774,0.11866595588726267,0.11670781956013745,0.11142308929627426,0.0844638155578496,0.02690688326890074,-0.0027872704224386363,0.010483525549577974,0.05678644112523842,0.12069971572223408,0.18971960553129438,0.24777030285688925,0.28421864864196617,0.29736850630017136,0.28849991123458607,0.25502271804428167,0.19192270307001968,0.13073982440887003,0.08017268376608377,0.024035187782533326,-0.04676683266566097,-0.11622552422987438,-0.1719693657489858,-0.20288388638379973,-0.2149040358325155,-0.21668392374272682,-0.21227034588447116,-0.1805320440661332,-0.1104590523743328,-0.016982968518948493,0.06465256041685515,0.0977750034574369,0.044419696440408676,-0.13855229522986348,-0.3534037459683023,-0.43494974071849957,-0.42650848272730374,-0.39252450604211636,-0.35291133138596253,-0.3121164086639914,-0.2648005923754466,-0.16665425326710162,-0.05681750219879654,-0.026219767403175373,-0.053014264976392354,-0.1138706841995885,-0.18558606757521534,-0.23720695525350646,-0.2530493549764529,-0.22865170048261407,-0.19606076750236281,-0.1949456923760521,-0.23843784753377562,-0.2855381879495497,-0.29966170078448856,-0.29203390846756755,-0.28379012354264455,-0.2687830830047444,-0.22434406736505538,-0.152000860813678,-0.09377019517951897,-0.08194810273911461,-0.12103986780014477,-0.19015950863956002,-0.25685504342550414,-0.28966712211557677,-0.28695761071439285,-0.2714663828263357,-0.26196273983814483,-0.2708781540257377,-0.29321962847989763,-0.30932412769458273,-0.29310116600804353,-0.22401190215626393,-0.120564829590435,-0.0161557428868668,0.06683972794083345,0.0994480055094055,0.07559794654810392,0.017270054368902922,-0.040132474202477474,-0.0428940217236578,0.04745290779162705,0.2108630209574118,0.31708824141725117,0.326827431795649,0.31112220966634807,0.3025594031629595,0.30658639895761663,0.31729743237212804,0.32743279912821893,0.3342224604568661,0.3382105013918995,0.33292781898374185,0.3180185239095211,0.29248767321813973,0.2678285647261855,0.2590593745317335,0.26690631388236385,0.27733100938067357,0.27158355032636095,0.2329588570340028,0.16820781671622625,0.09942048950272776,0.03649422746916119,-0.01630524403351327,-0.0586322110043668,-0.08495717241205451,-0.09059105839515683,-0.0793430827160387,-0.0676695868653326,-0.06662393095431662,-0.08828612124422741,-0.13086142258785952,-0.1931923592797295,-0.2648903242069477,-0.2826381952482702,-0.23211236497788995,-0.1586734024810362,-0.1038127650739407,-0.07254769619348728,-0.06041908460400421,-0.06780666603452656,-0.09666085307965144,-0.148105414854752,-0.20140683491557168,-0.22174326514388543,-0.22973922759383114,-0.25505537742340395,-0.2875887373402092,-0.2910604580162862,-0.2427933985218982,-0.16419630209809694,-0.07483791887257964,0.0016639268573088314,0.038733169995000816,0.02767700244106324,-0.016964303644549265,-0.07003889104402988,-0.10106998761408016,-0.1081369298981591,-0.10143904064738732,-0.1016183669569558,-0.11799641957689098,-0.14329930083594508,-0.15608419579643512,-0.14311636749178525,-0.0996096513596161,-0.035289977057263854,0.03811821380117851,0.09078126198524576,0.10982959594741068,0.10178534719785105,0.06855255710029715,0.019500617881069014,-0.025402685833922963,-0.044225525661886346,-0.037741916209989866,-0.024516751123222366,-0.008733571685268959,0.023631688178597236,0.06779566661137869,0.09287349341338273,0.07778471996913261,0.03349648273804109,0.004160642470371937,-0.0044309246959118535,0.006213856311749256,0.032434219819143614,0.07342237065354955,0.12292744771144183,0.18546753747525882,0.25872540213907447,0.3293390070335022,0.3628012629694402,0.34651078201315505,0.3082312490642935,0.2678996331193947,0.23512867751812044,0.2164081371532281,0.20019023119420173,0.16597545589752957,0.10280986415472078,0.03969076645020595,-0.008830936134597,-0.039499600895018264,-0.04936623000673186,-0.04053120801588026,-0.018524962602141426,0.013270043084229726,0.050648818197750654,0.09696099734446871,0.1548939063232471,0.2154861456896402,0.2329621058981454,0.20711149626729777,0.16723385206671879,0.11832177754840617,0.0676446288721518,0.03092944594216044,0.0057032813043744425,-0.027161986879270388,-0.07388381050134275,-0.11760801299628175,-0.15225301231066588,-0.19415266385089658,-0.24062095972355674,-0.2812320926408503,-0.3149966440986691,-0.33817855505666866,-0.34765930255029476,-0.3367538132008538,-0.3047867049344591,-0.25771136879058487,-0.2085667237979367,-0.16005157795373054,-0.11167054533984185,-0.07175678442835313,-0.0464494723060112,-0.03890096786538327,-0.0470779792809162,-0.06941528223492047,-0.10340418458437396,-0.14062699159384967,-0.1741357003954451,-0.20335973436882948,-0.22243252177049203,-0.22884824324981012,-0.24187094881458115,-0.2678790740176019,-0.28137337621062775,-0.26789596011675065,-0.24883105083928078,-0.24549868322900303,-0.2703671144914528,-0.2821242760602729,-0.2513532471302374,-0.18687921994477585,-0.12716998012081196,-0.09918987436444819,-0.09349238697658373,-0.09709405183820773,-0.08874444460864386,-0.07006088182632861,-0.04371621080786887,-0.009839193172504057,0.022113284628098737,0.04707749561521567,0.056903127626878665,0.06307922990047506,0.07785762735965139,0.09940332340442805,0.11808171124649547,0.11068459262571616,0.07260024068970829,0.03388562726365566,0.021386668506323828,0.04068669670538553,0.08794789558048142,0.14227168166804258,0.16586407903052114,0.12456956343256925,0.05502484252085182,0.02916630119008507,0.06161025188477767,0.13204111081144032,0.2038660850346612,0.23722492342967624,0.23090290488871465,0.2071864828428997,0.1872404137178409,0.182791813657652,0.20371901437081683,0.26859655739406185,0.22259714771222291,0.06880904264717311,0.01851400646569398,-0.001569075136928172,-0.010773873976679288,-0.012523136593137646,-0.010171863351586157,-0.009720899795344138,-0.02603605418234359,-0.06707762326663629,-0.1060435425790046,-0.11404050869570663,-0.09815026305475867,-0.07879307510303107,-0.07138985303379969,-0.07723852049702068,-0.09177669751344679,-0.10842750041844652,-0.1396367155070913,-0.18114003810166465,-0.19916971518514748,-0.16583284946029694,-0.10979287958496381,-0.05947282355351391,-0.0224966051281459,-0.005380661324648531,-0.009080833977873449,-0.026947966798998142,-0.05143773691878568,-0.07304131913569104,-0.09384718495900587,-0.1148142280118859,-0.1347754381492914,-0.16118290948766437,-0.19309231307883307,-0.2218314640477029,-0.23272011570160173,-0.20593403867009452,-0.13811952241401176,-0.032359702521366544,0.07403379893554791,0.13577807789366278,0.1683251316994604,0.18200100221184667,0.18463243747816205,0.15751817242326163,0.08398512967322787,0.018614961553521717,-0.025432609482533137,-0.05963834619271662,-0.09299453431625081,-0.1216064306003654,-0.14614569991294937,-0.13698799372721426,-0.10387409137488748,-0.07612312751651477,-0.05924239252244906,-0.05392392248797386,-0.04377086960634448,-0.017418273031238052,0.03381643884585494,0.10093365998204255,0.1527940068586659,0.1803481453868181,0.18302468895467233,0.16027025144655374,0.12034089062266887,0.07693763325014583,0.04840593734370518,0.045391374120069126,0.07993976960532063,0.15189979124364952,0.23144223227279245,0.28414690531023146,0.29719642597033413,0.2673873901352221,0.21784602914040138,0.17360056345471608,0.1461970867531118,0.13072343035878756,0.11654544308672755,0.08866937872382476,0.03884875232812529,-0.019105245741275364,-0.053471394987349576,-0.0727155856637672,-0.09300035253652593,-0.12401092422885268,-0.16531237711716443,-0.20150074701740908,-0.22328692494224586,-0.23791882828513075,-0.261770909399828,-0.298994720305654,-0.3272693858047621,-0.3361522474486384,-0.3269709834602159,-0.31394200591538896,-0.3011047725410107,-0.2750635722005241,-0.23670505479095566,-0.19681787188621733,-0.16542022401111636,-0.14012573147289054,-0.1251382425054625,-0.12271327777479828,-0.13014020132601306,-0.1289324400650319,-0.11031434772052001,-0.0822336422090357,-0.05460169881165052,-0.038107451280126194,-0.0323430212413759,-0.03426196681919576,-0.04092845954548175,-0.03662118598503396,0.0016679110866290592,0.059085498554036706,0.08700610690389124,0.07266394679795782,0.038993667837885645,0.003416850164978594,-0.022233114358980618,-0.014790540485501165,0.0026283090847909005,0.0013931208642776825,-0.013459633280244382,-0.029501609036310095,-0.032000167186566404,-0.012640904611528085,0.031257613992717745,0.10657994984895139,0.17959725235964852,0.21421789133022398,0.24525670451091597,0.3024715722709073,0.3845729659710097,0.4638122835802821,0.4860181524294438,0.44247259824684027,0.3833135806231077,0.33172518784025606,0.27920678395570264,0.22781339467180256,0.18194040402932884,0.1414826918485009,0.10991405386479881,0.0917599896949102,0.08588075788625293,0.09733523017583509,0.13455168239636275,0.19768797834986027,0.2799351223772845,0.374272779145402,0.46359223565268204,0.527559173875217,0.5405928729334236,0.46266267328297694,0.3120124053227136,0.20797778724984098,0.1794348880781962,0.1862710490779987,0.17917893325795342,0.14287459135067046,0.07281264000739608,-0.01959908065152737,-0.11046729154087168,-0.18436617298998173,-0.22929102312455002,-0.2395440167781533,-0.2267294574566525,-0.2139380806416793,-0.21753309991182823,-0.2330097714460038,-0.23266210079286134,-0.20227357032217047,-0.15769121412626966,-0.11116125656093966,-0.08788203226698689,-0.08683704014033576,-0.09732028392393866,-0.11881517029104578,-0.1399874383312323,-0.15717612507619025,-0.17004161685835734,-0.18541235385437066,-0.20996075525738242,-0.23571348744902004,-0.24876866933650765,-0.2423005112588357,-0.21860597312598928,-0.18213163532273347,-0.1505206371664265,-0.13937087450822966,-0.14840698736116315,-0.16612026465007396,-0.1717290446767939,-0.1646951269318645,-0.15300649659953103,-0.1437610358259763,-0.1332001814586052,-0.1132094324859741,-0.08023507721078275,-0.0445029127456757,-0.01836039643366629,-0.009574074430809142,-0.013564117248037955,-0.03369555771410058,-0.07383191038616986,-0.12375697722185051,-0.13619341335235782,-0.09242197445381595,-0.013938032695280786,0.07157507097829297,0.10859640548620322,0.09241492196360356,0.06000561365133046,0.03351684821049378,0.020745517567807677,0.020559647488031324,0.030766345020223223,0.050835436906874476,0.08162823140283851,0.1219302422956336,0.16581099280514952,0.2033385375479895,0.23033381007806225,0.23529032685577703,0.1944929891223952,0.09656485604396856,0.006525872543737209,-0.029247570441967526,-0.02477706371451616,-0.024974629527235413,-0.07735510999169162,-0.19428101418760782,-0.3117557480550328,-0.3939951632676707,-0.4381816438626797,-0.45477144876550546,-0.44459419644501974,-0.41813337782207344,-0.37681017199594186,-0.3011247983245574,-0.1951683155201433,-0.08684696022578423,-0.027443025658508285,-0.016897389489314275,-0.032520041508659024,-0.06577783295066296,-0.12156807458155718,-0.2013594265859639,-0.27297568801496785,-0.3155636607309222,-0.32772679254765746,-0.30054889527191475,-0.20665522304684944,-0.08472474766314085,-0.004448949359474812,0.03163508569824659,0.04103914690221239,0.03233204601471351,0.007019475063272422,-0.024503014881244935,-0.04394832150322322,-0.05230702197537929,-0.05528078074000413,-0.05950666046788458,-0.06573875953752574,-0.06927741252144576,-0.057490331785298,-0.026948808283056798,0.010515118568402202,0.0408306073386005,0.05753933911055919,0.05616240975391974,0.038845941359050874,0.0133908656658554,-0.021419733458111587,-0.07334636623633459,-0.14906837877980716,-0.2417102294646886,-0.3159577390133537,-0.34436891774850886,-0.33202158976938995,-0.275965123210137,-0.14812591831952637,0.11556495932395011,0.33361678287797597,0.36379573749550437,0.34984187113993703,0.3394877078479973,0.3401188000787843,0.34014022091808893,0.3097864504951017,0.21491415911593256,0.11825601766237052,0.06703868820372154,0.06286264331479913,0.10313493313203409,0.1682331393625042,0.21593269435521617,0.22289525344725156,0.19963242246034288,0.17527165061680022,0.1583870141742987,0.14776871553626392,0.13822896347327301,0.1280908729259455,0.114294682407757,0.0925271501429875,0.07131931042455994,0.07138049295317796,0.08388644386119255,0.08771585245631863,0.07573197699177871,0.05529156520557851,0.030444145107076742,0.0077037921001845405,-0.008639256397827073,-0.0268031159879753,-0.055080646922393395,-0.05262230615265143,-0.047104192124237845,-0.05171666163569041,-0.06336614344466462,-0.08208263679112573,-0.10568027818411793,-0.1318367841369484,-0.15719138168601693,-0.17409428508627367,-0.17538461141372033,-0.1615888397903886,-0.14277888268263955,-0.12548434558632005,-0.10555375866536935,-0.09476072758975265,-0.1074260570093547,-0.143090795539954,-0.18745768369548915,-0.2269559725257235,-0.2633872764609312,-0.2911389618848421,-0.2979473837150643,-0.2680930484970559,-0.19064029276771627,-0.046756122953482686,0.12206342451324971,0.23548142098433755,0.2879102833297227,0.29092992226250597,0.25148047850931643,0.18941584545503068,0.12520681724445754,0.07884932219268172,0.05347325540341943,0.05366082694018788,0.0791937505924443,0.1291131741018233,0.1916110191537249,0.2515888366037151,0.3001919649027208,0.3285352795203296,0.3384997961818755,0.3401871466701324,0.3525696806673066,0.3807229754548395,0.40790302884270707,0.40870107559782526,0.36911497477329996,0.2685850073824306,0.12879704181791238,0.009963303040345031,-0.042276623951638254,-0.04315528446419102,-0.026443110566654382,-0.01160080520416585,0.009943301339076335,0.05772000542940334,0.14419032928177433,0.2691214734856957,0.390432149446254,0.4357405053172939,0.39992644699800683,0.3409355764447695,0.29193779200072356,0.25630299192855904,0.2393574586338364,0.23946018857003648,0.240605043585421,0.20714372794076974,0.15915202854786992,0.12836234579378308,0.11811982174574734,0.10180233942025436,0.027718361374737332,-0.042002138156175484,-0.06840323246115784,-0.07944849998028405,-0.0842357444578255,-0.08683787154359317,-0.0887933004042287,-0.09744284780917666,-0.12142459606463839,-0.17874157209368877,-0.2831187338253475,-0.40336410119166005,-0.44904397845588434,-0.4275135316061827,-0.4064051050096462,-0.4010884981937283,-0.4054407901503828,-0.4112705920410943,-0.415646948926993,-0.4168472805759187,-0.41436144118424945,-0.39495262265117953,-0.3318127777833879,-0.24618968570971425,-0.1826318934170252,-0.15149217265338782,-0.1428934611892738,-0.14767394119140545,-0.1581212707205402,-0.17384586851548076,-0.19238780895083993,-0.22050968858262415,-0.25912057975763675,-0.30616101631295584,-0.3261687428763108,-0.3112175338207229,-0.2909569783915609,-0.26149377073283553,-0.2089009804363285,-0.15985215063453084,-0.13402270907471156,-0.13255216920393717,-0.15665556811099124,-0.21484505810264048,-0.31806047937301835,-0.4162362251204809,-0.4748613672963314,-0.5070219615412198,-0.5211096104727677,-0.49719074530947766,-0.38217437645425345,-0.14045470726286413,0.11537249908991759,0.2845312152845144,0.3852446547800209,0.44737443575360963,0.48471708730916174,0.500685022072859,0.4940091610992272,0.4680988958515568,0.4271209982824836,0.35844828516895677,0.2501102944921609,0.14356141290310187,0.07592562697005388,0.045141506663559476,0.03968209566592329,0.05246395433520592,0.07065812023601753,0.08666926835486473,0.0906046159453967,0.07776093758143347,0.05886247860303374,0.048847957416832274,0.05956845386207892,0.0955775190550209,0.15226360759377436,0.20530073932827728,0.2198070554956527,0.1829987132287171,0.13905272280356268,0.1057636822397712,0.07009905029086072,-0.03984362591975944,-0.16039796361874048,-0.10751050300395916,-0.07872365241535975,-0.05676005620686197,-0.037443831020035956,-0.018372701514407806,0.005259893445953224,0.03467791283678858,0.06573867373884167,0.08721727094826504,0.08946080699041782,0.06864193362708977,0.016093431871929156,-0.0535315513321752,-0.09589544703418662,-0.07379309516258997,0.001227263740369779,0.11734435362199797,0.23540556688466946,0.30754612275467685,0.3269753005332041,0.29532147831401373,0.20602186993890167,0.09101767945169356,-0.0019469761044694101,-0.06566973838630857,-0.11661488260866512,-0.16152106122266638,-0.19179277145979387,-0.20797879939015534,-0.21690603583663892,-0.22785115507709597,-0.240925089799016,-0.2594617918446605,-0.28674963155446015,-0.3320265735171896,-0.393046840660328,-0.4564560324813252,-0.4786472094318609,-0.3936018080851356,-0.23559483433516484,-0.1238298338845277,-0.06717997182998796,-0.028577877493392474,0.0070555480127693065,0.04379184563841122,0.06824587972327313,0.08566553307871778,0.08815530162914166,0.09117809287845675,0.09817650543875238,0.1135206668374564,0.13174296984316294,0.1463193900058492,0.16179705678204023,0.18463029795829108,0.20651537175947454,0.21416996120060727,0.19868113536014367,0.1537248234510143,0.10825029892757232,0.08200005802283108,0.07375597408021223,0.07773717985308631,0.0878689546965447,0.09517196987899797,0.11192189909503358,0.1410871760101214,0.057002096091682226,0.012142147092944066,-0.004630651858750065,-0.01699918704490826,-0.032112826696968605,-0.05493739207346466,-0.08767828656215192,-0.12173698843210803,-0.12883714661629425,-0.0723032402985399,0.028448934359317182,0.1154012384798679,0.1672999619078031,0.19242637969854604,0.20695875682249223,0.22352095712666073,0.24856972728132073,0.2659980866754296,0.24584355149922843,0.19327496452731174,0.14060479414384508,0.09934558029088342,0.05139490917688267,-0.03363614533478161,-0.12664195952505675,-0.16209398629985894,-0.1663559569851029,-0.16148476326705302,-0.13834524129799783,-0.09468831400276047,-0.049313675837020426,-0.013790591869394977,0.013943343023720151,0.03728335223492749,0.052719606730583145,0.06009272717340348,0.05636048647702776,0.038183988272379114,0.005176475848165198,-0.03588287622130073,-0.07344800309738883,-0.09210431882155491,-0.09014257716777528,-0.08698723785465111,-0.10035190754997758,-0.14291510089625925,-0.19816531150433764,-0.21301539571412917,-0.1614830707733015,-0.0790083938936368,0.008841665515553316,0.08866062102508868,0.15638968617658724,0.21183857294409886,0.2475756710739782,0.2599078863288146,0.25910317552113743,0.2410707066011282,0.19117817901204487,0.12404299252592367,0.06619261820715025,0.040301489182038575,0.028423563350237945,0.02137545304731621,0.0141234306846702,0.014373962895500513,0.033755166730397655,0.08182845124379433,0.15930425134414003,0.2404420829100913,0.25264399420742684,0.2091001251062213,0.1570214452292904,0.10389013214692887,0.03983001728283732,-0.05385047706069794,-0.11993460273153998,-0.11048104070909989,-0.07770353858371785,-0.041729974589337575,-0.004492991351860296,0.028903685633963245,0.048597723316323775,0.05081054174464061,0.048440020717291206,0.05600419302544845,0.07430162445371968,0.09638221609817373,0.10598761439771359,0.03273464672191793,-0.03479924308659108,-0.07113131653982423,-0.0947711864722708,-0.10606423924626707,-0.10783765516598383,-0.1018995254055463,-0.08323505257114235,-0.043577289542655655,0.018201750341545118,0.09555648856041583,0.17419090744227228,0.23065088299104272,0.22502980750215965,0.0818203572787341,-0.1950255534865965,-0.37544656334301363,-0.4354532874908328,-0.4474002307713766,-0.43174345974406786,-0.3829600419805629,-0.3058517760070927,-0.2209822395887163,-0.15528176987870432,-0.11722612191121884,-0.09818975322811124,-0.08708673481737333,-0.0724805688666744,-0.060509176450434125,-0.05744520599385184,-0.068401362808777,-0.09902681691100654,-0.16030873418261693,-0.26851473012547505,-0.3699846699114511,-0.3942645928290457,-0.40972192694374354,-0.45720281221712156,-0.5532688018857083,-0.6650857996276097,-0.5467532249300299,-0.22234367478876763,0.002387650957902983,0.1447759145392664,0.25805773913241586,0.34390590612954497,0.3858203536616482,0.39984099586203864,0.4098875517307381,0.4248924310507311,0.4404686223994166,0.411897022978476,0.26956751923443795,0.11364794762503985,0.016350745641716197,-0.045242517406253034,-0.097359940629149,-0.14111244774035867,-0.13746860469659908,-0.055161647524925715,0.06484023377152708,0.16431397781599713,0.23668634404901714,0.27136864804509236,0.26346912033192615,0.23061687049884558,0.21630377803835935,0.24130989200115868,0.31319446283983005,0.4141369239352364,0.426948230482375,0.28385894047681964,0.14996199439399588,0.0779653784342374,0.057352127686036584,0.07846908264452758,0.13116070096887655,0.20007128790878395,0.26390442891826754,0.29961640249699983,0.2757917970529874,0.15469587540140126,0.013285106358743009,-0.08174522950431506,-0.11804209258482012,-0.11556899431243141,-0.10045269689898016,-0.08688362311326613,-0.07691323652567221,-0.06894851734206223,-0.040406162612589745,0.005550331010459633,0.017271796230670496,0.016932511041293296,0.013466398469721658,0.009075727192522776,0.005368870648303522,0.005010699319154857,0.006327674078832362,-0.003135902698056817,-0.037135153736037804,-0.09673659229098411,-0.1725248177424747,-0.2489145198212023,-0.3128153456224654,-0.35145654497006856,-0.3722049079666743,-0.3823373681574251,-0.38100574084454986,-0.36033682531834926,-0.30252845656919425,-0.23729112652877968,-0.18718016428878273,-0.14901865574635342,-0.11448857764566357,-0.08135460453627803,-0.04878022995194154,-0.022061868519671544,0.00342820935392159,0.022631120105581742,0.026524633331158287,0.013542474183020426,-0.01136493689652388,-0.04289586302401657,-0.0717915551282718,-0.10000099930515899,-0.12019559949332563,-0.1138258928350689,-0.08156834560995355,-0.04292353025431253,-0.01415507836486674,-0.0017054818180165198,-0.0004277540196626366,-0.0008920580267235836,0.010067339978987474,0.037298828949482145,0.07415463451016804,0.10726469262125513,0.11946722810573196,0.10807946641150892,0.08665815300915589,0.06183379532513891,0.039284995702429756,0.02381364241014407,0.027115821821873318,0.07298063244446013,0.20272149216076904,0.22919612542079343,0.1671568391223281,0.1297865208121438,0.10481863801401865,0.0818149418125172,0.05145439535549791,-0.0014003036400420043,-0.07176994203650681,-0.08944525120551468,-0.054522474266348264,-0.0009655422975808033,0.06068858187810422,0.12536483207783886,0.1868461922118137,0.24250729125843554,0.28835613781098385,0.3152213421999495,0.3253563567574784,0.3412952492718566,0.3621607642390668,0.37225880637108744,0.35456964189662166,0.3050047026196611,0.23722651451359236,0.1674841728109914,0.10751622939348528,0.06012798161183292,0.03348217140399585,0.015803351654651653,-0.013350019483238464,-0.06954182989890577,-0.1596217536124273,-0.23420383999951394,-0.24814962664174917,-0.21173852796464862,-0.15136066898789485,-0.08136311676324257,-0.008889798153177576,0.044327224252323036,0.05886258674752496,0.03951066099022563,0.00493938166405053,-0.035258497074298005,-0.0810436031270888,-0.1349983021785975,-0.1998818990047593,-0.2772277632279474,-0.36648815317427447,-0.45746843762427153,-0.5241810229819931,-0.536740687173951,-0.4831701957388286,-0.3680115891620758,-0.23473493453560432,-0.13678474847334673,-0.08230686844877552,-0.058082979589943746,-0.041339341487892776,-0.019197199837643893,0.007815595383560147,0.025029564926312368,0.016071431941658776,-0.04415385828003117,-0.1653209185581525,-0.2771428528199861,-0.29371503529874055,-0.2205740597098437,-0.06362395278659715,0.13125750293082877,0.29236529291881136,0.3885871001145017,0.4157546915174964,0.3924050003691193,0.35142023794553134,0.31476349451904057,0.28886430824728837,0.2743471758469691,0.26865284112858956,0.2354471169331387,0.05727374728683216,-0.05395290404662563,-0.06827073890782752,-0.04498412122029522,-0.002428317420002918,0.04800018728548042,0.09815568372723617,0.134885235864344,0.14429692474508504,0.12567918045212748,0.07986724997344159,0.0028271475876291956,-0.11550252892847487,-0.2426895391423511,-0.31763482760204675,-0.35588595426285374,-0.3914651553140361,-0.4184137765653686,-0.4269816751425704,-0.40715093866156443,-0.3631941242916523,-0.3146143876607725,-0.2523185449420575,-0.17025053215859143,-0.10397658706950187,-0.06854252540501742,-0.06331281012684133,-0.07678480470855555,-0.10120379126830356,-0.1280442509731195,-0.1394475259113721,-0.12108301443178772,-0.07977815331835589,-0.031182558619264545,0.018529436295953904,0.06596663175421809,0.09988885600780002,0.09708623070583719,0.030446540907996106,-0.07095318611806863,-0.15341644914587949,-0.1918180689500334,-0.19815036132416905,-0.1827747518395396,-0.1569370849765533,-0.12908804730540963,-0.10347520469325268,-0.08169344958080219,-0.06615712477182267,-0.058771260495649444,-0.06833302157737359,-0.07871259691639879,-0.05002207455539933,-0.028405860727562134,-0.024803757528670027,-0.035670805338444314,-0.06183505160509041,-0.09936662997458337,-0.14072152228716323,-0.17798184439235745,-0.20104269770513736,-0.18847045286801287,-0.14306750594254053,-0.07870674003145292,0.023002894594068,0.23607567528260537,0.5703700568547925,0.6242055539717609,0.5590600938659034,0.528870699371902,0.534469448886516,0.5527169953137712,0.5059836720141243,0.38900233385254224,0.3149551054530185,0.2906178833068507,0.30144516808365296,0.3419794833471835,0.40129705290690615,0.43492112784979636,0.39175907872025645,0.317973007738991,0.26269224981121514,0.22889057389866116,0.20550176542697315,0.1903080504744296,0.18210107121814842,0.17759005706275824,0.16717657489600715,0.13719426695566606,0.09093555052726715,0.044168544724119935,0.0005714879455924401,-0.04164937958065767,-0.08735297539249896,-0.131291405655881,-0.1645619443843077,-0.17848895246120905,-0.16597745673557218,-0.13651163172862094,-0.10670789663711364,-0.09477921069313255,-0.10137841573639739,-0.12767709302805133,-0.16289771673927017,-0.19234884147693465,-0.20795563958715285,-0.21380929582551278,-0.22380875038336415,-0.24832376769671358,-0.28820645398182626,-0.3348018644735153,-0.38264158737933923,-0.42968403049142784,-0.4655506888609899,-0.48059509603349115,-0.48785188813753466,-0.4818501672670967,-0.43275893276389804,-0.33209075421271245,-0.2392849368029106,-0.1708419006343452,-0.11325846181825709,-0.05104874204332549,0.024101267062197597,0.10608891214082612,0.1424557578174379,0.10507029648222076,0.027010811233764285,-0.071635940135414,-0.1723598989809258,-0.25132904645742965,-0.30107805657490877,-0.33830348801577986,-0.3814924906441425,-0.3154309312078591,-0.10190872527734067,0.02828389305110375,0.10807612278396472,0.16352020026678807,0.19791729427449087,0.20509875958236978,0.1798868170003529,0.12545679756337338,0.06106389460632674,-0.0012675778888961294,-0.030162759155571938,-0.02314003060770521,-0.010716233347130915,0.0019096927857881944,0.017380582148253207,0.032566837989886556,0.04179751423822536,0.04496460914230707,0.0513083011421173,0.07749525392448435,0.1293285044552047,0.19927776751539067,0.2858318653450532,0.38873165348102057,0.46332244069928025,0.434193577060097,0.368316541644937,0.32853855903799967,0.3105987178010665,0.2860976558189893,0.2352999578734955,0.1597864857513376,0.08212054823609392,0.01956438571178252,-0.02485060766120183,-0.06239394074282597,-0.09065417121745119,-0.10386746498287452,-0.0971552232144516,-0.07059807556063294,-0.029098639835165616,0.010845634658641893,0.03248061255173603,0.025245866697358208,-0.029269947871131068,-0.12942938697193135,-0.24668016640606152,-0.3467411036716162,-0.40969782803288557,-0.43316304698036556,-0.4251916035329656,-0.39461599201451614,-0.3390060825561978,-0.26095513998903386,-0.16867799653440305,-0.08254543853522016,-0.03252748682685768,-0.03031399948510861,-0.0767804495434884,-0.1564630540743477,-0.2326071109750854,-0.2581416486286373,-0.23566248775220106,-0.19215347577863726,-0.13687676666550566,-0.06999324698490841,0.0002127656963543694,0.058944064414845426,0.09682429930092656,0.11805635090326028,0.14254805024822226,0.18734110477261326,0.2579188468873337,0.29267614046351004,0.2509052831233139,0.20229290166735295,0.16517159314103905,0.13055293182794783,0.09302288617125776,0.05978256280665012,0.038856829609362986,0.036528593143875056,0.04797408838035927,0.06780816643224623,0.09703739683181045,0.14149874247288438,0.20774173479434052,0.31551991142342317,0.4430349660214704,0.5104458749512257,0.49710095100504165,0.4472521990117983,0.38466992179086007,0.3187117327657318,0.2366706752362063,0.14030518317208737,0.06956192710830907,0.028473219840819092,0.008091102508777228,0.007007609728930178,0.02683267818889372,0.06249269154372186,0.10741278594362583,0.13054434337238405,0.11651564825317949,0.07044217233608376,0.019096096396516427,-0.022117673495886628,-0.05504260831977551,-0.08127807306176517,-0.09581389123196336,-0.0917592709852607,-0.06065473195594063,0.0010348611633709617,0.0686390486045158,0.11196869452315493,0.13044529733375254,0.13354742767531289,0.11922949829130293,0.07621539762640986,0.029000505860807796,0.017222984088646552,0.02633398123351048,0.04192982252295237,0.057874559566866456,0.06701912912359544,0.059416561330463295,0.028381801043931138,-0.021480757159389477,-0.08105212693942916,-0.12590833876346283,-0.12507210658762688,-0.07844215199867799,-0.004876471146201855,0.0749644644066862,0.1421477610856011,0.17437250214258143,0.17013922038784687,0.10966247552684569,-0.013431671367300821,-0.15819535387417907,-0.27091965921343647,-0.31340185521962893,-0.2789771506010852,-0.21215466815436554,-0.15470706180291902,-0.12198031926614193,-0.11542053745374622,-0.12811093978144256,-0.14627512656394723,-0.15637180883660218,-0.1619936218680274,-0.15903710583679903,-0.15222445092368286,-0.14672391566182594,-0.15770871420076127,-0.18652729124576256,-0.21749210034557612,-0.2305074021828103,-0.21171070193682429,-0.1731071850070749,-0.13741294908887958,-0.10124496946456173,-0.05442149819742457,0.023298042637930266,0.14555288680350587,0.292117708316394,0.4069171884014271,0.4549284631262501,0.4454289071466565,0.4045204400036846,0.36044083221447293,0.32088290069070424,0.291121976109912,0.2793464715375331,0.2720303205685067,0.23902583208925132,0.18316755866049633
0.8075042982136644,0.7836638448723803,0.7422580583917164,0.6908170329394884,0.6484568603595403,0.617178600548211,0.5848480851848944,0.5368171710587576,0.47365519974178144,0.40687904974620176,0.35391712951534826,0.3391004770441199,0.37302255793325534,0.4344011783254444,0.4598640017052118,0.4273538666024194,0.3899167973839397,0.37294483620993796,0.3704831241979871,0.35557143443835443,0.31212007352455057,0.2735701102604007,0.2617212421210026,0.25516983550361794,0.194179441478707,0.053650155582782195,-0.14231480472997113,-0.3484941687536767,-0.5175142120819699,-0.626607711892544,-0.6886791407393759,-0.7235377997669135,-0.7388739602383946,-0.7417279363201259,-0.7489232186133657,-0.7727497925044663,-0.8016887210847007,-0.808506391310416,-0.7708254545146485,-0.6995580613930267,-0.6311682629641515,-0.5784681068501569,-0.4847106023666062,-0.29561922118319195,-0.13645747653502255,-0.072536510171565,-0.08174687709473259,-0.1440300326847891,-0.24739112123101145,-0.37177434658252384,-0.478101030648807,-0.5493714565836959,-0.5871781212737618,-0.5929510392542838,-0.5577493741526692,-0.5026763740069867,-0.4667443471574962,-0.4653018096056554,-0.4983137153085187,-0.5676671187939313,-0.6089459505093175,-0.46848472185588436,-0.2456902329313084,-0.08585823341041007,0.019882195411999263,0.08811656420996743,0.13002488502160137,0.1568795262930335,0.1780319201528953,0.2022578617854407,0.2376765698813684,0.2891410184904961,0.36813447227993085,0.4848823749644127,0.6247324685154821,0.7337496595890636,0.788264844925108,0.8099567248126691,0.8223134578821674,0.8332820078912726,0.8408179554875667,0.8450246601530245,0.8450013784648888,0.8348048095315707,0.8132824534911519,0.7783201501232323,0.7208522591674796,0.6464231446363348,0.5622949854183448,0.4881865717934257,0.4445652421889307,0.42771358372872714,0.4016408104644293,0.34517446810157926,0.26780518443648443,0.1958441041516136,0.14409016621095772,0.10600911916493339,0.06483297857414624,0.022412298214104592,-0.004998418745651646,-0.01607523610814286,-0.02745800168635427,-0.04682044605711127,-0.07995427377051392,-0.13620719644674864,-0.23274412996511168,-0.3692207000831759,-0.4907073217572542,-0.5615763045658704,-0.6045048830328414,-0.6400985614648311,-0.6753495903533607,-0.7004836547769981,-0.7165589367473515,-0.7261489667345368,-0.7328278016035843,-0.7380880560419604,-0.7429072230199179,-0.7349825888701395,-0.7118766661384762,-0.6840770403077152,-0.6530839119380244,-0.6114192360850126,-0.5524508482009666,-0.4733542876113591,-0.39867367327515396,-0.3592937965083342,-0.36122837660295115,-0.4024238607999894,-0.4706862226214404,-0.5480655954400415,-0.6023514547940624,-0.5977553548835494,-0.5497860673335024,-0.5125063545342037,-0.5177039884484522,-0.5603276367936261,-0.5876275304686988,-0.5161914600993414,-0.3058525746702334,-0.07562078308192453,0.04660786127855487,0.08617115566718028,0.10710518108661886,0.13214801682540026,0.1748069845983941,0.22553046169793878,0.2763989338833784,0.33631097739850646,0.4138828805126439,0.46606593460375234,0.42669387672391096,0.3734698814162193,0.343423174547428,0.33252453817789535,0.34306793691329246,0.4011213187342103,0.5742229408588685,0.583255341428299,0.3378274583766701,0.2425977826540076,0.21211881294013366,0.21211204092813762,0.2368544249255214,0.2977533726577016,0.4285683660714243,0.6268186716382325,0.6229058414739754,0.5424072629379888,0.534085443285916,0.5584550201525568,0.5709393323099511,0.559624204291268,0.5274633038380065,0.48451519871635823,0.43814624821145765,0.388263171372974,0.32230441695812145,0.25067916725174144,0.18456213287178821,0.1258006454060815,0.05525226715532908,-0.033412621632025144,-0.12318776284746737,-0.20392583807338804,-0.2887965661326892,-0.38694950739740347,-0.4809382821328082,-0.5272731297242722,-0.5020982921971355,-0.4574724968140093,-0.43967256645866243,-0.46452635212101584,-0.5276249180147992,-0.6053989662634944,-0.6604242689204456,-0.6706733334722644,-0.6573959898272038,-0.6561377159041364,-0.6838673197928902,-0.7264755116508888,-0.7057045037999103,-0.5949073253692345,-0.4950538849282948,-0.4449973594860221,-0.43619279251585324,-0.4614959994790388,-0.5019201868959436,-0.5138630289643845,-0.47992922756792855,-0.4112274385454568,-0.30521116268181964,-0.15905487537141,-0.0026891325454305548,0.10988429531635595,0.14380941038160516,0.1018254092948301,0.0405522166838118,-0.01656254524830055,-0.0720080863636902,-0.12274759565623253,-0.1537748951396079,-0.1551374877315303,-0.12767343296853306,-0.08118210659231066,-0.025507136125053096,0.02936898310682599,0.07112345687347665,0.10529735657780687,0.14363690625424635,0.1930586606192904,0.26104854228329855,0.35391954672159437,0.4607030139865087,0.5533382571620897,0.603988597094936,0.6135647210858528,0.6014272803684381,0.5991981963962973,0.6239066596128062,0.6597705147144326,0.6836444108113641,0.689628366888265,0.6828268982194095,0.6692851527203352,0.6409666511837453,0.6002195667441432,0.5609200974879183,0.5340283571073674,0.5149116707694992,0.5020469886648831,0.49517972816598,0.4963546617482429,0.490284399083955,0.4590514698536654,0.3995918576510287,0.32766643179732785,0.2405726729826691,0.15724581805334187,0.08782182995994822,0.03762049374111638,-0.013184611622247478,-0.07689397439461483,-0.1585099346828783,-0.25580911536919454,-0.360076838478351,-0.45604979981150984,-0.5361754045335803,-0.5855293911627856,-0.5742629923256689,-0.5004128989328464,-0.4276986332144504,-0.39459377655695194,-0.40340649973639725,-0.45766078121814335,-0.565115376521569,-0.7166358095067824,-0.8154900911084958,-0.7645588417931569,-0.6818205790817974,-0.6576746599269812,-0.7011710959092654,-0.755335595898758,-0.657180526577394,-0.5045092047565307,-0.42306156965162506,-0.4008863404228229,-0.40642139992770493,-0.4241221993155045,-0.4476285276382721,-0.46921590457203194,-0.48489992332311205,-0.49711706780080056,-0.49917599428115816,-0.4866330678646442,-0.46051910998992446,-0.4123709251858462,-0.2633614192094944,0.06464488798483173,0.2776373872073831,0.3820751496151618,0.4527937680852305,0.5052996697246049,0.5328918581669356,0.5420479792572799,0.5618613286795355,0.6571620962882504,0.7661454117417806,0.5419858964330139,0.364833089137078,0.29949668960381876,0.2974312377428686,0.3468464107228304,0.4593409104694859,0.6437869874058628,0.769625614717931,0.6872028086691624,0.5810919265337692,0.5399115163472616,0.558228960604276,0.6154603759670922,0.6820804611160042,0.7561781998335538,0.8372921953209147,0.8575159549568151,0.7439724751901989,0.5674172142773021,0.415823332640084,0.3210191328908189,0.2845947237914267,0.29350079629473497,0.3162128759146284,0.31654038659206385,0.2847765028789959,0.2182539947019528,0.11140122959141124,-0.031386120053729386,-0.16187324744804293,-0.22569226824878294,-0.24549298328183294,-0.23887139933682294,-0.20782108271325145,-0.14155563013008915,-0.025709697251387918,0.15147266954178112,0.3070001915967685,0.21708299004915224,0.04711740474614094,-0.08335355824487424,-0.18707874457986148,-0.2798708782605515,-0.3923872424390817,-0.5598303737344439,-0.7304430729690726,-0.7768278958755219,-0.756750713744608,-0.7378870732649353,-0.7237242029062672,-0.6919283289639759,-0.6239628979962513,-0.48907888259323423,-0.2948714379673706,-0.1387985935090768,-0.08574922539748386,-0.11653854335706491,-0.19299280255880402,-0.2809134832682958,-0.3590478377590973,-0.42695167512051957,-0.4924097977360698,-0.5560275525044565,-0.5985623126837093,-0.6012614356107941,-0.5741795043580745,-0.5350081243634763,-0.4684232443161401,-0.33871603700119396,-0.18504937676993616,-0.06972902601817643,-0.002581620945075145,0.030202811787152343,0.036327850301972914,0.016890366849173725,-0.01813761696661874,-0.050261477734822806,-0.08095475118716171,-0.0996067756512483,-0.10226582211021332,-0.09138358173394931,-0.06888011459956216,-0.03138155348175353,0.02722814707655656,0.10049463129404367,0.18259138940666428,0.2779951036347134,0.39184503889156597,0.5271674580196545,0.6635919308053957,0.7439778376965513,0.7412436861225071,0.7052869089338571,0.6746374336124913,0.6500384521349792,0.6390251358745851,0.6535757869407849,0.713098610387815,0.795164123287294,0.7059636392611658,0.4739385187426616,0.32543723205061664,0.2552506421364383,0.22861976353229227,0.23319773243182157,0.25435547100278266,0.2725406303482256,0.2720413451029033,0.2421890950952109,0.1872371244365678,0.11973993246471158,0.05104859172750089,-0.008229290198117982,-0.05960479271940033,-0.1261608796324077,-0.24803134717076544,-0.45307746030677026,-0.6195995089068879,-0.5638592282821477,-0.473802412855718,-0.43661171279992256,-0.4555561672350711,-0.4937933361927295,-0.5130885266139682,-0.5096511048818635,-0.5026337993079819,-0.46875603799616833,-0.4039120354491889,-0.37767337941492507,-0.41148181231257297,-0.48271910610317253,-0.5641098729196798,-0.6352750401501718,-0.6644705410312312,-0.6321217190734494,-0.5844203874042412,-0.5682118626267452,-0.5993763633866301,-0.6645068339000241,-0.7101312269058696,-0.6886121430566979,-0.6261867542874456,-0.5640065364500839,-0.5102785646029494,-0.4743329987767234,-0.46241292101385867,-0.4787464096688419,-0.5030599201019432,-0.5025312787197428,-0.443826763000128,-0.33036839398438056,-0.1932105008461613,-0.08342078789843908,-0.01452953711244185,0.03402973089931468,0.08814257721980792,0.16699315409578463,0.2912406178629413,0.43761846665806825,0.545903236063384,0.6013722820950834,0.6234912592815013,0.6386359031975989,0.6605314108853992,0.6897118805378208,0.6969060342784859,0.6616703083182648,0.6099857042895129,0.5752268194486758,0.5526298540278353,0.5009931470984532,0.42146266575838187,0.36304146491536204,0.3546427150798778,0.3896263319693203,0.44532421024828905,0.5040003344890143,0.5483046345477208,0.577180847936938,0.5863236000504435,0.5823247675973559,0.5720131049701018,0.5603588125037843,0.5513482894490712,0.543962664760779,0.5278382890659443,0.5029781528731138,0.4730976290410829,0.43916789544644563,0.39563188504270297,0.33833810348170157,0.25152686905580285,0.13383521206372256,0.012844005281445465,-0.0936646547303457,-0.17728991237583064,-0.23829384698623518,-0.28525950148493395,-0.3204914097227453,-0.35280559956620383,-0.376173929881775,-0.38310956452670886,-0.37826529064882686,-0.3715385382128703,-0.3664751135302039,-0.3643204354581795,-0.3670665046000787,-0.38676862954168206,-0.44092416637266985,-0.5388376731043992,-0.6584506748557749,-0.725579014014043,-0.7265814328727835,-0.714132193033143,-0.7056508683060292,-0.7004882960504202,-0.6929395540978285,-0.6774073466712094,-0.648589964959757,-0.6018182782589726,-0.5529384288449323,-0.5242024108723965,-0.5318828082880025,-0.5893384324245692,-0.6457185213351727,-0.6031881885131117,-0.5437207664542774,-0.5692150178917483,-0.5768151156101847,-0.36416733655783096,-0.23280815812751168,-0.177645055270763,-0.15414806455750601,-0.1385431500466366,-0.11229676267844167,-0.03413622880815798,0.09514701506372374,0.19485959757592583,0.2686965262321908,0.3413765585916699,0.42444968220642865,0.5261965591489217,0.6350215589940015,0.6996492918971248,0.6849325022328377,0.6330626028367026,0.5912737767768489,0.5645438894219968,0.553925105417434,0.5611471229961537,0.5708063006206217,0.5633284200928124,0.5557966559003849,0.5816089357203239,0.65977742408135,0.7695642954236732,0.6959127320385781,0.494048195017565,0.3665316719902888,0.28995149067895265,0.2305139080023425,0.17804390469419518,0.13211903779107084,0.0959584930976055,0.07832531218164152,0.08997334644699895,0.14979487957786816,0.18766158983653258,0.1611293376302468,0.1417119083554967,0.1244216701210927,0.10114776453552372,0.059630699250523285,-0.025615100735593557,-0.16912680213977627,-0.28380269682787396,-0.3292820372035115,-0.34854187827841954,-0.37212253822138386,-0.4023740740823496,-0.446957359027462,-0.49119197000359144,-0.5133662225430335,-0.5044586201856488,-0.48362782212526967,-0.47634862696333,-0.5034921414698197,-0.5840127555581884,-0.6817056473575372,-0.7293243439278938,-0.7115858210651216,-0.6385021094855458,-0.5303018370436601,-0.41707856535755183,-0.32275278888726294,-0.2516349427543197,-0.19956453622106338,-0.16308258804458367,-0.14293488291698772,-0.14778917073740655,-0.17840866639360245,-0.21948468402129712,-0.2603908058604335,-0.29767381520285563,-0.33260286013720564,-0.364788812038954,-0.40192618076264613,-0.4427546717807487,-0.47936672823830206,-0.5049269516017527,-0.5134032202739841,-0.4997905254028533,-0.46427338242177096,-0.4229740328856926,-0.4026023307113373,-0.4027472299542931,-0.39834267883464225,-0.3715806897495034,-0.3019354147604764,-0.1716256184957568,-0.003653102086443899,0.1610765685927838,0.2962763519882181,0.4026227482354706,0.494522897720349,0.600267582615424,0.7315792285737849,0.809660980020643,0.7772818126539223,0.7028773813807202,0.6414509381493875,0.609256297327349,0.6024628228929426,0.6100224104804991,0.6238614545585668,0.6532050314179605,0.7120925221771033,0.7710126393535683,0.7171126416552409,0.5720274129451539,0.4380179595033445,0.3385958032161089,0.27387714363361837,0.24595874547707067,0.2388678617807193,0.230282622452423,0.20904590968610845,0.17771106768613362,0.13927738318266286,0.10320423247451019,0.0863816966705147,0.08939016446838081,0.09145513809016378,0.07352143544569441,0.0309273323330886,-0.031150480480338045,-0.10625557006747366,-0.1986948457901388,-0.29985632957403324,-0.37797291079383133,-0.41900870533906925,-0.4505379249979603,-0.4951222938962281,-0.548763573208683,-0.5875898270796164,-0.5971688664015271,-0.582770358859462,-0.5643085298493754,-0.5681435963851826,-0.6096404123814814,-0.6661339331876795,-0.6637874311142152,-0.6236886554126844,-0.6166671429699377,-0.6352006444843705,-0.6340671091876825,-0.6079980777375734,-0.5764167841941663,-0.5454839074855075,-0.5179061186191045,-0.4895404660701498,-0.4621494992674038,-0.4437391319623969,-0.44581120067607655,-0.4667937320404148,-0.48989221024825197,-0.487241564061426,-0.44411310316299524,-0.385665318316295,-0.3367922826099481,-0.28820653342476793,-0.2196999361385159,-0.111725854735552,0.005859896741724074,0.08787532350438644,0.13298368444365513,0.15641087359463388,0.1671419789449531,0.18217096571348143,0.2089914558266747,0.2643500201458414,0.3482946143961561,0.45648212955190837,0.5774378329482084,0.6726423531663324,0.7011857022712158,0.6703546668757323,0.6377229492155256,0.6087394573103941,0.5663902499706773,0.5153268196854127,0.4718467977657702,0.4513932623785264,0.46207221397624526,0.5013034935262752,0.5440201802549037,0.5804298110605604,0.6113505809309984,0.6276072557854369,0.6132039521679269,0.5844679523460043,0.5763979334695845,0.5897111608606539,0.6038591485973611,0.5951204590100156,0.5284242547765956,0.3647637997353734,0.17649613270407372,0.0956197936338886,0.11423197921654495,0.17228903832059725,0.21247423388285303,0.2044983204087159,0.14370816834878256,0.04658165612947641,-0.06166766403453289,-0.15108889855622265,-0.1930178523591249,-0.16997292143206136,-0.06687934584471956,0.08168786512855682,0.1961444380172318,0.22221544794564396,0.16414265307601117,0.034539534569558,-0.160531070593047,-0.3726896519915632,-0.5364940667599456,-0.6110209085631942,-0.6182409964679586,-0.6113009310379666,-0.6272734152934433,-0.6601075857033621,-0.6884283027420701,-0.7024110710330803,-0.7117063239447201,-0.7214912336185076,-0.7254432563579168,-0.7146921239150223,-0.6881024554777162,-0.6590510439698327,-0.6390130168723974,-0.628536138458171,-0.6238992572923737,-0.6145892474977626,-0.5996131495157248,-0.5815876501789431,-0.5746588557082056,-0.5769875891697398,-0.574052602560003,-0.5445343251719283,-0.48529995797095743,-0.4166625969729651,-0.3500655417145713,-0.26065337177883086,-0.11322206098888568,0.12165693552733857,0.3488140612194184,0.450197982460979,0.46798223130215166,0.4629615616869253,0.4500454280802211,0.4413421622156048,0.4550965980859577,0.494309057583008,0.5401520068049359,0.5756994330373243,0.581183810014338,0.5535051033369006,0.5311439945937989,0.5284787383704939,0.5358068731679307,0.5269432245605006,0.49730758184460744,0.48120110471759636,0.49355951124909814,0.39519320542630826,0.24702977819998512,0.1663314738311489,0.12951225115106144,0.12317185966496848,0.1460391972813876,0.1984493549197176,0.27204177859435663,0.3505028784550673,0.42498156049998276,0.47302412850067843,0.48772768307399483,0.47366325747255633,0.4437692092872822,0.4085359725651264,0.36964014784774496,0.31543799711104614,0.25100848553465155,0.19479848537983957,0.1456700702091606,0.09609775541837659,0.040055047489380644,-0.021499058161317513,-0.09045504366977042,-0.1722958590599644,-0.26901478231442966,-0.3915799332452238,-0.5188826150968442,-0.6098529823424649,-0.6714795187424029,-0.7076822265911238,-0.7333968604098468,-0.7530114744073456,-0.7575729015400076,-0.7498835804091158,-0.7426985471075577,-0.734827687074123,-0.7064905380072487,-0.6438763201219756,-0.5490976625331978,-0.44874252985626734,-0.37152467370994674,-0.3267643468645901,-0.31089893403748525,-0.3229160578292668,-0.35702457338861865,-0.3974240008052786,-0.4255475749276511,-0.43885337556310783,-0.4340122285907691,-0.412264231185237,-0.38552007237884167,-0.36840144858297147,-0.3684881854551122,-0.37582120651625744,-0.374345067619368,-0.36213279553299743,-0.32986347514055825,-0.2526052209565552,-0.11626301676256537,0.0999950006649725,0.4194754621725048,0.6934710055659229,0.779904145830747,0.7765825424714813,0.758110083899643,0.7438679156670535,0.7461657288633103,0.7470886085805402,0.729664613597843,0.6962108205329689,0.6473221094149045,0.5809820680021941,0.5178259452232522,0.48727144398077715,0.5087813293451366,0.571871845919751,0.6509583487009815,0.7057564873735962,0.7184234628245819,0.6984999589625779,0.6507028297586192,0.573967546473001,0.47981375792563075,0.4155385476511717,0.41521922375391523,0.4658170598722574,0.5278765574543276,0.5622120713567103,0.5574367405556256,0.5269111398344561,0.48923656276901023,0.4520781688423965,0.4014045365394341,0.3115439360088636,0.20095324152472496,0.12411351125098243,0.082508626875738,0.05449783798867556,0.019644656517825005,-0.020334048843271373,-0.053625801777096506,-0.08184637738993865,-0.11145818358615119,-0.15950609292945409,-0.2861037020244621,-0.7034627352407835,-0.22403129214724374,-0.11942931626478696,-0.08730524398793439,-0.07802073930669336,-0.08229282864269179,-0.10360291795239553,-0.15421861711370008,-0.25619818203844247,-0.4305529837877971,-0.6308051169343586,-0.723487952338283,-0.708648129936738,-0.6727378524625627,-0.6432721578257807,-0.6218552391174725,-0.606320201950793,-0.594036675922839,-0.5780359784899659,-0.5527919034869839,-0.5180839960290654,-0.477516976636083,-0.430549393283608,-0.375396388074597,-0.324073403027571,-0.2894630929810643,-0.2705952608940673,-0.2538564707729798,-0.2285825155770571,-0.1840143111957304,-0.1292039327235208,-0.08035826900801847,-0.050971838567280776,-0.029649168841535446,-0.0022545964678574648,0.029874393924224946,0.06997538385241912,0.12213883712665594,0.1812659223745113,0.24546263120637388,0.3187299149866565,0.39134964772490216,0.41907798582586053,0.41275359134261447,0.41448694897220006,0.4295807372607008,0.4569990096272305,0.49034228699446764,0.5172385110442959,0.5250768695645041,0.5090146016558272,0.47027762162118525,0.42977719692734534,0.4086345717947642,0.4106039773527619,0.41525838459031006,0.4056176529852282,0.391398972937714,0.37880369373900313,0.37028001351494794,0.36094099865972684,0.3585724501422867,0.3641178342971038,0.37768953132801175,0.3898860202028418,0.4032178943768259,0.4213192092019488,0.45707311198836154,0.5268056328947097,0.6357158117866847,0.6566372392184151,0.4333386199359235,0.22138529921405894,0.0810168805170761,-0.04143691901088501,-0.20294308916386347,-0.4511866432619453,-0.5546606635901714,-0.4261989057631604,-0.3378731692447486,-0.32015719416500465,-0.38786409116612314,-0.5751600106500786,-0.7271913811291411,-0.6585333071519065,-0.5702797922594661,-0.5153554709127237,-0.49956643738814543,-0.5151073966484481,-0.5464678104064106,-0.5775878475474879,-0.5968535164882127,-0.5852729994857142,-0.5358429157585313,-0.4699237593431637,-0.4271085619469719,-0.4396387950304694,-0.5191840332295318,-0.6406037266590371,-0.7223651529102322,-0.728754875969818,-0.6970341116876331,-0.6501368295342967,-0.5916839734595488,-0.5184301734952468,-0.44592275056706737,-0.3659789849386086,-0.2578847141693507,-0.12271602559731243,0.028778690769326213,0.1677206091380126,0.2678195806262357,0.34222567803069137,0.4125470134581656,0.49049909005790526,0.5534019869909456,0.5540310806672492,0.48395087400007647,0.40779909910280543,0.3787635693192092,0.3987560390551495,0.4548853258704631,0.5446767152515369,0.6555602769580408,0.7565470506287696,0.8040508257587459,0.7882774921572937,0.7221281715663592,0.6199489422435274,0.5252809079255037,0.49070498171288623,0.5213571388399514,0.5893818924074731,0.6498518333832943,0.6793918839354748,0.6992367200707199,0.7233401773167674,0.7462122370713644,0.7596494821338415,0.7559804193479509,0.7349098392394091,0.6969290030052487,0.6420684763481688,0.5750852483180247,0.5028349498747692,0.41964120853739495,0.3123124849436704,0.16941320592118617,-0.004148218932114889,-0.1469095453937539,-0.2193747988515205,-0.22933346098019028,-0.20159719728688263,-0.1510959897359145,-0.12443215076979953,-0.1543986170027734,-0.23585884235593127,-0.3523409309562468,-0.47845566454973487,-0.5894171069362115,-0.6790260636906221,-0.7418590464264377,-0.7757628076464244,-0.8074560419560181,-0.8242144222447827,-0.7787901372337037,-0.6920030970913301,-0.611585172426717,-0.5492116708447483,-0.5134643957232523,-0.521624617772623,-0.5762806794016269,-0.6645119302445308,-0.7368955368486929,-0.749634357605783,-0.7444837834349516,-0.740633886415518,-0.7106213568465544,-0.643822476704176,-0.5752984083639467,-0.5314742504290946,-0.512551862970682,-0.4801869545420544,-0.4002052849313246,-0.30195465918146636,-0.20453173585618084,-0.10781869410189616,-0.022298624065469324,0.026310742134371387,0.014850630676717871,-0.01772346977523764,-0.036552324515612425,-0.03998877599137791,-0.03262917997186833,-0.014585812682038273,0.012407563494614552,0.04415975643464394,0.09517879123028851,0.18223887718801504,0.3014409853587444,0.4394692142109679,0.5865690589881488,0.7297048036004739,0.8283733388125865,0.849079533510099,0.8194559615955378,0.7793443678647188,0.736108271000464,0.6768629532458444,0.5787394734797359,0.4359970893608868,0.2963126560373411,0.20290032204924757,0.15543723942760854,0.15066994891704835,0.19355160276154143,0.2991986325274401,0.4438139434267996,0.5561379398521634,0.6011391392924939,0.6103953818346257,0.6099315920069905,0.6102392026984966,0.6142958055528609,0.6186294101049745,0.6072343654194089,0.5242326692941155,0.3482504852356593,0.19615666669182677,0.09348200732348376,0.0065565751489117105,-0.0874370688050943,-0.19462126627267648,-0.3072252970277372,-0.4082340676332218,-0.47101896693048223,-0.4876856858614347,-0.4886271640319009,-0.5029917690781266,-0.535321640608981,-0.5758512957540161,-0.608985619586491,-0.6208581527791096,-0.6055884362379098,-0.554175723000132,-0.4997339231596975,-0.4863776813180456,-0.5246630834175402,-0.5873061718936763,-0.6380179549558873,-0.6543348113345104,-0.6417440715140281,-0.6180954498895147,-0.6040899178797883,-0.6080214609229606,-0.6209302527830354,-0.6277469448997806,-0.6092657195666483,-0.5704004433664044,-0.5337161846483549,-0.5042435901507193,-0.4851552796631796,-0.4726737464803984,-0.458855008341344,-0.4391182124705772,-0.40939760537943765,-0.37376149443119483,-0.34118232241032126,-0.2956574148983381,-0.22251248201501242,-0.14174793252603524,-0.08157886927648325,-0.042942631830563835,-0.020185760309714775,-0.011338383087098187,-0.012160571944355754,-0.016707710518000064,-0.014459141321395759,0.006006383922818285,0.030983835481422774,0.057165021351239055,0.0928428427888983,0.13458262708993068,0.18511574236893863,0.2403611593892553,0.298000637573703,0.3606890009219266,0.43064285639470185,0.506858257943909,0.5798700373338629,0.6445032690253568,0.7068304939270801,0.7646735272652113,0.8078223623376454,0.8278394797087738,0.8376516633330606,0.8510879172641297,0.8626176978169036,0.8400609423451891,0.7627971850957066,0.6589605181718996,0.5641215929799969,0.4925539077300168,0.44296341439462794,0.4094763476577152,0.36949586220183167,0.30181754296457286,0.2104169702565908,0.11615209909669988,0.0460631079366873,0.014085042049484195,0.009409233274658538,0.00944726552510689,-0.005956356079264413,-0.037138599665528,-0.05993311739623012,-0.0703781005714501,-0.0798445666773753,-0.09423862026278704,-0.12325535455514114,-0.19122007321553453,-0.3038843765375122,-0.4439657094040082,-0.5606554600270539,-0.6270163426381631,-0.6689771211358484,-0.7093722583984329,-0.7397751393750235,-0.7517201067942125,-0.7476336820612249,-0.7343858520809322,-0.7309718953750518,-0.7531707549923937,-0.7717127160497923,-0.7109147976872464,-0.5816534477442941,-0.46766981557001985,-0.38948721361627814,-0.33549930292989516,-0.29031315178793504,-0.2414281773559035,-0.1933747812374294,-0.15422554338535277,-0.13052128124623133,-0.12223683914913162,-0.13811206526750355,-0.19413551397518228,-0.2992118570574268,-0.34884720994758717,-0.32099532650917284,-0.3071652572743076,-0.3183498180025758,-0.33331707605121946,-0.2906332259509094,-0.18565321307203647,-0.07636627839524336,0.005399005875554257,0.06125050737612548,0.1060984813218277,0.15617322803954967,0.228134568214648,0.3305571567534954,0.45908797858243117,0.5939663778700562,0.7090152589470162,0.7879691077383884,0.8312449034812909,0.8506613295365272,0.8613831927917308,0.8563340646898628,0.8273372604395022,0.7899817052286671,0.7525775138653276,0.7180594839039472,0.6947920485691664,0.6833286882220752,0.6670027206260972,0.5889516926372165,0.4475940488168977,0.3104468410652669,0.20262313886949948,0.11534246453986816,0.03530008127172054,-0.0418463158615357,-0.09958797622211805,-0.10328833775975794,-0.06974974004878513,-0.003384942716710611,0.12045163240848089,0.2622503420915307,0.28078992674857445,0.2267839884930976,0.1612865215288995,0.09721536265113515,0.04553124068930487,0.024115467407972612,0.02801502794692309,0.006056108295064234,-0.09587273235136579,-0.2543260926564973,-0.3837655294746479,-0.472989869776841,-0.5398025477511448,-0.5844130877965568,-0.6094739583233427,-0.6271690925289594,-0.655212825667211,-0.6968228863412944,-0.7410652796256143,-0.7690540473538265,-0.7793170440183382,-0.779482695749774,-0.7820532988360648,-0.784127602625719,-0.7656935748745108,-0.7238359190196847,-0.6702164830943723,-0.6248057423318959,-0.589995184302189,-0.5449906576692667,-0.47730648754115773,-0.3990153699150518,-0.335926096674957,-0.2927562649659085,-0.2602565333591193,-0.2352383115411941,-0.2156419396275963,-0.20050376457187222,-0.18633573443508636,-0.16354873192360816,-0.12451231808876996,-0.07565195373834636,-0.029719877453847843,0.014505232434330577,0.07131769899399994,0.14718652422774753,0.24088449622028565,0.32300597816455023,0.3685316600782437,0.39248755817908043,0.4092976111073219,0.42734115937810574,0.44154940990103647,0.44966023676541506,0.4607137672901329,0.48609054851081324,0.5307086618297414,0.6050655592457346,0.7087967608755555,0.7149396725787787,0.49934680998969705,0.3311582343564967,0.25431554156880826,0.22392766847367476,0.21970886985563345,0.23637012466598312,0.2906956513487458,0.44600124746035735,0.6481364776031961,0.3442209321244235,0.2092446183816767,0.15665218941874037,0.1329996821163209,0.12159767236703073,0.11781446598795674,0.12216076001863753,0.1342494592098716,0.1580736420639263,0.18271315598773197,0.18193627257673492,0.15019165604306006,0.11312444352364268,0.08846976980048536,0.0616111986676521,0.019882255716283766,-0.04446446415807849,-0.15034380074623788,-0.28309652929905643,-0.41434984304498546,-0.49511907957950735,-0.5260446242633966,-0.5250139900742551,-0.5142377928673496,-0.4997347274456803,-0.4954520473532467,-0.5108295314743521,-0.5371011291135274,-0.5451164935993609,-0.5280382245160027,-0.5047838335118964,-0.4967499434834629,-0.5266719061096542,-0.5886360972578845,-0.6314810841681582,-0.6144327640963512,-0.5663205321531827,-0.5102170207552815,-0.45744808555445454,-0.410914495422119,-0.391671299238217,-0.42798187666335835,-0.5297820012980965,-0.6370939685412962,-0.6474361773450753,-0.6101199960951363,-0.5945637992097301,-0.6043171088004184,-0.6217249416896243,-0.5963872715053737,-0.4861806458791651,-0.36847290586697623,-0.29649471401313116,-0.24928398348025826,-0.19220480636957205,-0.11521509936648013,-0.03525140281259198,0.03654954317680941,0.08546354830791601,0.1127933680247373,0.1204356695647222,0.11602292501745881,0.1161537659107752,0.14903770310741765,0.2444620060395032,0.4051688817963543,0.5481886510971858,0.6262776189414767,0.7068601602903187,0.7864292654087498,0.8118203789158597,0.7940462815214749,0.7920395343451425,0.8205667069772825,0.7550544654660456,0.53716889881492,0.36976640498236196,0.2934097176572266,0.2894944661183267,0.3436404869350698,0.45295635513678206,0.6158126678571517,0.7583047631916775,0.7613529916003057,0.6866699651691223,0.6202660760210633,0.5803627168566368,0.559640303056558,0.5483895355769274,0.5333253783810716,0.5032279267413757,0.45397843032707547,0.39150191031436443,0.3130415453086803,0.20415534191181675,0.06390773873881779,-0.09485642464352881,-0.22567220488921014,-0.30288887968254385,-0.3464630143112433,-0.3865125343928263,-0.43598668887479675,-0.4919739926654493,-0.5386667170603295,-0.576758654618654,-0.6159908509522568,-0.6600518765874861,-0.710648130897666,-0.7574127687694342,-0.7870853942421804,-0.7959391019314415,-0.7932944246569726,-0.7849851635653917,-0.7601563483690595,-0.684110090777677,-0.5144340751634093,-0.33678788098284995,-0.25052949898445315,-0.23408892948938087,-0.24529751104792,-0.2671529192364512,-0.2870781345503271,-0.30059378945529014,-0.31214550023150556,-0.32338636372901963,-0.3346941935069864,-0.33902196141105434,-0.32594615217628664,-0.3014995590818225,-0.27659237209832555,-0.254094674451335,-0.2319669589152292,-0.20741293130196084,-0.17246155080426967,-0.11685715815652586,-0.037051364621718215,0.05842340216634588,0.14961886062659702,0.23016169184124255,0.2967145870619154,0.33853116616091333,0.3575049334895226,0.36740270996016233,0.38046444667350166,0.4011378380310744,0.41785862013571373,0.420604063065947,0.39989493104160817,0.3724581319662446,0.3551244142579577,0.35880812428227343,0.39436820945537976,0.45803317498828755,0.538207387783253,0.611594696153596,0.6584928157964003,0.6712701045883538,0.6589856229971657,0.6422321511448277,0.6319419241836259,0.6205816378798833,0.595136416515664,0.5629582576924856,0.5456541365325325,0.5597630297359345,0.6089760979516201,0.6375124764823416,0.5529718119684769,0.41468420268623085,0.3108384348961203,0.24690258567924195,0.20525963174491424,0.16001813105979243,0.10312694234242414,0.02650730065396402,-0.08435086711962032,-0.21288357971366983,-0.3158913434780085,-0.37593665937869264,-0.40321482356158905,-0.41887398391756847,-0.4372817103785359,-0.47131253885521374,-0.5220352265818754,-0.572452052129864,-0.5831944655297854,-0.553292565899591,-0.5264194889786115,-0.5326351811516895,-0.5785329792522651,-0.6541771226114589,-0.7198010359768351,-0.6965858340984629,-0.597498733333897,-0.49761934895251686,-0.4175293121250763,-0.3626193266420642,-0.3404983041275545,-0.3493817829757272,-0.3786202933376548,-0.42067281283419183,-0.4736803024235296,-0.5334081520716382,-0.5873867707740036,-0.5929519618189003,-0.5212772131242499,-0.4325239708669165,-0.3457420142369156,-0.21827733970369134,-0.08809738646334066,-0.01832013688178027,0.015103976658254357,0.03784322553157675,0.06539455844818844,0.10615808203451546,0.16719391875978934,0.253340225262652,0.34633120031649134,0.41511718312254153,0.4479312074138385,0.45535028194115407,0.46778015225773806,0.5098445901631518,0.5737762694091721,0.614284897844853,0.5983471480240422,0.5521998969437922,0.5212724828392458,0.5373692790287282,0.601092389290646,0.6748536788784437,0.7067300726184442,0.703309896606979,0.6945656062076635,0.6941508985773878,0.6969644519986331,0.6984359034489491,0.6942521109822315,0.6899261005534221,0.6822635998837872,0.657331518039323,0.611919749133731,0.5637052831851146,0.5358247648559079,0.5171004510858431,0.43321127506524915,0.29810549316246904,0.1919944916474599,0.11467355886573989,0.045651602952228885,-0.011357340441173265,-0.0374208870660235,-0.04151785446603669,-0.045884442872505364,-0.07993752739682376,-0.17142782115894442,-0.31225228768462665,-0.43295322120518,-0.4630408565480723,-0.4379082679501985,-0.4305067835821146,-0.4739281974355329,-0.5573914062882236,-0.6449798758494026,-0.7046984600801997,-0.7201126868528319,-0.6866769710668064,-0.6063088060838836,-0.5093389913370723,-0.42925726972086575,-0.38077336169549425,-0.3714508984752822,-0.4069556334821379,-0.48782954291636904,-0.6175850354619685,-0.7776833714517167,-0.8547314771100983,-0.775874835271573,-0.627681333246437,-0.4103256530194539,-0.11227550240705772,0.14398146377198728,0.3025888693580769,0.39734277649444566,0.4536273884490119,0.48501612191730376,0.4972171742142865,0.4938948667425011,0.4692403552235041,0.40859934498271,0.3011106761977794,0.15849214815172205,0.042397337295430465,-0.008457650991010245,-0.015763772738538056,-0.0023944398946479165,0.015152411297955604,0.031060544012472553,0.052418488077341736,0.0795420283109239,0.12075524549773023,0.16730267871235358,0.18512585275157242,0.18625491579756895,0.19960425511943256,0.2398143929468217,0.31542679245206673,0.41674812310052695,0.5147289540381395,0.5869114993060912,0.6285827755534465,0.6282721429547765,0.5596920085707016,0.4451666259109483,0.3459028524256036,0.2873342159101625,0.2725100226620365,0.2982282182678987,0.3515332543644418,0.40576858840924435,0.43296073260637336,0.4158919546992018,0.3485159533846864,0.22526696170889124,0.07615682074104295,-0.04661897537520598,-0.1307716471064309,-0.17717796570270522,-0.17967012732422669,-0.14194932828111362,-0.08997742642554864,-0.04662147222641576,-0.019640066296916784,-0.010912061935897784,-0.028216724377469443,-0.06366673567927657,-0.05979525327151968,-0.01950889109954888,0.014772934661582577,0.02293141368259303,-0.026442356035312253,-0.1520111144798742,-0.3090926451989668,-0.478007183151722,-0.6020670528945705,-0.656549630260581,-0.6792731102072842,-0.7017443723499376,-0.7246236667211187,-0.7417323782826097,-0.7445296330830233,-0.7397723376572868,-0.7385344942107862,-0.7412237676791307,-0.73064252729463,-0.6913246236140246,-0.6237062434152945,-0.5529970357756493,-0.4966746393518293,-0.46563555951484703,-0.4604608896835409,-0.46071060257010676,-0.44304316256170506,-0.39948007410152236,-0.3508230334451242,-0.30654687664962116,-0.2641393483527917,-0.21866709606086887,-0.16863745220487683,-0.1126362292813165,-0.05042128910963578,0.012186118671703447,0.0627276895713666,0.10085641720734323,0.13323179333024443,0.16726946078420396,0.20256771165584198,0.22636608038175907,0.24261083635052594,0.26759389225949803,0.3175026786721655,0.40094586497079615,0.5191114240484013,0.6082647166677968,0.6172004159254875,0.5829830115161538,0.5474269632712019,0.5313829289709092,0.5409608036142186,0.5722433585041318,0.6075165226016361,0.6421315096059933,0.6756695030476948,0.7073351144861625,0.7299630851021518,0.7328294306840469,0.7067958572408521,0.6589198376691964,0.5990015646234051,0.5353879988699842,0.4740800571703593,0.41604430811416065,0.36271641072190997,0.31470252311881014,0.2619863938379908,0.19436474894627204,0.11958184962612738,0.05377153322880806,0.016547129990963607,-0.0013444813169094804,-0.0060374237395896535,-0.013519861785884052,-0.03472985304637461,-0.06505907211291337,-0.09058834086555474,-0.10351248393954968,-0.11031549275892079,-0.11826786715734217,-0.13031849616186097,-0.15169302664245493,-0.20356281339800533,-0.29490119778990154,-0.4034380351513505,-0.4847321001251813,-0.5328121206909023,-0.5391190310120861,-0.5015668023284482,-0.4433806451128642,-0.3969806512899968,-0.3827228581832997,-0.40658399336305856,-0.4752745293085208,-0.5922817408178853,-0.7287005594864489,-0.8105095739895884,-0.801703897552534,-0.7347435923798593,-0.6451127526614474,-0.5652026025363691,-0.5145806977966176,-0.4923155328305632,-0.4844364720924857,-0.484998697914355,-0.48635090277306864,-0.46485155571728376,-0.37601878352163776,-0.2433808526580859,-0.14047090901539416,-0.08855509546499846,-0.06602104172130324,-0.05555544907739523,-0.0492490410129382,-0.03734043765548898,0.010805261391828866,0.09844261924292724,0.09577031499645446,0.09752429339467168,0.10836892179611796,0.1298330256593524,0.16355951039769925,0.20823344880512482,0.2634365173852124,0.33083930168191106,0.42139418263244505,0.5414773572317967,0.5679532597921445,0.414896480125745,0.30249455085041604,0.25442422332872167,0.24667186637921293,0.26593574856062163,0.315903951914832,0.40594027927873183,0.5365931223569828,0.6692540307026773,0.7419210735918591,0.7487875765538717,0.7231409817681658,0.6788639179227404,0.6243436734244905,0.5663619178347561,0.5088928685812132,0.4578150720984364,0.4112135039384711,0.3621907284369422,0.30284766403565955,0.23631462540128048,0.17268062504516768,0.12127741850009036,0.07959490584553691,0.03263871439952529,-0.03252243157624395,-0.124390771195792,-0.21730215294883873,-0.2755002973909529,-0.3089811094280013,-0.34345609452202036,-0.34252475552892003,-0.2918693884706273,-0.23704480845764853,-0.19285835252706493,-0.15680725504979454,-0.11465924959752007,-0.04610363527062433,-0.00538572092813463,-0.035394254893747285,-0.14245379132478495,-0.34214868906953455,-0.5906814720142519,-0.7437733119809304,-0.7709211241463078,-0.734738967469064,-0.6844023265648493,-0.6424341538768837,-0.6045257694427856,-0.5608243358704308,-0.5084321245534188,-0.46924204664186797,-0.4631200289534671,-0.5021122015471673,-0.5744794096820922,-0.6034867315859812,-0.5768250469909794,-0.5450665192427921,-0.5359641727441209,-0.56816878254185,-0.6258096519914813,-0.6602231357865616,-0.6005020369529711,-0.4631147170330922,-0.332044517130971,-0.2375454043516349,-0.16720085922266542,-0.11023149553780769,-0.06184708518952772,-0.01178875861703624,0.0442019821772222,0.09593827114291635,0.14591318073263695,0.22253200679974444,0.33456128948822383,0.486784848095076,0.6284153831467542,0.6055328310773266,0.4022408277753036,0.2368309071563835,0.15816969126014493,0.14244102333987535,0.17838231280465316,0.28795193031042365,0.5345564305679602,0.8019217414300798,0.6433285398416175,0.48919320285939527,0.42253714432398326,0.413812389621658,0.4504566101848286,0.5311546415272704,0.6449070121101597,0.7249008356644613,0.7209135205538292,0.6855167383063954,0.641248782286009,0.5591056238887956,0.43674727028239474,0.32155698722748377,0.231782761440719,0.1670162145489044,0.12632650228709372,0.11041021784662747,0.11537338574863912,0.13020075596826713,0.14382766912341396,0.1252278776262338,0.06177015275595073,-0.04629180382030893,-0.20847510828674135,-0.39794569307578764,-0.5461167696321879,-0.6271978552014119,-0.6721062084235446,-0.7095373747067079,-0.7471108313380821,-0.7458335440434668,-0.7023769914461206,-0.665215901710577,-0.6698189604595363,-0.6940291570664289,-0.6252952654955463,-0.4705773909319124,-0.3829297344883937,-0.3790714874126013,-0.44408459355468166,-0.5684327574078223,-0.7139170216285299,-0.8102077009391663,-0.8156576450702683,-0.7457819803257941,-0.6240048369642239,-0.49666512433349014,-0.41355710098237775,-0.3763769535554834,-0.38121125703109626,-0.4118748925595429,-0.46372327884891207,-0.5127262369351818,-0.5309438782422723,-0.5134758167031042,-0.48640427949585563,-0.43807047686553635,-0.3589025007696027,-0.2705640560903672,-0.20365036220032387,-0.1601347472845799,-0.12022591988298557,-0.0790213783415224,-0.029927398011507112,0.028793414244109205,0.08296527438342838,0.13874613263314076,0.21430901359499188,0.3253739433579296,0.46608597290653986,0.5924410399635645,0.6686766390369429,0.6889498029084745,0.6636216946596362,0.6030231857004859,0.5360629397947428,0.49229666916797704,0.47963244408434375,0.4926793069894324,0.5304817847933104,0.5992569832314915,0.7016364869300492,0.7987971533498397,0.812139224598667,0.7566259865660676,0.7043503558554545,0.6811926985496909,0.6755141515775199,0.6546953077303268,0.5999353224969219,0.5279866179049887,0.4749101485401561,0.4510125501251901,0.44271494286611207,0.4347123026954174,0.4114371354422198,0.3238204887740241,0.14603213089907466,0.0033470333744861935,-0.07782656569640295,-0.13763387346472955,-0.20622284338421826,-0.29704836307157895,-0.40400028117039966,-0.49437177771487084,-0.5590251192590915,-0.6063459408330935,-0.6571356665109277,-0.7156635122826998,-0.7766020240777474,-0.8210686686205146,-0.8375295828778166,-0.8261942882797089,-0.7705617369389965,-0.6469723174353429,-0.5026889390659415,-0.39302706906136264,-0.33139894141036175,-0.31251460498400707,-0.3317567315330069,-0.3876161083293705,-0.4837346480860195,-0.6063805596313462,-0.6972317542665649,-0.730059761698963,-0.7402350388508709,-0.7519543523532145,-0.765681253732435,-0.7445944211533453,-0.6633685623452309,-0.5774053546126396,-0.5478072451684165,-0.5568897552815397,-0.44263070046684466,-0.24702543072997216,-0.1374791513336374,-0.08410919134998777,-0.05446736519657022,-0.03792466199223658,-0.03161294658416329,-0.03351689652939798,-0.04456697263903198,-0.05369359021438303,-0.0580528809699238,-0.062403529850539034,-0.05037871720822289,0.006567494996424254,0.14335452119957276,0.3415355646132203,0.4997219923161986,0.5729302166478757,0.5870697615753274,0.5731917880371832,0.5468205411672467,0.5205834721987872,0.5054948200738721,0.5104456284506416,0.5331850853875137,0.5753531755719771,0.6366773599196389,0.7081706708021855,0.769811069415853,0.8128138042355859,0.8463451127460893,0.8625639198537277,0.8413769192090089,0.7923841047329249,0.7490340065887279,0.7203926118898692,0.6388477145229303,0.4473490183261468,0.24633539011028008,0.11906727495499951,0.06276594585281554,0.05288164539127323,0.06622149821104349,0.04020462232317097,-0.1192646321980695,-0.279114910799656,-0.40590039781044623,-0.478821108142953,-0.5063232305031395,-0.5176881395058887,-0.530248394906784,-0.5485624505791619,-0.5160739291288097,-0.41058679133112463,-0.33152567272936645,-0.30653048387709386,-0.3216405730743514,-0.3640149509810207,-0.396227850141734,-0.3758129815238883,-0.3472586773067417,-0.354922914052396,-0.37057191873766443,-0.31422880437061296,-0.24100447693952903,-0.2023817022086431,-0.1871379816037399,-0.1820585043375395,-0.1814601479502562,-0.18635244371721105,-0.2073852989935417,-0.2649904731819173,-0.3567875769371951,-0.45119660262570294,-0.5362262624310539,-0.6122358009349942,-0.6631934584150215,-0.6733153322541906,-0.6440652560699069,-0.5679628262245148,-0.46138493418049364,-0.3648302964315363,-0.2927657708428688,-0.23817451795795808,-0.1911700653879061,-0.15115592722400942,-0.12215230627380119,-0.0994289964323336,-0.06845619893123515,-0.028689722331906226,0.013823188142498883,0.053495019443035086,0.08344503335657272,0.10498605630051813,0.12711119754627312,0.1495374276194397,0.15759494234335436,0.16028682562468025,0.16955125227716872,0.18750951933517332,0.2189530371985271,0.2810960041391304,0.40710884162039745,0.5889592961151091,0.7431301153256358,0.8182623273030554,0.8555375182067451,0.8570835042815963,0.8194591314513046,0.7737627400604629,0.7540570491647983,0.7662816052596182,0.7980686756112643,0.8297145967732487,0.8437142505151425,0.8470024945533142,0.8465788948147527,0.8385010860171576,0.8099042090070703,0.7384922359985465,0.5957068036147961,0.39850532864890936,0.2155781782346891,0.09812503871585661,0.041004577010849495,0.03792408291830676,0.05596585398594888,0.053903073849456126,0.0009324107317261605,-0.09925937380380713,-0.22654082501648817,-0.3519402515967942,-0.4366638653482479,-0.4698026990975397,-0.4624473234541623,-0.44282320423673516,-0.42924216871841575,-0.44084542456493453,-0.47852252943873713,-0.538381650530194,-0.6110569154172868,-0.6823207131428481,-0.7419611190720763,-0.775929184492321,-0.7692800956184347,-0.7127025505903087,-0.6162872322570077,-0.4964201697797546,-0.39497496665226395,-0.3402452356631404,-0.3429101266971551,-0.4036208693396466,-0.48625448401364213,-0.537968630419098,-0.5395053929022184,-0.5001059684591077,-0.44613158070035763,-0.3915486795237371,-0.3412842602056679,-0.294122320989535,-0.24943264105155702,-0.20723069017101778,-0.17165994298812068,-0.14310754408137483,-0.12554371796804992,-0.11231350693239846,-0.09477099948882188,-0.0806101600559128,-0.0672894918588282,-0.04706263724857383,-0.004428282714426686,0.07101228993227253,0.1848058929003768,0.3049220425380906,0.407360414547927,0.503413245841398,0.6062609595909852,0.7132732798635463,0.8049699473834481,0.8640717357915816,0.8842304585384051,0.8659258196149128,0.8250278007159589,0.7901498212760357,0.778852574783101,0.7821270304658471,0.7755920828830315,0.7463178927806811,0.7068047932801488,0.6718568694497552,0.6461972971218567,0.6311630465364044,0.619561749445017,0.6070129801982944,0.5801860717669195,0.5349442801253387,0.4837035683669287,0.4445122253887722,0.422921970468537,0.40150930987750666,0.3592228371093477,0.27398565527582003,0.13902844936415287,0.0008693337379283374,-0.10752522530117481,-0.17801186150037884,-0.21245066704594986,-0.2106911168334722,-0.19393268683622814,-0.18856364929926447,-0.20722683470816827,-0.2420207124456912,-0.2851566456021491,-0.33525100698915056,-0.3997329358521562,-0.4923667332689727,-0.6007946809718738,-0.6714261686603168,-0.686851519573819,-0.701283134776962,-0.7446964403914921,-0.8019165949469974,-0.8369699852004823,-0.8248517136174639,-0.7775999561344827,-0.7186590149063448,-0.6597898814228507,-0.6001437192497578,-0.546691490279563,-0.5142678467341284,-0.5025871424761666,-0.5009976923083276,-0.48163496113323534,-0.4558656070584439,-0.44978957136748554,-0.47682687906415955,-0.535720675586557,-0.6138983420104445,-0.6721619808110383,-0.6781869424302261,-0.6414615696535995,-0.5622598942363769,-0.3973890874345159,-0.18167746155680498,-0.03859397257942548,0.020818954862025237,0.044669624693482804,0.05269899029932689,0.054426485122476394,0.06184445674473172,0.08374633533371502,0.12806961996064825,0.21281642788016508,0.37281858697620984,0.6014404003652787,0.5006415250847583,0.34142712282367893,0.2675580191447136,0.2399455901900789,0.24334740655356865,0.2758172495462612,0.3415116602324935,0.4481698559398442,0.595790657038436,0.7187967162981304,0.7540410579010602,0.7425119291492851,0.7264188220124721,0.707471885972936,0.6769955272369541,0.6414895698883885,0.6191416444229159,0.616055962991884,0.6247456006896038,0.629960070887949,0.6041683203354156,0.515992483458204,0.3643155854442278,0.20676047166806993,0.10036398182703565,0.05236411136053277,0.04290199419058266,0.05278831704382136,0.06340424356472539,0.059099276127270804,0.04739306190155792,0.04610330567635772,0.06570455688775119,0.06314844211554062,0.020930345422919414,-0.04524780824264828,-0.11662954341161275,-0.17786511114608056,-0.2119564282911796,-0.2027725436931269,-0.1621934016539046,-0.1289834465417045,-0.12606924250505006,-0.1569281105115359,-0.22949528905370398,-0.37237800930335985,-0.564451747294053,-0.505830393916226,-0.365875908160843,-0.3012841739192241,-0.2893885822170076,-0.3227784423028747,-0.39588137365109016,-0.4905831627797732,-0.5674362892562688,-0.615977272737607,-0.6465444301994717,-0.663416326981524,-0.6649971577165736,-0.6458759128536101,-0.6116044151511097,-0.5753310434043037,-0.541081819394737,-0.5084126818768072,-0.47319395993697483,-0.43419590817356546,-0.3865283206853387,-0.3286311747234993,-0.27625049760296044,-0.24079216405982465,-0.2226769026349194,-0.20174614785192047,-0.16054815151770183,-0.07942075356215612,0.019810692489236916,0.10480365264924744,0.16642318542869677,0.2194944890094448,0.29273523989674366,0.4152523497382452,0.5490617233129181,0.5985554727915001,0.6059789119691407,0.6146798609661424,0.6303354236910236,0.6481620714328361,0.6712354158721312,0.7002630845503055,0.727218134142949,0.7333306188046947,0.7156087811209846,0.6783773339850588,0.6418958053403165,0.6181724641668725,0.5972159079535826,0.5717953505699411,0.5346523275495403,0.4882731526902125,0.4370170677081657,0.39072809642968925,0.3524756786517153,0.3172530440361733,0.2860819842740364,0.2595567345350584,0.2370990570335487,0.22891923524366065,0.25445900380320213,0.31774196266294163,0.39863742837101623,0.40962372989776685,0.28558096739454547,0.09762412120156597,-0.07528484409469087,-0.2118590364215418,-0.3234402167373606,-0.4133271044147624,-0.4857789295103166,-0.49551230641773913,-0.3923335068888839,-0.25183086800622456,-0.1721543220688869,-0.15265126892113973,-0.1637676772357785,-0.18852482142911373,-0.2186338863545383,-0.25600170209167145,-0.3074474077131999,-0.3815518689599863,-0.4689492246417091,-0.5385721930637624,-0.5697595379390433,-0.573668579819097,-0.5760600447763516,-0.5836684601063687,-0.5973317175160534,-0.6062136072669684,-0.6009495150843814,-0.5847135543841159,-0.5688895804803693,-0.5525459527743325,-0.5353606701542489,-0.5026316912486475,-0.4550287101507416,-0.3963599058512759,-0.3438302487109876,-0.3058651405980892,-0.26759669806057895,-0.21614086205892824,-0.15260379467620247,-0.08490934800657525,-0.017634055494526697,0.035212038584987136,0.06929308188968641,0.09191871571094104,0.10806182175222304,0.12555773883342944,0.1650908694426975,0.21457018021604243,0.25548231438707686,0.28626836952517476,0.316722427501062,0.3527912117227491,0.4029785920170163,0.48296798136098223,0.5972209268653879,0.7143540231235631,0.7824534105606062,0.7988700960899202,0.7682646259868606,0.6884297527996566,0.5954302227631243,0.5315699354528675,0.5198408987638319,0.5421130519449715,0.5301904710891738,0.4655593295545666,0.4072903549562267,0.3833637889092885,0.4012912772748213,0.46754524659684715,0.5297636837207358,0.4858179194657306,0.4034571852642944,0.35744833148870697,0.34940798864217754,0.3753980936036753,0.41410511292897784,0.4072039159050278,0.3124679151091504,0.17891580087720516,0.06849056327188172,-0.021340435945006443,-0.11909941928804221,-0.22759458495893695,-0.3445274111362401,-0.4365449308052529,-0.4904652776820578,-0.5186813613689208,-0.5430775280038558,-0.568883049506963,-0.5900298644057747,-0.6001498529334969,-0.5871222215744346,-0.557753151141559,-0.5332220010138778,-0.5302963401227871,-0.5503308077836108,-0.5785848364685607,-0.5415072826550575,-0.4523743695337446,-0.4177214988094086,-0.46361614523554917,-0.5654327984785305,-0.6733601269615018,-0.739439411436479,-0.751358303608246,-0.7125760247048842,-0.6409819727329311,-0.5606289635730488,-0.49791910405246115,-0.47055367697250605,-0.48371338488338544,-0.523419975857495,-0.5065298258115101,-0.3726493439996626,-0.15822247945297602,0.24319106555474115,0.7313769572455989,0.7265792073151888,0.6507199670213354,0.6006475722431022,0.5649802297510172,0.5379681096317077,0.5224461135617636,0.511637944510338,0.47721300112126497,0.3856112237444865,0.2788453693966463,0.20936016740501168,0.1851390540799031,0.19870275805649484,0.2421493508329445,0.3208055041253807,0.4286681413729395,0.4580006610962892,0.40911352694734854,0.4046387144149131,0.4453705348179034,0.5022596178129146,0.5440359961887263,0.5558421080962483,0.542430310119083,0.5123052109930706,0.4555986327681792,0.3581293465237041,0.23733544210517504,0.14802808666812356,0.10733425024731948,0.1047780507966128,0.13517956915149879,0.19152869378363774,0.26256915221362204,0.332411389334491,0.3778354434932041,0.39218485549528087,0.3924563480853288,0.3886482722663802,0.37934323487639504,0.3640778273122251,0.3390883193571111,0.3032208742254459,0.21548262323573802,-0.0019363187120344536,-0.26811660888998284,-0.39013133195599653,-0.41459468835139296,-0.42037146545800996,-0.43146459085200634,-0.4583074398994865,-0.5038898261748552,-0.5206587555035794,-0.43850034578484753,-0.4456840418579656,-0.5504047022960591,-0.6878332498783862,-0.7904335985955325,-0.8340833205654016,-0.8327792477371683,-0.7954223952757499,-0.7408107724423683,-0.719477283031566,-0.741459509865475,-0.7545435893240002,-0.7374574100436401,-0.7125514547539364,-0.7035130668650744,-0.7040778147622415,-0.6880846743490164,-0.6417271776223369,-0.5963216836976383,-0.5781493695004449,-0.5796307907258367,-0.5768939610357443,-0.5492438592073103,-0.5006223980776695,-0.4503358444544914,-0.4121244930471988,-0.3819875408676367,-0.36143643262946656,-0.3656492830677342,-0.39728091517027325,-0.4275195845851003,-0.393559381009575,-0.29506709776148005,-0.2000210112830594,-0.12896699710532158,-0.08083530071108315,-0.038095778189414044,0.009623330414965414,0.059639521755424356,0.10797730316241216,0.19131584573895682,0.334726698108527,0.43635797795679243,0.46774116037895086,0.4937540972792315,0.533227648221919,0.5803518163199433,0.6239343835414838,0.6614926625086753,0.7000601021124333,0.7234122476568244,0.710509826452777,0.6639860676463982,0.6068755783289173,0.5571692046278105,0.5285718118102766,0.5294217135371121,0.5531489102045152,0.5730569800962084,0.5713965994030198,0.5504458947427492,0.5170675775369865,0.48660407721446275,0.4816569538148076,0.5049833032621427,0.5224370578585484,0.4868882236400125,0.4049122319653867,0.297440345626702,0.1793573979272152,0.05600993149649207,-0.06070044080854251,-0.16214928316355173,-0.2359971729981911,-0.2602721134089452,-0.24296457468930355,-0.2199439133475294,-0.20959365251057055,-0.21298293752338157,-0.2342008317637647,-0.2835723551123167,-0.3791168878058901,-0.5373729499785862,-0.7102438887838729,-0.7705481438997718,-0.7630663005131731,-0.7709743035910218,-0.7898203193242483,-0.7719537545594278,-0.6976384456728758,-0.6151558312597445,-0.5608473927538792,-0.5220401282767422,-0.48145250389248734,-0.4439456398348018,-0.42232107179996314,-0.4223273954400936,-0.43694339061021853,-0.46180381321601194,-0.4903682454928106,-0.5142017178590388,-0.5202831458103925,-0.5078453313959709,-0.48519969538171615,-0.4622341135976083,-0.4293758538466218,-0.3500127583169109,-0.2012397802093403,-0.05008864707795466,0.05713525123342695,0.13781282564666789,0.21929655620389232,0.324822596668037,0.450510427102682,0.5295279066447016,0.5408725897966048,0.541428733693239,0.5581057635727499,0.6072421966617287,0.6702168652473196,0.7228572048446693,0.7402026675817321,0.725873421206205,0.6998892936085788,0.6675188387128439,0.6375039566011033,0.619357335997231,0.6201795031883971,0.6425451857348797,0.6924009497494558,0.7668837563213878,0.8218698546685359,0.8037746124876946,0.7335386338804448,0.6563768065636791,0.5982379443230641,0.5745978157959344,0.5890647945341693,0.6268645946903102,0.6249828183104834,0.5261865329531319,0.405917757884275,0.31151953736274135,0.23254976967875376,0.16444895586939023,0.10323571525906702,0.05907891395149852,0.031891742954316606,0.021682253389991787,0.027315677994548315,0.0453625264420692,0.066687292355357,0.07443802510519798,0.05770218996371766,0.02273462736567959,-0.033028400772790394,-0.12023572717192807,-0.24392105114086268,-0.40194776152642603,-0.5755288728717415,-0.6882126870939298,-0.6937348236761401,-0.6728378208900306,-0.6815527392641092,-0.7165441105724694,-0.7510545278198818,-0.773169816473167,-0.7827805722656594,-0.7877335383490781,-0.8065729218715785,-0.8345480885928,-0.8430051388082889,-0.7960904942172157,-0.6914296069896597,-0.5644901010159181,-0.4565114708642617,-0.38329371227611897,-0.3479768604648234,-0.34449283750684256,-0.36618284398306483,-0.4004990240654007,-0.43245381150417694,-0.44907613788090117,-0.44841094390432923,-0.4417205972942742,-0.44127704230266396,-0.447914340082254,-0.44583966495045546,-0.40029138862704733,-0.3011416185531078,-0.19761764191967923,-0.12199199598631312,-0.04377930433716035,0.0238827623295488,0.07782365300974695,0.12514039271746658,0.16442491494834854,0.21024316535457951,0.2641117571093314,0.31294883881717084,0.3615876611074158,0.3959642981614672,0.42478460224208325,0.448902072132315,0.4731128617891617,0.5030855779202781,0.5474366893419699,0.6048096644722589,0.6682270881097893,0.7283043841407945,0.7607516437500865,0.7020439620153989,0.5552755969669829,0.4207925926488435,0.3510135999459233,0.34355579096685346,0.3837365849258736,0.4511168640755594,0.515088907009798,0.5405355288057889,0.5199691826209649,0.4999983012120102,0.5058357183846495,0.5148134340273681,0.4911896949552514,0.4278376448706265,0.35177300901227865,0.28678961360541183,0.236376122997518,0.1981849191363562,0.17317157429887878,0.16730548083300603,0.08642096214953487,0.0026997538131602406,-0.02002786760753309,-0.03205673631164401,-0.04599436687931863,-0.06777555279273408,-0.10460561242642605,-0.16794632435420803,-0.2605601113990708,-0.3481125962059614,-0.3913609858988048,-0.4124694819186609,-0.42813587085447047,-0.43347620380903273,-0.43954332255826434,-0.4615950724967245,-0.5035693833931312,-0.565862538568801,-0.6477480129127551,-0.7175513874191374,-0.7114596362531819,-0.6294860727865258,-0.5437764584458534,-0.48343283114296853,-0.4456995691994551,-0.4251614097692789,-0.4169779958434135,-0.4111573560935977,-0.4007983171223591,-0.38819604538789626,-0.3838289900579136,-0.39116982017077345,-0.4044150258739616,-0.4123420362945086,-0.4118018774516924,-0.4058568438339411,-0.4131921326943578,-0.42981062461770714,-0.42687173395834055,-0.3403530516401695,-0.15934980588297684,0.005641919488630976,0.11782149324138327,0.20340701194696914,0.29495388422848606,0.3775817799349571,0.3544489636799932,0.28310215400042776,0.2352001267826411,0.22229379706448021,0.24575917100165545,0.31719843153973365,0.42466311708906457,0.48865236549918867,0.49405109010518444,0.4880827228716574,0.48724638685045746,0.49818084046713573,0.5301758761110106,0.5885864299489808,0.6476238606456277,0.6553333416348468,0.623175900105493,0.5870143622635182,0.5480170156502611,0.5053702076648309,0.45923000065356645,0.42094090760685776,0.41543090297206825,0.4643592853372658,0.5678536239386357,0.6846078950216079,0.7459125262472507,0.747310987121093,0.7202648925213319,0.6740961757264082,0.5950320707555807,0.48505140264966734,0.3681205030129368,0.26398525219846924,0.1753179830654045,0.0853254989049065,-0.035417260253200154,-0.15788109021101546,-0.222854530564084,-0.25855424993532683,-0.30389656311025004,-0.3675158716435593,-0.44632536853664584,-0.5346525671548785,-0.6166744245436776,-0.6830704375859366,-0.7335668418356821,-0.7623712988063189,-0.7686792300767183,-0.7555376923895012,-0.7127643272981076,-0.6469875726955453,-0.5877965378042175,-0.5454500989030592,-0.5168698864739032,-0.49417628285806153,-0.47883513818312123,-0.4766500424568233,-0.4814475591731382,-0.4891717712936823,-0.48958915218840876,-0.46977433468529783,-0.4247935143031875,-0.3703969976820772,-0.32120883998522126,-0.28365569643740285,-0.2618400875097666,-0.2527026114086338,-0.24796296516455416,-0.23379128672763494,-0.19467284809285987,-0.12349715710287473,-0.043765368711395,0.0355765737104315,0.11638234844048713,0.21625311977704065,0.3266119479056388,0.3147858788468869,0.26644799044405754,0.24584346114015465,0.23973383791978642,0.24519348736440494,0.27561931810047263,0.3551714616641205,0.49898219850819564,0.6857065622977109,0.778013958046496,0.7223365302021909,0.6529123621405587,0.6326279343084806,0.6612920778336715,0.7060359386619806,0.7072125995349136,0.6537398097058505,0.5881266028703315,0.5288939883721241,0.47801731094212657,0.4250483329348388,0.37191846009345425,0.3286009019760266,0.3052103127563694,0.30041176657696145,0.3069501529706775,0.3081704917105135,0.3040931780895911,0.30381337546946774,0.3155968909287193,0.33887503295846855,0.358525648115302,0.347592874035015,0.28069846026921574,0.1376555656636133,-0.005806600648120097,-0.0545082662311129,-0.04740482336745657,-0.0374281446287544,-0.05566375508462426,-0.12703306575833162,-0.25255951093973145,-0.4082795070174375,-0.5452549638889089,-0.6158399523538033,-0.616389973539829,-0.589402455956883,-0.5737420395526562,-0.5793688245390037,-0.616174938558205,-0.6674958139484887,-0.7019450611756202,-0.7152001158787712,-0.7305527497841113,-0.7527820056643477,-0.7804115010911872,-0.8034283019603475,-0.8013439892438825,-0.7673495690680533,-0.7308681546622597,-0.7151933888427935,-0.7269822814089608,-0.7531631753634098,-0.775662555117881,-0.7694720241335804,-0.7331292279129037,-0.679981804873961,-0.6073541456203135,-0.5083482215242621,-0.402536271522288,-0.31373258396308445,-0.24543335304946307,-0.19090926201291022,-0.14229271257487955,-0.09848681772355414,-0.05639484338032862,-0.01862484647975642,0.010798159148389445,0.04044687922271939,0.07556825930634628,0.11348169975519568,0.15220071566923898,0.19545316363926518,0.2517651886888403,0.3366375734643074,0.46472100777854974,0.6077202454272971,0.6727289834914069,0.6904727825234414,0.720642609623585,0.7155272507309911,0.5976655820810312,0.4584779124825392,0.3660776628343578,0.31641365826343715,0.2974576611085821,0.30772237959325255,0.35115013962545066,0.4320740905888855,0.5385900805964798,0.6288191251472488,0.668875837123483,0.6833505796531587,0.7116730728195205,0.7533744542681495,0.7517088263733471,0.6344778627268078,0.4642804220657096,0.33532290697318007,0.25410187644560117,0.20620863415412016,0.1571550864411873,0.07829460825272332,-0.021989058080885276,-0.11734080553493076,-0.19791414827509557,-0.26284325963786503,-0.30239462302520437,-0.32676893880241126,-0.3525399611716582,-0.37511725252238254,-0.3831496199626924,-0.3769087724357344,-0.3960499244348744,-0.45529084816494775,-0.5323443416251864,-0.61681150988442,-0.7189397542635414,-0.8166527414619327,-0.8482344690980148,-0.8255652241891701,-0.80462120700989,-0.7914189861098714,-0.7085670755145859,-0.5212471112703257,-0.3790839347620484,-0.3292036801897893,-0.34196495939048077,-0.39222606019678746,-0.45459933911323996,-0.4998035969338741,-0.5086630440710929,-0.48594946816655793,-0.45029812117178053,-0.4175270062122838,-0.3905654216411902,-0.36886966644825364,-0.3485201159555757,-0.3227596856087385,-0.2897154990684445,-0.2490987110902795,-0.20477309288913179,-0.16924696292207114,-0.15809458335711823,-0.18126783436418303,-0.2457850448068298,-0.3358066586373624,-0.41059955989136265,-0.40327014977721065,-0.29135502972909666,-0.14158806145841565,0.007449991626358906,0.17579889211986743,0.42832440306761305,0.7991769445167083,0.8753958947042662,0.7608070495862855,0.6943529297462254,0.6801686335667898,0.7075570570541262,0.7633888331420563,0.780507849880185,0.6524849221037293,0.48932235586670647,0.41467974437317645,0.42889243456105697,0.5022474604769811,0.587306034931042,0.6242833177320665,0.6048841345874727,0.5645371186099722,0.5218837929403042,0.4878424808340359,0.46936545524667506,0.47161810991767317,0.4892966705331785,0.5086444967730153,0.5015624476418571,0.4201293696476653,0.25899228079104947,0.1215732432552163,0.04914670758890901,0.008866203411925915,-0.015717866857201914,-0.03132486711263998,-0.0451294811867705,-0.06414670063208765,-0.0939449828495868,-0.1233564570283339,-0.07643742477209745,-0.04541300931383796,-0.04035944052929658,-0.0505341668686543,-0.07774440551965899,-0.12895504299060637,-0.21525328269777355,-0.35790045053469544,-0.5570022842579929,-0.7410741877428965,-0.8071653176005205,-0.7833510350951515,-0.7440210522185262,-0.7267647188200372,-0.7343689245390159,-0.7544918238106848,-0.7623961983161343,-0.7298661187301793,-0.6665586700457673,-0.6084661763021171,-0.5675346445285695,-0.5446175554823097,-0.5386457813879065,-0.5337618746317385,-0.480708983043977,-0.3508762605050161,-0.22394786169827863,-0.13815838563741994,-0.07516405781865429,-0.01231307896047115,0.050048918646144205,0.09688963563722351,0.12506427220409896,0.1385505588902952,0.16717355354727687,0.2286374982496112,0.3172932138163063,0.4047577604012202,0.4624367367134131,0.4816231154852668,0.47099647418620366,0.44646397993786047,0.42291922283764444,0.4016306327472965,0.3749734111377739,0.35377723874122685,0.37107663782531386,0.4558165006146022,0.5983013045368013,0.6913264967121696,0.6208337036097857,0.474856318637078,0.36756129415737326,0.3141604007583352,0.3023804519864331,0.322208544105312,0.3756394042583682,0.4741983732269038,0.6164681483336515,0.7389593485418705,0.7406073574770806,0.6437002596618567,0.5521113316672761,0.5013606914048667,0.4863311801573428,0.4929373469284826,0.5097922426426504,0.5174886485800012,0.479571625819246,0.4020186511292837,0.33002476933424985,0.2705941106540476,0.19989461883284712,0.04459890848303306,-0.066193998703048,-0.09496431480901744,-0.10080675505352901,-0.10543346314581173,-0.1258111071877601,-0.16492700667477572,-0.2204807010839978,-0.2940066048089868,-0.40718633221452916,-0.5766315517350681,-0.7374074349239403,-0.7320661952887314,-0.6332265659670321,-0.5560089847944001,-0.51474874975378,-0.5014785174010233,-0.499691726097486,-0.5006488474753764,-0.5017405602945972,-0.5032340360083365,-0.48846296863796257,-0.4274061647932038,-0.3328003314626169,-0.2720919722463021,-0.25694240945058433,-0.26324043025668037,-0.2720139713002256,-0.2792773334456487,-0.29002439399910696,-0.3178614429511392,-0.37092492442236125,-0.4598434424735904,-0.5681353783376035,-0.6229179223797264,-0.6126593434718595,-0.6130441153094692,-0.6338719938463144,-0.6177712918382776,-0.5837188893774472,-0.5722254241881927,-0.5858098813457782,-0.6201609480281822,-0.6548855198005703,-0.6160332153990294,-0.4425279216038747,-0.2365919261246742,-0.07230680914884884,0.07676113511249408,0.26856829155679607,0.5435110387093127,0.8181406677606533,0.9370967613842273,0.9360453353611371,0.8959751428381969,0.8482957629139273,0.8024303266728333,0.7643780412191815,0.7434652305914401,0.7483994600690781,0.7757027227848926,0.7925010890050507,0.7290568272209669,0.6050132797443178,0.5150370295543649,0.5028383974377749,0.5364256384571823,0.547305167980448,0.510109684250024,0.4476999705523832,0.38637240145211094,0.34349640534089465,0.321019805015289,0.3122422933978112,0.3111895121627316,0.3306432283649653,0.37391722426891283,0.41433661632497426,0.3899821377015966,0.28388437448014253,0.16968629179331096,0.0765355701310928,-0.029918363875533236,-0.3450821485408809,-0.44148165395008804,-0.27055966611530985,-0.23117435596494904,-0.2290003354234024,-0.24795182664829848,-0.2860924705714229,-0.3461992674681406,-0.4200695558912821,-0.48888649408968937,-0.5339574341022273,-0.5571870545822959,-0.5765054598466913,-0.6123928725512291,-0.6669794883119445,-0.6983235785252856,-0.6748383174156339,-0.6103280955011586,-0.5230827382553322,-0.42716843292200113,-0.3513462135083964,-0.3422073938312528,-0.40780674670129263,-0.4909423634633634,-0.5118961200460893,-0.4904348917601365,-0.469626214186032,-0.4549399926347448,-0.42553804631583647,-0.3700947125791046,-0.3165899991966572,-0.29400467944552516,-0.3029325691544709,-0.3289833856527714,-0.362339062263107,-0.39896363164541426,-0.43517205737302767,-0.4678246011908091,-0.47798093476740694,-0.4335690668746298,-0.31260713069534085,-0.16438350648037817,-0.05491305279920597,0.016584952343748967,0.07933909767907184,0.14630816865934745,0.22107568623847434,0.3041685955057121,0.38977976343879506,0.45605176521620217,0.48376543352932877,0.4834934419974447,0.48507418419937604,0.5119372246242213,0.5688306194105056,0.6244512758186285,0.6172702990029841,0.5747996265151636,0.5419610438351625,0.49349257921573636,0.3927185172554932,0.2842868189732676,0.22052715185748717,0.2016624867521166,0.20980727978925232,0.2342486888198597,0.27478958293979727,0.36481587225563655,0.5728523070239029,0.36368794422837797,0.19563797571826871,0.13056954283632358,0.09427347001823644,0.06748261453370241,0.044095841336325305,0.02431864219456416,0.019293246659658054,0.05385570172545514,0.1381967168764149,0.22784968622388702,0.27856278778659005,0.2963929876165377,0.30326234292034815,0.3143988187223293,0.33392318568259743,0.3538448291277461,0.3394840238065579,0.25148194758659626,0.11278665536800138,-0.03214316543859211,-0.18866729558086337,-0.3690763243060914,-0.5535849249084649,-0.6334840680011008,-0.6051968299182691,-0.5994350245368405,-0.6561877304077843,-0.7503771895844891,-0.796310965973536,-0.7434326932771671,-0.6173667082833698,-0.4748575194353033,-0.35876202418738595,-0.2759094362260141,-0.22306323867747524,-0.19572742567774573,-0.187560959917439,-0.1914113818047947,-0.19870668843817255,-0.1977135788888579,-0.18832453481807535,-0.18157261410921038,-0.19407550004907215,-0.236283964544805,-0.31397147260698305,-0.39784621607710396,-0.40855766322552944,-0.3454292236672089,-0.2639118499268997,-0.18687183045367217,-0.11519028120539211,-0.04665615097631673,0.028443770238841343,0.10767876498150779,0.21289897717813946,0.34425699786533465,0.46512540634931077,0.5521805466465514,0.5865850938655601,0.5720077697801205,0.5413384396578615,0.5053345501812455,0.458887243796279,0.39903925873895524,0.3527044097796672,0.3554163912439096,0.4250942149733735,0.5649713749995106,0.6822258119678167,0.5808738726567106,0.3930983402333487,0.26631423289332956,0.18683664284805934,0.12977722726186738,0.0740303236604874,0.02849179239613123,0.026564774790073412,0.06309026074261474,0.12171479605793581,0.1815239006124225,0.20449888877119088,0.1679871392715573,0.0897626821899606,0.020604283191937176,-0.011158262428936087,-0.005871185193902988,0.03480727518367819,0.12240971783974336,0.15957027208676272,0.12485447952456405,0.10694170418415964,0.11080398742206064,0.1260317778735789,0.1438052686883419,0.155721375553358,0.15746148643548544,0.1604308526351792,0.17321501029014638,0.1992535949145012,0.22928522819355862,0.23294355899579833,0.15377667328326533,-0.1151490552279077,-0.539334215501786,-0.7714627018098297,-0.8375994497584025,-0.8477381771091694,-0.831440254309764,-0.789484930117754,-0.7080939668922966,-0.5956171901691045,-0.5020980943488965,-0.465036124597004,-0.467915627648605,-0.4779543147044707,-0.4708787749992145,-0.4477606239465046,-0.4275044583122284,-0.42406110128378416,-0.45008062790297276,-0.5227887018404226,-0.6268186456358441,-0.6032533379722116,-0.44105148333064265,-0.31285344924023595,-0.2295258391617938,-0.14037214735350545,0.06761310501775016,0.4355751258831604,0.626511970854447,0.649563574982426,0.6156777286974184,0.5469592073395706,0.4429700302409745,0.3412098074964233,0.28317134539755184,0.28580934903799005,0.34986605808712784,0.4813476161862944,0.6477457708892026,0.6885775495913952,0.599346744963804,0.5150942646554841,0.46821581426812015,0.4542861867066207,0.4764528681333392,0.5367519506063626,0.5946159795564708,0.6041208757573224,0.6039045604153066,0.6244765079987012,0.6402099805698017,0.5968843739522457,0.4953858832564005,0.4061014245936181,0.36890992080369805,0.39758302716118266,0.48636871811253163,0.5360800149686854,0.44042178559054135,0.3295885188744421,0.26277581915022336,0.2308200504927403,0.2244720566195738,0.23909823104300704,0.266922900842912,0.29324630043741434,0.31094249837428767,0.3011609554833226,0.18913612987136078,0.024238518125058332,-0.11851913215621523,-0.19370442805511795,-0.19202055020801237,-0.1659372789558387,-0.14882779760741846,-0.15724529232651635,-0.2201532245833496,-0.34457155248314825,-0.2654249019630419,-0.1873430588123044,-0.15653062664617928,-0.14882541691769136,-0.1566694380774719,-0.1824219704434575,-0.22771577870773171,-0.2856178344432474,-0.3442481897285598,-0.40295920631977983,-0.47029009593266297,-0.548074038690617,-0.6165292269544442,-0.6648720895511322,-0.6912581619153123,-0.6978964393972297,-0.7013657034708107,-0.7142349752705814,-0.7099236492097938,-0.6482213227599013,-0.5524684921858718,-0.4795523370547711,-0.439267443882318,-0.4111581284962373,-0.3619002433737081,-0.27555837570675695,-0.15999635066979662,-0.034358667620641166,0.054896829763416345,0.07696620217295859,0.04615477421101711,-0.0064513017486207865,-0.04503386107963754,-0.04861931175926319,-0.01894161020962718,0.01968327965397354,0.04826479551609763,0.07028569494684979,0.09266480588742888,0.12423531737954029,0.17469231918499337,0.25477433065926086,0.3744924829939493,0.5223613556386557,0.649219128605667,0.7152047192336887,0.671663739336592,0.5193326338090467,0.37215982689790483,0.27850537538555176,0.22425654271058887,0.1960845259928298,0.19319333727673715,0.23029298177556456,0.3453248271237269,0.588282829909782,0.49059249106148123,0.29774575859757624,0.20168589196511363,0.14960579164212695,0.11621603824670074,0.09161078761617315,0.06816352135375103,0.03856998520211878,0.018623478541849564,0.026241270087486748,0.05633487876955713,0.10674771041655973,0.17624400888886088,0.2557107664876427,0.3341861663636813,0.4020106466732793,0.42541150456554694,0.39105725956718496,0.3337253439388054,0.2684939377387399,0.19401462263861818,0.0961764834435819,-0.03690456997143549,-0.201838430326154,-0.3773638535815721,-0.5354026994881604,-0.5972865624816558,-0.5547259524549087,-0.5099019085443899,-0.5186924924352537,-0.5959524123928868,-0.7082698638260568,-0.7490954382247941,-0.6753498652980395,-0.5606129623081003,-0.46271822326310585,-0.39229961818226494,-0.3347556962552709,-0.28234648918088345,-0.2316727662388005,-0.20176341566646996,-0.20331868812458478,-0.23186192692019209,-0.2793069748587474,-0.340810635779211,-0.4148832688008391,-0.49747320971680886,-0.5789002198838895,-0.6388858788703347,-0.6569723629672617,-0.6508309845714334,-0.6350805265558257,-0.584926526455309,-0.4822727003625568,-0.36672354069764346,-0.26567796392368487,-0.17808323880395896,-0.09750161912481385,-0.01435381460660858,0.07171923126561072,0.16572358632995088,0.27530300255839235,0.4059808310182509,0.5310668100391036,0.5912405580383826,0.6135881092309691,0.6625995209674038,0.733249888976308,0.7817784693062079,0.7896173650586599,0.7500015050457072,0.6589271670696342,0.5423531897228558,0.4444619566275765,0.3832130309649594,0.35613278785363955,0.3584221771463581,0.4030339521312292,0.5136606913886826,0.45242965258690976,0.27302310910558875,0.21507954071264068,0.2120888585646292,0.2323979916174004,0.2598990600350192,0.28214447726157316,0.2942580202523093,0.29606967891844893,0.2951029946375055,0.2971640473495024,0.2889238214889327,0.2200217927385888,0.036940231086570595,-0.1698820663774837,-0.3015573935643058,-0.3735673292386026,-0.412701016640967,-0.4240780042113108,-0.40186539824281675,-0.36586370213501057,-0.33905390794474977,-0.31401755708265294,-0.2682270371547798,-0.2220821180291774,-0.19379460524575998,-0.18872001897796678,-0.20417843622734266,-0.23487023000141014,-0.2709182544664424,-0.29678029996823113,-0.29634842931602,-0.2715291892216468,-0.2364871653195933,-0.2110587480018586,-0.21428690138361434,-0.26298429122518524,-0.3686471647606901,-0.5101897166271608,-0.5992240229547657,-0.6014623444268964,-0.5712113396333555,-0.537526580541582,-0.49232367564045854,-0.4351911235686302,-0.3803826843928926,-0.3402796341832171,-0.3246957645213458,-0.3450100308242803,-0.4182311902299925,-0.5722661625671979,-0.6667908361231788,-0.43771388837270264,-0.23787705164597467,-0.11002628461074286,-0.01773805274031751,0.03910468291769292,0.07099458473951072,0.09591651065989756,0.12826362340125896,0.16546147268642997,0.18709727286627614,0.18428188899702738,0.17891750045399274,0.21391374992006337,0.3528171359724114,0.5769159370082412,0.5636154116728788,0.49430474818462533,0.4779732800084954,0.5150456634297795,0.5947404144975607,0.6224281886364387,0.5443817423940551,0.4875184151301334,0.4886457416694278,0.5321240624106474,0.6134986593209661,0.7333007883138231,0.8475485207236589,0.8723402597417252,0.8364466234493529,0.7966506179890532,0.7331173858390977,0.6269270986674,0.5254696676265644,0.46298429906792615,0.434423922378812,0.41592582117773186,0.3859015943740162,0.32082774420725674,0.21277819670916417,0.09553340664303914,0.0014868680728709301,-0.060072130989865205,-0.09027931939469294,-0.10351367029514702,-0.11943044086189536,-0.1440481208461375,-0.1748521800568011,-0.2114211597789659,-0.25006619027680926,-0.28333486573326566,-0.3141966212449586,-0.3480254610512194,-0.3745883829985234,-0.3858100505801378,-0.3844140052497195,-0.38419698109260714,-0.4032415756509039,-0.44886136274549737,-0.5095433012767885,-0.5618183746391904,-0.5912780382975864,-0.589463263761045,-0.5765320919220971,-0.5805231252231394,-0.6088868168139706,-0.6125764624278618,-0.5349646162226883,-0.4322154497056083,-0.35382249539426086,-0.3009078439923529,-0.2651208288615241,-0.23613170322008648,-0.1918916342932399,-0.11889556324567875,-0.06534485921715537,-0.0627225932477263,-0.10386749387684807,-0.17347288805054667,-0.23984514279734268,-0.28077581048134403,-0.30036442772170996,-0.3070175159188934,-0.22674968557911615,-0.06828365868084019,0.013126260233629283,0.06051400528127737,0.09982781116211945,0.13104741590845512,0.14996973732216548,0.15784130805094307,0.15745497045421708,0.16302754333423958,0.18393147238374738,0.15996129494975228,0.121843849385196,0.11368692551772662,0.12979407858615408,0.17127679286594352,0.24094164617986658,0.34000809449036035,0.4705455592139376,0.6193268007983109,0.7323882001381959,0.7211764963314821,0.6418672517896309,0.6164264169146981,0.6661145673854507,0.7251453515004653,0.6833170367837829,0.5936778337587283,0.5262806889387482,0.4905210837181921,0.47353189804378154,0.46513723734902934,0.4552848008624134,0.44019369036265427,0.4076880896057358,0.3457018560846326,0.2727061995721037,0.21055863072778502,0.15719403871552884,0.10271918336232189,0.0415404364269549,-0.03398199358879446,-0.13695191074514168,-0.2747974079448424,-0.4358577341397762,-0.5960849072056332,-0.7094193779246873,-0.7602473517204473,-0.7513886725741419,-0.7034666733424275,-0.6443073834157368,-0.6039596582629272,-0.608833007918955,-0.6577544762347606,-0.7216364634843396,-0.7626078757037781,-0.7668401385515503,-0.7398163767343435,-0.7021236066478707,-0.6808323460368825,-0.68072801833927,-0.6670538255012538,-0.6072957923991804,-0.5316140573826315,-0.47909125825349974,-0.445476032868847,-0.3948691309742629,-0.3057704077026607,-0.19110494358298608,-0.06679399223297997,0.04628560167808431,0.14443767036894894,0.25483294905663906,0.40347144918933947,0.4992325774647798,0.46993684200000724,0.42406190029510915,0.3935846647812912,0.3544854863122186,0.29176870023228024,0.22071645202522078,0.17092982290423514,0.15187922701826229,0.1562980318480626,0.16397005110792226,0.15736825057955886,0.1390389316345304,0.126793980708092,0.15265124175594305,0.23493533353266266,0.3249611997269762,0.38284638137668936,0.4306793744999018,0.49670617939444534,0.5780530600903028,0.6268623107938862,0.5890247252494375,0.5358841954648882,0.526591584273653,0.5628402951485282,0.6216763588073145,0.6757513527615768,0.6937759965373768,0.6607366145781137,0.5833737547758121,0.47381938319765143,0.3459019743660992,0.2213148168421217,0.11591948285485293,0.035444542965436025,-0.01434685424722533,-0.039760497793703324,-0.047586246740079614,-0.03751357541037788,-0.005828255239735074,0.03637292093705118,0.06713439956844337,0.08868889799424924,0.10546289176297044,0.12074756043701076,0.1220741011224001,0.09661704839636082,0.07484250902639836,0.056628621113885134,0.03643846927582702,0.007641526726987826,-0.03624395520142478,-0.09737136578201264,-0.18201352116403055,-0.2918528071152254,-0.421881207871619,-0.5463907157782955,-0.6323676212903289,-0.659806506241068,-0.64529046286786,-0.6122956986924246,-0.5794479421896835,-0.5666394556473455,-0.5856824075813418,-0.6359253313960527,-0.6941740249991768,-0.7273661216897748,-0.7257414082643149,-0.6969911482155096,-0.651880329113695,-0.6052373961390467,-0.5719862856003983,-0.5482020931165099,-0.5324867216038165,-0.5277638301530482,-0.5269457892899093,-0.5167937718764201,-0.4923488893732265,-0.4534570557700889,-0.412819531133842,-0.3808542626982851,-0.3624173288114078,-0.35001517763208434,-0.3210627231295182,-0.2554610701832563,-0.15021425071528777,-0.026261390185164865,0.08721751381452587,0.1706470413282214,0.2277580066602195,0.2739183929451774,0.3370037565313441,0.43462194358665684,0.5461648209115236,0.6276530237211807,0.6538663542831555,0.6389140130926177,0.599404232745669,0.549700408913589,0.5012912740418569,0.4719399835823145,0.4620867247350107,0.43838152628555327,0.39427088965381796
-0.399954535421622,-0.40423242287525446,-0.40272692236984314,-0.40042092575093585,-0.39762190260485714,-0.380783016650747,-0.3453116556200535,-0.304752765164834,-0.28512451321871823,-0.30481686614293413,-0.3587880093830357,-0.4161229767028253,-0.4388805462314065,-0.3811052937908969,-0.21737073800443835,-0.03361509096354713,0.0954889764399174,0.17392686542199046,0.21463674443540362,0.20759261060747056,0.15569754293783866,0.10305119940005895,0.0722746186760678,0.06285177740508739,0.0757351183562869,0.09810428636326851,0.10954242447684946,0.12158214705455271,0.15400305145787382,0.2007479058849588,0.25615274789563763,0.2974522752404192,0.31641583968470355,0.3298529619368523,0.3449537231936278,0.349388567181426,0.33620984261128645,0.3008660243321742,0.25121805816090315,0.2087378701603289,0.21572465057457746,0.298428253528655,0.4451020981667432,0.5345369851628454,0.5194334977502924,0.4780146835858705,0.44346995522471744,0.40285443724379427,0.3393274869861066,0.25552744585169757,0.17713438049963426,0.12037028437666664,0.09464541457897109,0.09906796294247809,0.11527718798897167,0.12252967518240293,0.11994946562881517,0.11211987401012762,0.10146594705103613,0.06976448676924742,-0.028504924166420326,-0.18024101202153678,-0.2937909386703388,-0.35586504257330787,-0.38724567082388656,-0.39947717667215493,-0.41987496870750585,-0.4636458035786948,-0.525678368096159,-0.5686984035226782,-0.5640617981127889,-0.5359291434625945,-0.5137757946196386,-0.5018325319990072,-0.4767042208843527,-0.4130907529219527,-0.32318011449506223,-0.241321973401566,-0.17985069055239414,-0.13921931875340324,-0.1271325327656601,-0.13923918369812774,-0.16488429389819262,-0.19058684976044157,-0.21279312286971613,-0.23489482389961525,-0.25378743323300806,-0.23815372554792763,-0.18443717331499088,-0.11153009707512974,-0.04707558857982771,0.0002512253183946763,0.01866548805551446,0.00025201829931922935,-0.03385274398230197,-0.059503578449811696,-0.05551912371413153,-0.021231256256655742,0.02146600045736207,0.05013147392685022,0.06385473693686314,0.06938765770304765,0.08086591712518855,0.10085309871548717,0.12626675470024393,0.1653718636407689,0.2328588389287495,0.31764098435457366,0.3837186624201933,0.42259346236518885,0.4456202192474406,0.4396493836246051,0.3975803441422835,0.3357233237133808,0.27456020066009135,0.22391890494638406,0.18872114589305639,0.16885191036636252,0.1574787228941093,0.1518311475355305,0.14539971369814583,0.15383642244775173,0.19827552720601044,0.28507547028554125,0.401047644074043,0.49942448549400015,0.5379479113618838,0.5299501151513338,0.49807102606278614,0.4596493818505875,0.4288320418657429,0.4133791129576045,0.40245668421487824,0.37343754311342714,0.3210409565538061,0.2644300959784047,0.20537236502061407,0.12538912145754147,0.00323739445151386,-0.12400559605581332,-0.19555180133538297,-0.1967998800209287,-0.20808055751251325,-0.28924252054725214,-0.42741574215274064,-0.4801926483296531,-0.4085018834595605,-0.3002943974193799,-0.20874457376941122,-0.16172390973667702,-0.1750382921015759,-0.2126836186299222,-0.20752064609808776,-0.17544229500563652,-0.1465821419290139,-0.1306399203853521,-0.13100845598494174,-0.14637356114548308,-0.1798184311932499,-0.11146099519891739,-0.006018443197065357,0.033665876190435394,0.04593662557096327,0.0394292863849251,0.011834035853126864,-0.04980979760065586,-0.18808635790168243,-0.4396270759865078,-0.5274663575263135,-0.42526283450512276,-0.3270282323062528,-0.2589291132277377,-0.22283252618332539,-0.20873280708444522,-0.20589546058069416,-0.19206033077645618,-0.1557459060082808,-0.09627452979705804,-0.0411475934518375,-0.02808934741505004,-0.048573186200635714,-0.059694278182761865,-0.020943176769173823,0.06441255518507279,0.1536372148432904,0.2149200070237249,0.24807385188888706,0.26581305032376157,0.279482898286742,0.2767008421385149,0.24972667496358447,0.214976005073072,0.194866937051832,0.20283887531531736,0.22567008683422787,0.26389917821870196,0.3175950964006622,0.3682910929490014,0.4014252305105318,0.4164834837890837,0.42177861059846816,0.3990095132273362,0.31587340696592203,0.2021585310310983,0.1188290976239345,0.07345604494143587,0.05569633187259417,0.049914069285749006,0.04790173306882821,0.051462778263270406,0.07680451827432384,0.13602806367310247,0.2339777166450057,0.346631001072411,0.4190854393215381,0.4164369568613018,0.3267588851523541,0.19874428856296164,0.07595465626907036,-0.034386693816014134,-0.12854248161118806,-0.19889902929869882,-0.249563918251112,-0.2652491289837386,-0.24863245538036005,-0.23195335683671572,-0.26076656234644796,-0.33887904229691634,-0.44117544017826765,-0.5244138063494461,-0.5822045798576596,-0.6205627401248014,-0.6517777363331474,-0.669284513757145,-0.6637134990272807,-0.6287641640326042,-0.5613986063835706,-0.4809945714095759,-0.4235483501815255,-0.40601956208914913,-0.4236271933191719,-0.46016010334126006,-0.4847005291861175,-0.48863434798182237,-0.4767372899518896,-0.44968683288423356,-0.41190226954909953,-0.36466672744688966,-0.3187265824139849,-0.28471866728894163,-0.2553859985761093,-0.2139177613283613,-0.1520019972773163,-0.06418346244341391,0.042540424063094516,0.13496384083681554,0.17462814409908914,0.15518608691050956,0.10728511007310917,0.0785303107660029,0.09268562237456016,0.145504783002734,0.21117255152852413,0.2635221073967274,0.28585167135921474,0.2896788722802287,0.3005616243180298,0.3329589920506817,0.3983448522075023,0.48754944106905607,0.5515961235705845,0.542462372376371,0.4997412715723162,0.4646003623833086,0.44746602113646733,0.44235690089433605,0.45404897780379466,0.4799576705688565,0.4736344810474599,0.3943060688978668,0.32236367516367676,0.29305217150764984,0.2969262111674015,0.3013299934649773,0.26625030033312186,0.23774716533444948,0.23438332636749515,0.23219725779246242,0.21943243377894073,0.20108395697338816,0.174855286158048,0.14291770657824449,0.10123970093000939,0.042017382179113695,-0.03057928716188371,-0.09562203703712595,-0.13285859262126126,-0.11550149341851124,0.018212536078206328,0.23024438576031206,0.29397885707996857,0.27446993144935744,0.21820853278855465,0.13572968310638345,0.05079681089054214,-0.01825856499832865,-0.07761929008178076,-0.17366720715367362,-0.3294543087537254,-0.3686870072870413,-0.3499389268355366,-0.3517817227613113,-0.37290470146898125,-0.4096705622432645,-0.4630938015238235,-0.5308611542411128,-0.5197792723326616,-0.40399403186780247,-0.3288405990161128,-0.30565457484042763,-0.3079265319502965,-0.30876905830290147,-0.30618652421287146,-0.32132441405637646,-0.3650836979123836,-0.4041034235005079,-0.39777689772823777,-0.36493287825863874,-0.34208808971647503,-0.32489346914780454,-0.30595289705537243,-0.27311362692512725,-0.21305102853450533,-0.14267965511813674,-0.09592665426118759,-0.09454919486493048,-0.1349761088189468,-0.18532007008308687,-0.19628171330251024,-0.16212694660347893,-0.12565052895524814,-0.09936239868721118,-0.07840846017987481,-0.05399494851625382,-0.00018356557613030428,0.12949123958421302,0.3698049825271964,0.49317025258162944,0.5098507221962846,0.5285608199737782,0.5589510570792798,0.5936771350346813,0.6299176707688097,0.6534540141278322,0.595035009272361,0.4512278050396329,0.32719556091190855,0.25291573586439947,0.2197226649867528,0.24147235281190466,0.34570243227652536,0.5262121734374132,0.6944373737838676,0.7661068840738826,0.7590641310716336,0.7007687073661545,0.5989501761792978,0.4750586952377034,0.3570362492608679,0.2687129537575644,0.20866988722372595,0.15420900178813807,0.0890910360208507,0.017850388381785653,-0.030428571795798234,-0.0337055769032948,0.01164902534732119,0.09300895162210318,0.1632503284305045,0.19041428081402215,0.17229792145155987,0.10976288146152294,-0.002283202059993755,-0.14948180744142264,-0.2729172898626535,-0.3304438516954597,-0.352190162784703,-0.3664566127967875,-0.39197363011053,-0.4278173460830563,-0.4775721465594228,-0.5515844115776012,-0.6288967800550416,-0.671939700561213,-0.6654274670053879,-0.6222024637555115,-0.566976551255319,-0.5121682866434913,-0.44897288247612466,-0.3576084146368853,-0.2436785129695547,-0.14373633003411188,-0.07044253003770833,-0.01588963841771453,0.016325695240598716,0.012798018721179368,-0.0405071053765849,-0.16787539907682375,-0.305013419713028,-0.32602377607501476,-0.3017823596687051,-0.2814613820558445,-0.2753623090995978,-0.27779810596737203,-0.2745360345585337,-0.2553750801258591,-0.2221500852113207,-0.18499644756043715,-0.15806319547580489,-0.14458851859441302,-0.13984256738128495,-0.1330625877450112,-0.10876110086011528,-0.0565054665324132,0.036183933340508324,0.17865029519905626,0.3020897030066604,0.32141277018313397,0.3276719151822735,0.35900868753027604,0.408205023822024,0.46510750421486435,0.5249535990750648,0.5969373486862234,0.6846202047688971,0.7229420663218469,0.6719168054881498,0.6111682717359477,0.5739231021909014,0.5480395891866955,0.5412508274159976,0.5351109533864291,0.48364281948504684,0.37498096355352967,0.25606644740084855,0.15956555158831293,0.09940206086788832,0.08316129607383717,0.08921695016671234,0.08939351986328423,0.0755149255145156,0.07017814408698839,0.0743125213041565,0.08340976834890501,0.10058580860961389,0.1333027232044566,0.17877151181071405,0.2162289859404746,0.21289102480587416,0.15652575062541976,0.06337956785233993,-0.023240107604157893,-0.07857571926255422,-0.10160926665493017,-0.11479562796018043,-0.14427394325317916,-0.19449002598736734,-0.22919866038715156,-0.21751685588882066,-0.182417330242003,-0.16283602063366298,-0.17836130276796613,-0.2400033968597964,-0.3432577477868316,-0.4585746399192024,-0.5047802172182102,-0.4885611659616308,-0.46315593915250997,-0.4462520580436002,-0.4111482021071164,-0.3510889417919171,-0.2883665718154058,-0.23688035956911144,-0.19808565023121721,-0.1649103359797061,-0.1235969584104848,-0.07503176178842472,-0.029248503186133226,-0.012837676410623987,-0.03439981678239199,-0.0821523151098872,-0.13266904306707536,-0.17218622824692886,-0.18887993274017126,-0.18343406625117328,-0.16289962529729443,-0.13426299265724112,-0.09385549666898184,-0.04018373120401908,0.01822216759821067,0.06817214251179446,0.0873067259322061,0.06831188569778514,0.037499233463479525,0.020263464878106506,0.02920410767590524,0.06230915598514982,0.10408801960994803,0.1481507356803216,0.18806297640447897,0.21090873734572027,0.21089655701327858,0.20420128061297116,0.20872593463019148,0.2266594607238883,0.2536849054086215,0.2846713509071369,0.31947257561898057,0.36368280139749304,0.41262049579037896,0.4332311106699823,0.4155586709318681,0.3877505478361983,0.3652572402002352,0.3522901619028828,0.3373888193625593,0.3040631096429353,0.24149948320483816,0.1606126676180107,0.08706946528401412,0.04303327338712801,0.038245576969218445,0.08122113476303712,0.16468240781976795,0.22277500594855992,0.21561471449202754,0.12886906998792824,-0.10167236206901935,-0.2521367065173679,-0.27188061753256254,-0.26612114297418665,-0.2594221648372497,-0.25874737829377387,-0.26151909861229145,-0.23332443392758817,-0.1424290790022048,-0.08362491172343507,-0.07431924704777923,-0.09588606148659688,-0.14695810631616263,-0.2364138858229572,-0.3548679549127084,-0.45092346976616854,-0.4678017513780253,-0.4446422151149907,-0.43101973870520016,-0.4248933711117566,-0.4003376069240283,-0.34493329068528733,-0.2565651849947109,-0.1535482308926533,-0.07038661747648221,-0.030774395602469678,-0.05341844761223578,-0.15811436239958482,-0.2656391691686964,-0.262501743823372,-0.22432314685363763,-0.18580324526682623,-0.15433181105066623,-0.13952284052133057,-0.1423077311398776,-0.15715215892908604,-0.17904568718684927,-0.20308508687048066,-0.18920621301235865,-0.03271339473357165,0.08407325063784137,0.1310730058118269,0.15227093426204652,0.1631231462099934,0.16903002480508314,0.16509172578165912,0.13680885433126963,0.12862159774189885,0.20783705698100527,0.37061883299090664,0.5483946115169637,0.6577235992607353,0.6976534455194403,0.7046226977115106,0.6845578800464133,0.6472288509825395,0.6145528599239122,0.5884720998668282,0.5499281044590575,0.4755111919169144,0.3675144819513083,0.28023712943421947,0.2520749621227101,0.2792773418669471,0.32469529774535205,0.3626854112683123,0.38896757885673733,0.4095064229127854,0.4280871093375141,0.44116709159314804,0.4318455790718838,0.3874263445499484,0.3086137247100566,0.21820327537136688,0.14005066941379266,0.08627388976353578,0.058952117313034166,0.04845297766131512,0.035950390915386245,0.0036021439818305872,-0.04416008939308381,-0.07902329222024346,-0.08659998428252086,-0.06063058798331226,-0.019939617333223348,-0.004790036727346077,-0.04612318896914587,-0.1412627548801436,-0.27453182718567054,-0.4189238371720403,-0.5546228269010524,-0.6623121098357545,-0.7237672645074191,-0.7369251709852872,-0.7222515313087717,-0.7030633386079066,-0.6899946843856192,-0.6660482408829556,-0.5801799074359867,-0.3900881274701518,-0.17588417111820623,-0.031821010426217565,0.030126537744823673,0.032129274509955806,-0.008393314331274658,-0.07322001662169743,-0.14408370995752318,-0.2046664670818825,-0.24950899312339195,-0.2685149994037712,-0.2482754123250406,-0.2248452144878527,-0.2091454354926269,-0.20703382899646375,-0.2148793169486639,-0.21555809944069473,-0.2009230957902109,-0.1852954376049866,-0.181098678203863,-0.18370930501887878,-0.1833817432282723,-0.16343845001343604,-0.09808556497258838,0.03186855683750102,0.17303108598326378,0.2669062174215787,0.3013739053250116,0.28307253950587774,0.24293613214891233,0.21274345647049087,0.2178333543269397,0.2496418567683358,0.29371633004874,0.33243070720528206,0.3472069525792513,0.3327397068248772,0.2996035108201738,0.28385714825428005,0.288201305638219,0.3051088824852868,0.32701222766538457,0.3586925711718538,0.37303828212040285,0.32374749915449236,0.27029814082103226,0.27002119405837494,0.31582237732522656,0.3834637168540162,0.433263192674445,0.44703527797787634,0.4208190762012931,0.3694503276183779,0.3207667717935903,0.2847588613849819,0.25735505423776905,0.23615602113497214,0.2220462730510877,0.20868538074623583,0.18030582940531775,0.13111981890003044,0.07662547912078764,0.024786565181769752,-0.0251048528097129,-0.08820930872331195,-0.171736047178553,-0.2518595298837449,-0.306504632280106,-0.3223459980297912,-0.3041613489234833,-0.2623104179745158,-0.2063347594190549,-0.16803288378117054,-0.18064323738916233,-0.24292396061735658,-0.33141137744845406,-0.4368957803947395,-0.5468846142020181,-0.6130471688862204,-0.6103707075758065,-0.576665614215003,-0.5452033212857359,-0.5223467421354544,-0.5099494510152527,-0.5083633530196057,-0.5133377468574498,-0.5001560554476099,-0.4426289664950271,-0.35091899570881757,-0.27516939378140887,-0.24994925694848574,-0.2566561825223516,-0.2630020847212381,-0.2544768645941297,-0.22695466285039245,-0.18540806572652685,-0.13383824785407397,-0.09916320840634432,-0.11545956596079435,-0.17781739684801723,-0.2120653755324777,-0.18323955054152605,-0.12135673027675144,-0.049259299530088355,0.017430431701334303,0.07565393147494898,0.14052196266555325,0.21177913797105147,0.28907892107687183,0.3588902270857455,0.40974124245732996,0.45119415433336274,0.5202329641886614,0.5979371876446276,0.6497644466056184,0.6754679586670497,0.6971508922704919,0.7168237324396403,0.7145209018665933,0.6690798277031236,0.5957540566517172,0.524763619704381,0.48025351054877347,0.4653634006923699,0.4725395662948227,0.4787651532279426,0.4541808409182566,0.4064042925642009,0.3640358178864322,0.3376114230133478,0.3290228984456401,0.3271510735242893,0.31722922858298513,0.28590488858401764,0.22869453123410724,0.16654739061686072,0.11111748785239893,0.06897395423338189,0.04843336874971868,0.0453660762442628,0.029689535560398307,-0.025295437344239897,-0.12322344528378049,-0.2402587618400753,-0.33417596183925574,-0.3881959414243682,-0.4376831946003341,-0.4749816708150342,-0.4965039715165488,-0.47379840124114314,-0.3683231217807163,-0.24913857854936675,-0.17822848236713743,-0.16303979027755536,-0.19384634526468658,-0.24940304861191748,-0.30282291923892624,-0.3334042651166972,-0.3341017010780477,-0.31088159690357986,-0.26536314195823996,-0.2182282766397108,-0.18040593637891122,-0.1648979092808564,-0.18828312360699706,-0.256552676812456,-0.3650458232729026,-0.4996373210817643,-0.6378280536175139,-0.5883941787112281,-0.40838965445519626,-0.30180523120601227,-0.25974253220476107,-0.26799348967734066,-0.3174589660296021,-0.359587391672634,-0.3429136579662316,-0.2729473280850441,-0.17457699879626218,-0.07070037311861517,0.019166570530447766,0.08364712784012293,0.1283523700939251,0.1629834014201205,0.19488348177552817,0.23383864992219727,0.2723582141120497,0.30729638638949525,0.3501089578860122,0.39766896707189076,0.4408334594952939,0.4697677369867723,0.4774002472911776,0.46766653942395325,0.4663874064647149,0.48233162761512943,0.4760411970540233,0.40332088676157524,0.30603793834534515,0.22043003422922533,0.1720655934236705,0.15207310197253254,0.13770427229981494,0.10160729367431408,0.029077410510946377,-0.056964472881953755,-0.11474023219138502,-0.11113885743699747,-0.054988207411008926,0.015508800181483422,0.06959320016777813,0.09952956259017087,0.1085431689309129,0.09744829346776028,0.07633122037463519,0.05821409295874403,0.05877076039006468,0.07995264171828485,0.10725858329994674,0.12066099294469598,0.10296125200425982,0.05945622276620796,0.0017064648933913264,-0.06610864095109177,-0.14495894580183813,-0.23632471279219922,-0.332448742482733,-0.4139963146841401,-0.47206611351666156,-0.5336284631637364,-0.5852998592491069,-0.5404531840157807,-0.42190254882501577,-0.33782834308887294,-0.3121052141291509,-0.33958632413515466,-0.4043028579673377,-0.4804036217518168,-0.5330863456672533,-0.5634126799822441,-0.5798878845363445,-0.5893505072720495,-0.5844900087493424,-0.5653830665813803,-0.531912506271043,-0.483108696958261,-0.4121829516453859,-0.33241886723747166,-0.28369265688622874,-0.284315803582389,-0.3068590880695704,-0.32023015783285347,-0.29297720740251915,-0.23261868591576562,-0.16628556070166706,-0.10433001995007486,-0.03181767312248943,0.045969649160699955,0.1128834779717791,0.1675357295186075,0.20574294687810502,0.21523854970748896,0.17587812074124967,0.07787091841414838,-0.020870268681905967,-0.06588033146308031,-0.061351964947644895,-0.02713964850106278,0.011314971355621746,0.02995711974031767,0.031372049657370414,0.02227597821552493,0.00966795023144561,0.004288004715156176,0.02857317256651692,0.2197389751460453,0.15217717391908017,0.14175999454617425,0.15357147285416214,0.17427639467756176,0.20215506801490646,0.2399154072092502,0.2930327462959319,0.36791465899965875,0.45887961856485004,0.5304139610351344,0.5335072074895542,0.48374415708982565,0.41798605813399525,0.3579304255509116,0.3145063928723037,0.28767302274814294,0.2755141889050226,0.2695409601521612,0.2537349365637496,0.22041652458625957,0.16380824427899263,0.09713018615299783,0.04551237072029925,0.016085377264753266,0.006896620829341265,0.0026581641565363596,-0.0084010600830088,-0.028247315559933695,-0.05134407596142187,-0.07073355886399739,-0.08483361922062621,-0.10862163024033074,-0.15511470880418068,-0.22131436406479282,-0.28680919358178414,-0.33166242105556215,-0.3522501890913693,-0.37171477060494346,-0.4138205165603081,-0.4857707562391495,-0.5408178309362929,-0.4981936559278229,-0.41034258508339894,-0.33246069396785344,-0.2736075924174477,-0.23176911598622724,-0.20911649593561515,-0.20856459664263038,-0.22608772149090572,-0.254099103620496,-0.287457335154032,-0.31809129571072353,-0.34611275069759034,-0.3753251438305934,-0.40920172856788584,-0.4331997508894994,-0.43428202406088545,-0.4038103180354161,-0.3376407891008706,-0.2590981723966403,-0.2038549314843603,-0.17385114390153455,-0.12992528175572837,-0.05816780951321822,0.0328387298975158,0.11645301444587185,0.18046583402552852,0.21411299027865066,0.21465450802447816,0.1420760213282486,0.028084731569597055,-0.022736422019719666,-0.024303617175839932,0.009586445393464076,0.09421347282328428,0.28264406731953884,0.4604360438760737,0.4556267628992648,0.4381968306668327,0.44667910143744866,0.48748107089530013,0.5470427720056785,0.5039495769363131,0.3812986839629112,0.3400347959732059,0.35042646087709844,0.37659375760922553,0.40915736878294495,0.43954545815224105,0.4574001307848629,0.45915283107992805,0.459790354328139,0.4606086687176065,0.4536124208347564,0.44563374625835034,0.436355914065666,0.409377304735245,0.3293310264877512,0.1877278920811737,0.044570341852247536,-0.05424451504967358,-0.09815487345089782,-0.0996927357049043,-0.10057940119675354,-0.11763848623116561,-0.14724388981510167,-0.17610329202193561,-0.1933059182183094,-0.17545480706233407,-0.13488132572691278,-0.10357319439841617,-0.10420497324966936,-0.1356383909401936,-0.21191847400804997,-0.3380155855803517,-0.4878892170573505,-0.5726866642423312,-0.5746643789438168,-0.5280573629906841,-0.4588770480786113,-0.39240187112234404,-0.3442395038257316,-0.32782750525601567,-0.3522967023480779,-0.4120148162904027,-0.4836336564324229,-0.5422800549575493,-0.5490180268625552,-0.5094182981389535,-0.47572299358451325,-0.4747753977892175,-0.4940610010830436,-0.499590574589021,-0.4685006852784004,-0.40564012597808324,-0.32508329691609406,-0.2399835294300728,-0.16257547969184996,-0.09662466817245526,-0.04199584615666328,0.0009835859458680177,0.03370916967212625,0.06788112398849226,0.10763099369097685,0.13931687799739897,0.1290250219634599,0.046412441696262664,-0.07584017749751863,-0.1567324437824027,-0.18644144067675245,-0.17461299922187362,-0.09535723470248295,0.062440804998941286,0.2396684882794528,0.3675851194980869,0.42801981554154994,0.4534700231104269,0.46336819751920644,0.47568694468219297,0.47222110946548035,0.42857770714301247,0.36343010363076783,0.3320868783731819,0.344664160603776,0.3716082401242798,0.3942046235769562,0.4165861077852897,0.4416592342013362,0.47128172563541465,0.5008145319959811,0.5336714735546487,0.5527295224284062,0.5133678235802797,0.42364209168009276,0.3482905364363375,0.29362651666201717,0.23812396118437265,0.187768332761805,0.14937866876492228,0.11142829110576924,0.06146374064905927,-0.008879128769033707,-0.07833346961429972,-0.13478250674097222,-0.17933453189290316,-0.21485070719927366,-0.22695536122788154,-0.1811582699790981,-0.08100586837058776,-0.021317592315800868,-0.024782746721715623,-0.0754921529751148,-0.16295005266166,-0.26469885151593564,-0.3445966714345939,-0.38188915384007344,-0.3793802271290792,-0.34683174427110713,-0.30223311176378853,-0.2737064406681253,-0.26949953610443156,-0.28505484490227456,-0.31288623991739334,-0.34621924451329555,-0.37176640704394,-0.393854817508602,-0.41569323255095597,-0.4266930642390153,-0.40621844816491887,-0.3702508673489687,-0.358780600867056,-0.3768462536458224,-0.39088393820032546,-0.3708831922073609,-0.31795970541824464,-0.22549553383095608,-0.09341657894004542,0.04204005366324163,0.13548600818907525,0.18255224056360345,0.20063434808350952,0.20278683452012106,0.19650105297960369,0.18042895490081667,0.1379474623751579,0.043414833270266635,-0.07376862650226047,-0.15291982988416997,-0.19609450745105844,-0.2068141443268587,-0.1797468151115508,-0.12180368233777057,-0.04807015450610334,0.006792691134174692,0.03969690904118502,0.07072859246389755,0.12583329738818114,0.1967250662487373,0.2517058102960571,0.27429696124724573,0.27567829846346564,0.27128435714704435,0.27897627291254856,0.30117198907233717,0.323391992567649,0.34144175712241864,0.3479746482057148,0.35126816239380754,0.36237787455716225,0.37527130355876287,0.3766699179220169,0.3699322549393728,0.36163538758248426,0.3656188531626302,0.38154483223166635,0.3961038347461891,0.3898483744189463,0.36105351950242176,0.3253992889624156,0.287100276159377,0.248343885269399,0.2015961013138539,0.1460897916797636,0.07800990741059247,0.004615169683778545,-0.05156048822641684,-0.06726179036619868,-0.035166758167333514,0.017169150022876244,0.061695944520352125,0.09275618389871715,0.10579677343083199,0.09857933086676235,0.07086186771499421,0.019664559132151475,-0.08767573435286609,-0.35885632719576577,-0.7289572457770026,-0.6499810388135333,-0.5410770972426342,-0.47548352019514256,-0.4387747003157982,-0.4288339311760735,-0.4521402435755224,-0.504113101272538,-0.5656262532197085,-0.6105901819406846,-0.6129284990776633,-0.5576206550200438,-0.46514058150400334,-0.35552173902102957,-0.24858384310874077,-0.1528571423924793,-0.0729964966455178,-0.010387363781898277,0.024681510474052405,0.021912487002860803,-0.027022524512163523,-0.11471373841248708,-0.21197939421436893,-0.287402570015579,-0.3196230206178837,-0.29850306188350173,-0.2204732954639329,-0.08243288913073715,0.08156734927001097,0.1975717277290021,0.20224830963798976,0.13146032204539,0.06503820928768432,0.04566161151863136,0.08588125422837649,0.19032555931177747,0.2973821365648728,0.30147181280644547,0.27168734112872917,0.24452836371835707,0.22122235724935246,0.21432328683418728,0.23768705933288223,0.28783082674164695,0.33972348038131306,0.3687638290494785,0.3742229354827707,0.3657192609950878,0.34475675345268963,0.31245950897076535,0.27692720608902,0.24554797086813437,0.23019785744648866,0.22591577494903334,0.2364991173279452,0.27185148046787516,0.30171486554666394,0.2998420990504182,0.2817885630573664,0.2708789941650018,0.26908565015202873,0.2686819358527276,0.26357611085195004,0.25297375232757663,0.2406893841281756,0.22631102631948788,0.2105669086140032,0.19225618025392757,0.16372738674872916,0.1067757198850798,0.025796574285646877,-0.025859603757415438,-0.06672984645814371,-0.13296598328942114,-0.24476709565380286,-0.3547893409859454,-0.38827170119743804,-0.3582146017957606,-0.31588075577631425,-0.28100285551845233,-0.255731165307793,-0.2331357647557649,-0.20982314052737608,-0.1896170454147999,-0.17871867886354428,-0.17981643200392275,-0.18504219577013775,-0.1883730516985442,-0.175814285309989,-0.13892656845122658,-0.09724233700075878,-0.06438169905402578,-0.04832034877459885,-0.0630760184364284,-0.10435529012107206,-0.14979281009340437,-0.1646673912155072,-0.1467177390227472,-0.10195316926611665,-0.044768909008229295,0.00364069745191871,0.026379355358412685,0.021131191395109238,-0.014712423068470598,-0.08568807738904032,-0.19981107694195835,-0.31524050746325305,-0.3502826324498566,-0.33232985984368285,-0.29293213816705016,-0.2052112779763914,-0.010091378260726402,0.17873355326382073,0.28835396004714525,0.36902442857614026,0.45085720389743267,0.5339195876631985,0.6010141108843311,0.6315770317365192,0.6432189914743432,0.6540481413783982,0.5963918282021454,0.4812289892727854,0.3702455601966726,0.26714976128752305,0.17924875756708464,0.10652447455914749,0.05667429053028859,0.046346956806503074,0.06832963823838749,0.10929754382920626,0.1712226231579124,0.2477385879275964,0.3119771988489451,0.34629813103504,0.3494417485441265,0.3324655164822673,0.2994891131875306,0.2584125844714973,0.21595220102961854,0.17723935157673726,0.1461477993656464,0.12146058599438031,0.09614283643027355,0.07378230825040073,0.06025681823832105,0.06055490999955493,0.06934106012760115,0.06808772566579144,0.047706285875428446,0.006933433791412171,-0.04705258400082716,-0.1069137413638798,-0.16289097168254266,-0.1939200077803237,-0.20018835762891704,-0.1986166475733523,-0.21210295411544075,-0.2407625172716322,-0.25721762412036914,-0.2722509707087992,-0.30006811733808675,-0.3294366809476604,-0.3546656680848647,-0.3807911063430549,-0.4102440597630216,-0.43625045707509624,-0.44462280949254557,-0.4285164030092729,-0.40879565840974463,-0.43349431609702904,-0.4730356528590774,-0.40765170161667436,-0.3390954146460911,-0.30363730111915826,-0.2870937696498028,-0.2800449642343079,-0.2799142517907821,-0.2986236584573695,-0.37212028106336864,-0.3938321568798212,-0.11554235953330283,-0.006240027423859675,0.04039064710565224,0.05962441917046978,0.06277470101679308,0.05904240051809046,0.05759590763359618,0.06649313473887652,0.09157568457100076,0.12143748024187648,0.13263087054309153,0.1310257029824243,0.14227309823713583,0.17570466129041415,0.2444910736839489,0.3593044593849905,0.4796325606689173,0.5408479381439905,0.5344181858299948,0.5229021742639778,0.5471118947581638,0.5992165038394549,0.6568798332718445,0.6959594114275928,0.7103321686521952,0.7037935290028251,0.6850516910473566,0.666613260358665,0.6603781231363691,0.6573990267040305,0.6404136043358065,0.614585282615612,0.5821860513129129,0.5352682040232285,0.4566201450007999,0.3658973685228839,0.3148507568045406,0.31937204872885927,0.36760394863167845,0.4295891207336202,0.46694117832717075,0.45260227500552624,0.37018824295808056,0.21359989540629143,0.052874628950642544,-0.05319507007733407,-0.11326187077542635,-0.1498955525291958,-0.18132304101961258,-0.2196685934312035,-0.2244819244075055,-0.19371013602202913,-0.17606168613135328,-0.1979376954881777,-0.2554182769990993,-0.3242530115259054,-0.3703411178112453,-0.38153849574183674,-0.37511337558995844,-0.36389901552821335,-0.3593185084927494,-0.3646972516626693,-0.37454335345121187,-0.40614662111714167,-0.4731469959793131,-0.5670728555347977,-0.6042569143995863,-0.5657435805248624,-0.4874041705385436,-0.3670118290709099,-0.23004632111664206,-0.13824223871331692,-0.12479522216833472,-0.2097117094919816,-0.3627197666097378,-0.43285965461563897,-0.4265927706502499,-0.4073887842857,-0.3909456508528324,-0.3843774273160388,-0.39139014254810317,-0.40793754252364606,-0.3998648248231044,-0.3334355215024686,-0.25349191157463485,-0.1721579309197932,-0.0650295531649412,0.06617884657858264,0.19127288108369628,0.2661894096105028,0.2776830907449386,0.25726748326987386,0.24000775903074495,0.2526504320400351,0.2937260915591738,0.32859852070996887,0.3192436568585035,0.2723038713232977,0.24039458249905124,0.25725418074010864,0.3200710968093118,0.4079751516406502,0.49083801557452217,0.5395923515785944,0.5434338097581133,0.5137038969027986,0.4529634976544245,0.3619672930287953,0.24468644033930848,0.1204336705864001,0.03129991139739625,0.010722371589516189,0.07482610804523056,0.22379444448857666,0.4245064206776343,0.5780837240263156,0.5937375381043712,0.5535169950894572,0.5157263907330726,0.4861719058929779,0.45962635193568935,0.42647053836909615,0.37602374559740653,0.30735252372055216,0.21904866659853545,0.1099252588178473,-0.004187506978928043,-0.09048378812115267,-0.12290952121440914,-0.09929431209626355,-0.03924023110457973,0.02564816769052569,0.05008480517198279,0.0042789386514594215,-0.1102232493089974,-0.25435739014557524,-0.3796619307074845,-0.4671096786821953,-0.5445893544792083,-0.6275530398103788,-0.6820015020292882,-0.6814232033595414,-0.6626250934285909,-0.6491674864349444,-0.6361606169678325,-0.6112380735627776,-0.5686494463625044,-0.5162524877924722,-0.4644662160665784,-0.4250381081129435,-0.39975953598310277,-0.3814226022934209,-0.3649060757605503,-0.3486383360780816,-0.34225532802711095,-0.3475127044837783,-0.3654211764202165,-0.38762094977389516,-0.3923341485388483,-0.3706659814233048,-0.3295849758639449,-0.2915953414657001,-0.2609006990927431,-0.22388589265468892,-0.18240296805596404,-0.12683610203951143,-0.04850499105440112,0.035674785238718976,0.08633135778712293,0.11554064548511465,0.14372962368687367,0.18333143353529865,0.21642031005468035,0.2381918829532269,0.26466056688991085,0.3127714256186446,0.3681894017582772,0.40703184385734736,0.4376320628938049,0.4757088790557634,0.5273777246592476,0.5865792476341787,0.6467196826505593,0.6990582658790971,0.7032597131690913,0.6233691907494866,0.5062529508060641,0.4163528853477385,0.36868359308399623,0.36349279955853286,0.40957070538133833,0.4954371921427359,0.5492908296442225,0.5401531939701328,0.5021734507310758,0.45809452663772143,0.40892639946711845,0.3593200425776683,0.30861519036614615,0.25222882655711565,0.18490174831837092,0.11781310559482983,0.07076419617789534,0.0724329059610932,0.13924647029670884,0.22821352687703603,0.2861076710406438,0.2675524379960748,0.11533809222527429,-0.08541940397883717,-0.20788291665237227,-0.26955649014562794,-0.29607043135388406,-0.31053317545476866,-0.3245887268777419,-0.33560272202025504,-0.3420074207633791,-0.3498602172763577,-0.35693803373136695,-0.3607638778114745,-0.38176044644183205,-0.4207542808614273,-0.4643821600658761,-0.4851236580700954,-0.46171359389166233,-0.4319885136938803,-0.43214691495591073,-0.46695862430883694,-0.512473598420538,-0.5581684161561719,-0.5913574727036675,-0.6072067412193148,-0.6125173775097424,-0.6078359260168321,-0.5942269955677316,-0.5772467922558231,-0.5537881452364641,-0.5235947155833651,-0.4648683231347851,-0.3662802959001659,-0.24134099861005842,-0.12250408327661212,-0.05291178785938193,-0.04130849906458798,-0.08298331631478782,-0.13754160889026482,-0.15907522870016147,-0.1457530371340099,-0.10975480698946843,-0.06306141567304964,-0.0175421730636099,0.028099669448666455,0.0843057835399453,0.16294673572500426,0.2747144351366992,0.39529882286718376,0.4881656660024511,0.5043106397330198,0.4507970410444325,0.38734649609396415,0.34725301712821194,0.3324279165147859,0.33770581760483426,0.3598336571843565,0.38375726865109683,0.3914244614318928,0.38739017082701943,0.38169595165141473,0.37270570249837515,0.36689290770634847,0.3624187356716103,0.3565424720666895,0.35483353379857574,0.35436523017780963,0.3458027166524687,0.30778055022214024,0.21532650505906176,0.11285445863181454,0.06246267680779632,0.0575568993137258,0.0820449492581533,0.1157168872889332,0.14787136026966868,0.18188328902886314,0.21809316628671693,0.24932635238426296,0.2671519791964711,0.2685465895090267,0.24991469927740667,0.21714603121671447,0.17542282347394336,0.12020187318553452,0.05434830548959532,-0.013587167385742132,-0.07452967770938188,-0.13095667839995898,-0.17653184738562042,-0.20072279773274979,-0.21038938651663816,-0.24253149630233084,-0.3591991277102062,-0.5719910943539426,-0.7393016319041794,-0.7907409088906839,-0.7857337825079502,-0.7654930037687505,-0.7295793427688766,-0.6567484951481953,-0.5517026860668389,-0.45283901953175887,-0.3965861509443667,-0.3923245832538395,-0.4156954315962812,-0.4360286405265166,-0.44462538863714174,-0.4507777382649208,-0.4547957361837328,-0.44921761877000793,-0.4331000034558698,-0.40521399611115705,-0.37556951327842536,-0.36146345812941955,-0.3575774146615875,-0.3558957512767891,-0.34590856973363965,-0.32169046754246866,-0.2794780232767467,-0.20844185849175187,-0.10214966171058575,0.017933943115212087,0.11415072075486779,0.17832389177711636,0.22071755450709657,0.25569149465997404,0.2932115063984416,0.29211112454889154,0.23002297793779763,0.20922325134167558,0.2511924321350269,0.3491912996115753,0.4896201093534086,0.6151411774976532,0.6748402770859648,0.6766175185850201,0.6317874494775704,0.5532756514700234,0.4816771434532117,0.4304506780709075,0.4042200449121031,0.39974967087077884,0.40135811631970514,0.4037288687776065,0.41124248299149574,0.4252886194153312,0.43537587387519366,0.4341403234856052,0.42142664965676113,0.39699298313525316,0.36495676791876014,0.32289524291064964,0.2595272337565989,0.16431489426475188,0.05063499860141564,-0.04373195179164275,-0.08044152733320624,-0.05355977608158164,0.009400077498296595,0.06998966779420858,0.11055786307810607,0.132436296303778,0.14540297525396087,0.15070140556000575,0.14541481416341767,0.13041091907518507,0.1006239688949452,0.03545151980765202,-0.07999358715544365,-0.21268799289921364,-0.31638528752885153,-0.39388194582731856,-0.45078908601186857,-0.48373194751929427,-0.4937197100977642,-0.4756803081971005,-0.4395806152053361,-0.4048523798037979,-0.37796698509730037,-0.3591582865509233,-0.33232506608601475,-0.2927982272654955,-0.2519150776314739,-0.22700916258820214,-0.22924888864285742,-0.25173334117936774,-0.2951362305186912,-0.3399857494718723,-0.36591975222342515,-0.3692361993020681,-0.34677838199971495,-0.2985568993635552,-0.23097399105433433,-0.16622163757038125,-0.1282588015046969,-0.12455651996541543,-0.14738232946145008,-0.17111488816094286,-0.17139787232537243,-0.15709050359272345,-0.13506267309420478,-0.10115253812502022,-0.0468596305920333,0.029006703301511793,0.13550358570862747,0.25270389308670915,0.35224228691797105,0.4281632673644278,0.4821865045031133,0.5062045379202096,0.5286949514927248,0.5713276143377778,0.6173937672874285,0.6440334309062553,0.6182536177878875,0.5563517167790787,0.48340706826539354,0.425039628181034,0.394377416038375,0.38747974576655186,0.3907268853280733,0.39773347199071074,0.40664338952949275,0.40969474962803626,0.39090856895359627,0.3410556535930258,0.2854139660122733,0.2656179292148589,0.26810590820317737,0.2732235970863341,0.26643214826983813,0.2407330520482941,0.19406955250007266,0.14680654242169197,0.11356625620835814,0.09370734052023404,0.0797591993280848,0.048423353717019224,-0.004125889086709882,-0.04164774331156868,-0.06706484363099059,-0.09021310795375286,-0.11936530665588459,-0.15802367134612097,-0.2235009419376629,-0.39428348058401735,-0.2720983645208733,-0.09443572071602745,-0.04006032477112973,-0.020657915054713386,-0.01949442934603164,-0.03142704514032858,-0.057255981666616704,-0.0927197273909649,-0.14250213400343062,-0.2387046388063448,-0.4169238845285951,-0.5856977283080033,-0.5445001085809943,-0.46429060912409503,-0.4222872925549109,-0.4055587252439681,-0.4051383185188214,-0.41309396122279707,-0.4281963724183397,-0.42860383835870236,-0.3842040536761693,-0.30742057585292504,-0.23768493263165644,-0.19452232254313237,-0.17666677819923315,-0.18467544613790132,-0.2134236425592569,-0.2431449837831005,-0.25138986721165746,-0.232329965782151,-0.18409235801244345,-0.11134392357645818,-0.021669375098610142,0.0729207478070743,0.1546190841047623,0.21959700544443725,0.2709979018978567,0.31620395507346605,0.3630511916023453,0.4143142840192214,0.4424910043990156,0.4203162684375154,0.3032799965660425,0.094577114781167,-0.0696719833301021,-0.13716362600953685,-0.12873010343264943,-0.052502053443471114,0.12445922145047474,0.41159115011450625,0.5427520681077588,0.5552557716160423,0.5710117255025773,0.5847772861823479,0.5546162248989641,0.4926310516624487,0.4515279683253843,0.43752291717269765,0.4302874888166904,0.4186650327615284,0.4098373861066865,0.4177090945995414,0.44991064689219384,0.49807695843041383,0.5408727298448492,0.547419122397876,0.4829160330381111,0.35220399454626883,0.2327225002940944,0.1626232886061715,0.13553382170435802,0.13391389491163777,0.14699342496406223,0.14392854864097135,0.10190963552875096,0.036348358794763114,-0.027184421599865376,-0.06621457380147773,-0.08554467977478712,-0.0960274832574258,-0.10483485310120612,-0.10690919100726654,-0.10032807956246464,-0.10093545869716744,-0.12535014549064197,-0.1793962742139196,-0.25368507019572706,-0.3314144672900838,-0.4102957299656633,-0.4844881512324408,-0.478477965223091,-0.4402210694291054,-0.4140396677580451,-0.4071636558395127,-0.4199758953298761,-0.45331958717674103,-0.4975343037480185,-0.38363771228667864,-0.11139470440474568,0.0038733479903892815,0.03477841977689973,0.028280173295242995,-0.004140741264055404,-0.053713368764096686,-0.12027279635393244,-0.17970658746004964,-0.18802103995806901,-0.1493950203384906,-0.09855205310063393,-0.06455919396962873,-0.05693956974150309,-0.06994358817500568,-0.08718989827257838,-0.0899914452932123,-0.07194849264169073,-0.0285457808935104,0.054701950877257106,0.1860833119036275,0.35382556115062497,0.5060459374027998,0.5798653408738195,0.5799030878431841,0.5263503453087981,0.44979944625288143,0.3796822642148921,0.3167678779223718,0.2347510977855621,0.14280389551849446,0.042246884694467815,-0.04102350277426306,-0.05180299945651592,0.015116902199296327,0.14666952503113853,0.33350629656617803,0.4872491332196595,0.48933482625400754,0.44104316368082797,0.4018638317499733,0.3751200706323269,0.356423262553333,0.33456513061495446,0.29535260886642223,0.2495914044380203,0.21598594411083158,0.21274610521294038,0.2342107463778146,0.26196446565153536,0.28299071571662066,0.28899826960527136,0.2753131192948129,0.2261795738685572,0.1379436582321394,0.0372984197004054,-0.032312662814766066,-0.0627259392550848,-0.05952271011580089,-0.041239515239508834,-0.053032324441310064,-0.11628180150693423,-0.2433766851995034,-0.38060318909453406,-0.4862063556782793,-0.5467721244589879,-0.5544107294913337,-0.5226703083126935,-0.510001045172325,-0.5642976492870141,-0.6692665552143023,-0.7532376022065863,-0.7519328389450673,-0.6685523724376784,-0.5714542498791213,-0.5104398393909301,-0.48805137481910726,-0.47821722962480284,-0.4559645729855628,-0.41403942837059665,-0.3611531213749908,-0.31672125881243274,-0.2853430468707544,-0.25756777125516794,-0.20822735146501892,-0.1317909022203596,-0.04853007119500402,0.014810476893745787,0.047449621203526596,0.0470480655632183,0.022233947679339876,0.012329076107596518,0.04266710850828821,0.09852159295187544,0.14679732218582184,0.1696907817945143,0.16075272653418976,0.1315554520658102,0.08194986019150846,0.026987053740413318,0.005875440062402227,0.023864805041796538,0.07021964002779964,0.14906368342022291,0.2598132116102469,0.3762225189036683,0.44746251328787473,0.4626937162573274,0.44508289389157324,0.41190757548758417,0.3693589227082464,0.3204856357687058,0.2749114435283078,0.26260009914029153,0.327640392905751,0.455595924732513,0.5801804415493285,0.6417330052951318,0.6533151066530289,0.6475611029505893,0.6415139867257378,0.6381494947007177,0.638286751151017,0.6256890617330283,0.5524211824350392,0.40432895461567275,0.24488124369997757,0.13897110344496874,0.09428918622600867,0.09847592210030758,0.13847035613949887,0.18019537528829255,0.19358872522884638,0.17594166470121853,0.10110147412287593,-0.05174258289225948,-0.1537362029824269,-0.19447113678963857,-0.21561081993357864,-0.22282220136315473,-0.219248678170769,-0.20473430229928086,-0.1801853019420285,-0.14259889635333756,-0.1035532118704053,-0.08549676150999243,-0.1028305667903031,-0.15693157613571856,-0.23358565946614243,-0.2915947888857214,-0.2853062017081608,-0.21149697391878683,-0.12757698165731257,-0.06855104769428583,-0.03984358078205717,-0.03912908557785357,-0.060016198459103096,-0.09502234025199059,-0.12563507103188232,-0.14564453075477146,-0.16945523636543372,-0.21074335339320374,-0.2629517567183472,-0.2997191148363881,-0.29793446938933055,-0.24891316267767757,-0.1578158416181922,-0.0606476484620864,0.008269109064523597,0.0309673992897468,-0.00015874528402574591,-0.07738483795277896,-0.14731035670247258,-0.16502266630929882,-0.1493533658529187,-0.12523422999067477,-0.10047749194332739,-0.07644520184702654,-0.055738722483118515,-0.06545151237512548,-0.10100101682156438,-0.12757155697551015,-0.13742594255404345,-0.12252695056525689,-0.08691565933927108,-0.019189003711564335,0.10931135146180833,0.2802403591955228,0.3797108190427966,0.3998861760301923,0.3957466731153778,0.3885213158548034,0.371313440405846,0.3093559564632953,0.19455835482156006,0.09120237256068595,0.027850961149955625,0.0096502035804356,0.03383861350869392,0.06649448132814735,0.09345740478597289,0.12094763600103833,0.15596479251573253,0.2059074435500638,0.26832707965363795,0.31760403608282617,0.3078951620179591,0.22506474684480293,0.11687046746828109,0.03224062057358524,-0.005288319880575423,0.009232901491906741,0.05729812527443262,0.10823558190038259,0.137528705067894,0.13768543689775928,0.11917844070612398,0.09235994111223939,0.06153742264127153,0.030520901594817133,0.0010406838622724548,-0.04187814317814962,-0.09824709563950641,-0.14554432163479497,-0.15899588875955603,-0.14143919352759177,-0.11855078031756959,-0.11824135373706532,-0.1603306108906676,-0.2580754398070146,-0.3911234318532329,-0.46929181960691635,-0.4882371365344986,-0.4986730003256863,-0.5195181568376886,-0.5457185071518211,-0.5681513702906649,-0.5778683228535829,-0.5516033712023989,-0.4725743283728247,-0.39732299471219173,-0.3518596470238191,-0.3293615575818713,-0.30542427968887603,-0.274506399365778,-0.2469531654398235,-0.21548803140304845,-0.17801725330474394,-0.13487757082194657,-0.1061254775246115,-0.09324052941795744,-0.08906732343210508,-0.09176929836977882,-0.11498484135699936,-0.1592675912400447,-0.21531619229268195,-0.24416468647289408,-0.21604024243308018,-0.13364528497923353,-0.020541692215584408,0.10146728484525581,0.21606496061559616,0.3195798327943107,0.3989254457054111,0.4413797644170021,0.44094681886078163,0.4201992581085593,0.40278489501889114,0.412091030405783,0.4374576088462627,0.46683447789878735,0.48902440319722046,0.49122529325435965,0.4711787889345003,0.44559644236769386,0.42496211253341354,0.419211479918822,0.43909485025629924,0.4664064080719016,0.48201434159078915,0.4781465188795307,0.4538814574158221,0.4230109486383591,0.39248438249571804,0.37178105985818993,0.35564910686238216,0.3257584908189758,0.26668709905684146,0.19020483203625385,0.12209205852848576,0.07079226650864444,0.02680110394212328,-0.00864457942611475,-0.02869190953178581,-0.033397754044710286,-0.0295974896687722,-0.0244257939396904,-0.0330593762714174,-0.06706501868738808,-0.12673038743374598,-0.19673793925777386,-0.24716087612562831,-0.27716724646175034,-0.29732539516656903,-0.3270403510823601,-0.3781036488941161,-0.44444287226330725,-0.5106262847171353,-0.561057784026593,-0.5897980635584352,-0.5937479176228213,-0.5602151175412126,-0.4907554739822228,-0.40629104794053195,-0.31797574912573934,-0.23004383550840682,-0.14889330871797055,-0.08493220711456893,-0.05706176872922448,-0.07047142903234598,-0.12054513504875626,-0.19398207746868942,-0.264553457878005,-0.30579064535884953,-0.3122197120210781,-0.28239055031940535,-0.2301766926232107,-0.1727065614215851,-0.1232834384579541,-0.07180622699294331,-0.01132486041875467,0.05252690658952261,0.10657757157230079,0.1463699252389523,0.16349902938373298,0.16513353151692042,0.16367312422663866,0.148032148871105,0.11471396542008085,0.0879042038953398,0.08082815806902413,0.09560164145070472,0.1386124575656427,0.2103133154749184,0.29856504058868993,0.3800096254762054,0.45017705389725077,0.5113973378143146,0.5680990348650821,0.6145365906020034,0.6351316217133537,0.6058892441651682,0.5114813118287129,0.41366173042415055,0.3587987655568515,0.3466394072626174,0.35297506325189365,0.3637223590276874,0.3921048189409957,0.4422991962158898,0.4994301589946406,0.533498058157763,0.5344353858763645,0.4992041708826185,0.4319915998600313,0.339276875399562,0.21023512953148446,0.06465710283601088,-0.04696497893132887,-0.10927774005665106,-0.13904222643901734,-0.15628781379259107,-0.1670549435754322,-0.1581263042220692,-0.11925095692661984,-0.07862261888818213,-0.05593010626942073,-0.017055309607507663,0.047565940380698474,0.09718093236471693,0.11631750746840613,0.11422484777825251,0.09904818946646902,0.07722615239716198,0.051820575274982045,0.02513291544502817,-0.014322430908167993,-0.08999875417646212,-0.2548182638699575,-0.5647247725274681,-0.5842395274950235,-0.4510234941702845,-0.3765700691415514,-0.34577024037910437,-0.3455665930932655,-0.3708085624533973,-0.41912355543130575,-0.4828610844845125,-0.5434473968827415,-0.5448454417537546,-0.48167978736694206,-0.4210005589681996,-0.39517423629042386,-0.40234188808785,-0.4139033122166782,-0.4053669712591781,-0.3746776742606556,-0.33923660147781404,-0.3115832116554446,-0.28687150266164324,-0.26171427815034687,-0.23296821673369,-0.20138484187801614,-0.1752994032308639,-0.15851926682380574,-0.14209185321016987,-0.11682637864154742,-0.07534545559741174,-0.01217598868197724,0.07886023887106366,0.17880794295589322,0.24699392247985053,0.26483085174199117,0.2597724016677448,0.2562993700710768,0.24987869988448733,0.2446700954619155,0.26211862114445444,0.3133021404538465,0.38918736148045835,0.44676025337090036,0.4649552274547202,0.46732962846629783,0.47555687936690066,0.5001281804607869,0.5456281248252297,0.525027042006623,0.2816493169101527,0.13138871877844374,0.10056408311654948,0.134382265843583,0.22617641252938095,0.3541766999930311,0.4520064362628985,0.4463999690739427,0.36409205223324326,0.2742926042672445,0.20777082692762702,0.17236138824387434,0.16973819585315314,0.1947419388076912,0.22114599408486155,0.23498241865815633,0.21595343753961138,0.16111599201171778,0.08254456942331813,-0.0005942345555884247,-0.071313150747314,-0.1224186574598945,-0.14908138699181667,-0.15236392541099528,-0.13155588216963515,-0.0922259727241652,-0.03230096045571915,0.024023621399983236,0.036682425648811176,0.0018216218153805296,-0.07709220544333321,-0.20788421109903873,-0.4046110641729216,-0.5834047943297928,-0.6099354915473791,-0.5621946784557083,-0.5228143249859512,-0.517880781217925,-0.5386102594691864,-0.5643337746864159,-0.5860741837984919,-0.5769831953096644,-0.5199388923080819,-0.4336449540748338,-0.3509783778004037,-0.2710564095472594,-0.20384542372698997,-0.1647363468511076,-0.16526823474317906,-0.19586924804402514,-0.2315415623606536,-0.25092167268705057,-0.25026373367827387,-0.24143334480418022,-0.2241453704384558,-0.191054394271656,-0.1300890421405249,-0.03939890806075936,0.0503838192551424,0.11509085954619575,0.15561084227571065,0.17493319069010155,0.15260205418559025,0.08839322528246804,0.009925719656166244,-0.042049321036724256,-0.057782194714765985,-0.043541676970503,0.01796658663600569,0.13817661486695865,0.33902480063759516,0.5503438594287957,0.6380716113521332,0.6472105859970635,0.6320427390937376,0.6015081139075352,0.559325788213616,0.5202437494358915,0.49957323625860106,0.4979353531738804,0.508892941964012,0.5224360624159134,0.5109534439081338,0.4602622200377829,0.38604610473878537,0.3187033983611556,0.28259585750382643,0.2840561056012412,0.3044186683410689,0.31601880616530564,0.2930030462710081,0.23687819465276994,0.16580601776796344,0.08964058763504851,0.011908258505786811,-0.056031940676602936,-0.10517069020582687,-0.1328179938223542,-0.1396874990988208,-0.12956138033933245,-0.12564968180832764,-0.14663806683624328,-0.18597767736627044,-0.2318118804161035,-0.2736817401691911,-0.3103906329381836,-0.35385627658900104,-0.4157633681061086,-0.4819235511394015,-0.5078906305170936,-0.4928682820904675,-0.47261391741414677,-0.4689294267836247,-0.4726242524223596,-0.47837210765569693,-0.4820185775173145,-0.4701754405939823,-0.4266835710804335,-0.3582101856247837,-0.315242157837925,-0.35505046779327215,-0.4561469701354017,-0.5497034860330832,-0.5868313923494388,-0.5800950854889955,-0.5323836800411913,-0.4242550296505913,-0.2557878901431178,-0.10741283745989516,-0.03052768391635403,-0.008088118633240576,-0.02780684078726635,-0.10144561679579477,-0.22222532480173557,-0.3075013361122594,-0.321582122825253,-0.31524317840478583,-0.3015666741279193,-0.2665455273037327,-0.17282618497507599,0.010381759322184892,0.2299244226771613,0.3941407737505384,0.47715708405076246,0.5134584595898176,0.5389866273410188,0.5624246673787622,0.5514222820229165,0.4836013066875214,0.42077626321769435,0.3912438146367232,0.38293442884295925,0.38093838532384017,0.37944216424742905,0.3803178290803941,0.39080425689125914,0.4131516327687736,0.44682143811662406,0.49569548204208014,0.5644885974850551,0.6453679921744874,0.6603954180375651,0.593222721834203,0.5218229967009024,0.4683621615426846,0.4242342097457295,0.37553710286507674,0.3294182345170733,0.2922389358031164,0.2688815680268889,0.2507718793884403,0.23503427171582308,0.21511766500702306,0.17948178826022404,0.10676137627141354,-0.022449642774076004,-0.1794675972890693,-0.2683341027378514,-0.26534875697685256,-0.1279068822018074,0.20266480735636871,0.3399936516189553,0.36224254903174213,0.35567532416862435,0.33562210272532345,0.3070471328378427,0.26117273821443343,0.16951032460010865,-0.009762124559586279,-0.23879856007104655,-0.40303682040772065,-0.4833346362441084,-0.5204094855297927,-0.5386688974985075,-0.556276879271334,-0.5820604708653194,-0.597861708731562,-0.5126248128168378,-0.39808989063267775,-0.3386148521083049,-0.30333989057958954,-0.27357871966218833,-0.2407391852507376,-0.2177753796430529,-0.2128656541420923,-0.22087197441463663,-0.25059666200808745,-0.2955012451669423,-0.3226032429447169,-0.3191661993355452,-0.3144458574352817,-0.3239003019264334,-0.33665437973734996,-0.33660876169816417,-0.3171216436588142,-0.27710161525101534,-0.2255520561686303,-0.17765921418995365,-0.14239822172904365,-0.10856167923465308,-0.05460442677069462,0.021173986904277988,0.09788503872665694,0.16566661815230746,0.2406183895076029,0.2989441537342739,0.2376210257994524,0.08886256415681362,-0.021862437538331593,-0.07102060269868006,-0.06226453574386858,0.0156682135437849,0.22980841618784187,0.597057971856704,0.756615688711545,0.7250991240609669,0.658087477543049,0.5655697085614206,0.4620146912097049,0.3854046165339957,0.3618014386940922,0.4040223764353953,0.48425380649729344,0.5549591770119391,0.5834145078607025,0.5422846942068636,0.4524819724234402,0.38732427313095025,0.3756615209899835,0.40171420436924427,0.42597962752330243,0.4099346617565025,0.3571431825893218,0.3004243252729166,0.2415335508859461,0.17331270801554263,0.08410646348546337,-0.0010872600792295863,-0.04847814674596789,-0.05808402783086131,-0.051805984969011266,-0.03857641680684088,-0.022157485292885883,-0.020676776650503152,-0.08050085214164363,-0.2031658999550254,-0.3183760843556904,-0.3878707675452298,-0.4194845075323938,-0.42496592197798777,-0.4264194985723408,-0.44535682572943347,-0.48558504479840797,-0.5260639893407622,-0.5350163613511837,-0.4450515913739218,-0.24944327617899195,-0.09758639495878385,-0.023759415549456205,-0.012320958713624267,-0.04785788433218095,-0.12093643236519863,-0.20528468171162592,-0.2778516423750766,-0.3272787550805778,-0.3430225851780967,-0.3387982457668846,-0.328081027877085,-0.32433712709539075,-0.3242140805286465,-0.32180089638845727,-0.3172171653990908,-0.32132577042454497,-0.3359209660049056,-0.3494224889978626,-0.3528959395445332,-0.3488271480527544,-0.33357832601693493,-0.3101170105141989,-0.2747268254977263,-0.2207372595901362,-0.15142155049162154,-0.08435649825145403,-0.02953151675825006,0.023576426220770875,0.09768272696509404,0.2096287156852423,0.35631266136153433,0.4820022626743923,0.5303983839251392,0.5237381202179253,0.5053029838827752,0.4968803447361959,0.5014109989061677,0.5192836321237005,0.5474477591186349,0.5693337964389275,0.522931378822162,0.3886894022373784,0.28884159121394876,0.26845773457655603,0.3128637530402304,0.39203229604005807,0.4593415048336927,0.4995055885197455,0.5193725107052493,0.5212298571895877,0.49916489226651073,0.46516315413144577,0.42673125271185397,0.3804958728570646,0.3254736306770848,0.2655852818185194,0.2105548410423773,0.16093470996120646,0.11281047243458744,0.06848059813730735,0.029637191362785715,-0.006546755539934698,-0.039562685166289385,-0.05123877617879246,-0.02119637626583263,0.03480646291954988,0.07302719113979306,0.08827503330644051,0.08673051468064967,0.057341872095751784,-0.014014341409163954,-0.11293128959748307,-0.1975445857834095,-0.2634499329939224,-0.3213741064835518,-0.38430002619033576,-0.46131501145258275,-0.5276906997597095,-0.5757189534879635,-0.6130165436866387,-0.6446033431878174,-0.6769095315256716,-0.6925386430698243,-0.6821988412361538,-0.6607207159518919,-0.6364812172514409,-0.6008148468285105,-0.5358755905342686,-0.41702664758332497,-0.26351585421028995,-0.12816222333106972,-0.03562590901703602,0.014712679812044065,0.027078358812651478,0.0010019875321280894,-0.06896941988630559,-0.16957801003561415,-0.24525263053011956,-0.28006614439014155,-0.2936984860087482,-0.2933255995910156,-0.28334007649998566,-0.2691440273666423,-0.2486606057721539,-0.22391163855454227,-0.1973571034040638,-0.16000620520972972,-0.0749677245594991,0.09472184619772721,0.28382545124510333,0.3990449850218564,0.45986299570766453,0.49613668558247925,0.519374363037914,0.5462740814208558,0.5857602552255409,0.6142312439933014,0.5731753975047067,0.46478703276456695,0.3613971318425706,0.2981302951919977,0.27072572794003624,0.2723413301589902,0.2923106507881972,0.31619793679439556,0.33139870398319005,0.3390494458424241,0.3414306676230741,0.34048274278298385,0.3374737104467043,0.33898173892516437,0.3381812414473517,0.33583532202353295,0.33598278914389834,0.32691539268350606,0.3083867184650392,0.2776969113132654,0.22511426060665832,0.14683770213982048,0.058576967176000666,-0.014932010767184216,-0.053408273853765745,-0.05199859784710921,-0.018900609418093847,0.0676650164519783,0.18580471008954336,0.24538438830250198,0.19697765432735884,0.03426269033112613,-0.26494639701339484,-0.549466216232704,-0.6230046244264423,-0.5338325025222413,-0.4187649956750014,-0.35174167595658584,-0.34386872786140904,-0.3765228123344046,-0.42048174607237715,-0.46120940869954397,-0.48823420391002237,-0.5049802331457082,-0.5101654275382584,-0.4983888568215101,-0.4715310509976054,-0.4350334500578,-0.4052139325152055,-0.40330044110281116,-0.4449230155324994,-0.4996717173045708,-0.48719518260195177,-0.4374869619869829,-0.3923742724084305,-0.35275985794225556,-0.3105697809942981,-0.26986094105852126,-0.24706301644855536,-0.2665538850571887,-0.312617886104341,-0.3375965537128877,-0.30939590263051375,-0.22429453329440674,-0.11045665350439263,-0.016734107358964814,0.031162204158003033,0.04733675066286251,0.05367188436018001,0.06641997929664041,0.1018129581595808,0.2155215508994778,0.3432223168639933,0.23461711850622435,0.18731062173129018,0.16986540832191294,0.16812765131149607,0.1817990729219041,0.21737519844666647,0.2788369081985777,0.3506024913721912,0.38447776628795755,0.3744205108788618,0.36850685534411015,0.3775652320551639,0.3878319497669832,0.3872617087369475,0.3808456146393288,0.3716303864317097,0.3560694452009253,0.3392926188095325,0.32518803005494107,0.2926284955248264,0.240830635597586,0.18810200382847952,0.14578551029738196,0.11494848618639433,0.08002074161587158,0.0329136311280419,-0.017774932654049145,-0.057021934430369424,-0.06861211666845503,-0.05038387717105801,-0.025735142462482864,-0.010957561711767864,-0.022584745009335556,-0.05688218527507875,-0.10618457007183421,-0.15537499615457848,-0.18613169667770127,-0.19067618846798023,-0.16800783509432754,-0.11809513267143484,-0.08224855347286457,-0.0757049953717161,-0.10928866159124914,-0.21233644921835254,-0.3763896154191688,-0.4493771878194125,-0.4236974241868793,-0.4004413115890047,-0.41072365898632734,-0.4601071358974915,-0.5528542536845534,-0.6593615342092003,-0.694595137284323,-0.7097713457455875,-0.7530570950091904,-0.7909632010620549,-0.7980419683183628,-0.7723671839071349,-0.7077019241327833,-0.5782602019072197,-0.40525733401994707,-0.26055837585967245,-0.15404675995954198,-0.07521229406420207,-0.03295046991957145,-0.01926606733850295,-0.021501849017992597,-0.012302855454575767,0.022637871534827013,0.08470988704436515,0.1563826217380505,0.20388133842920964,0.20841188395707638,0.1768706689528316,0.1298183756705512,0.10884461494749038,0.1371280477055992,0.18978204269280025,0.23574174424816582,0.27816979203540765,0.3294281361755434,0.4019270700032992,0.44582092016798525,0.4438374279665372,0.45254770620426105,0.47269804855451875,0.4861670474586216,0.484156833118053,0.4660160844091605,0.43394762104067974,0.39425966047553956,0.353091886561851,0.3317376820155416,0.3502439675566664,0.4140822678616147,0.5073020103836028,0.5838918882328851,0.6025793279674483,0.5623958314069677,0.4783714292011781,0.37632515833138763,0.28197894301466575,0.21231538893564836,0.1668867821143896,0.13913616381327026,0.1262290589822019,0.12669906241625079,0.12017743063651666,0.08704756493256721,0.03314951211798855,-0.018970319261595595,-0.0531070416833548,-0.06576215537263108,-0.06453175217851602,-0.06267009095770688,-0.05824828791583925,-0.04558883996037515,-0.04147115067537749,-0.0698767044695165,-0.15641273203073827,-0.35597231723524386,-0.6661963066373158,-0.72201970064149,-0.6251126947451432,-0.5621897760016087,-0.5286136871127853,-0.5108227146534439,-0.5080780846098093,-0.5348179992813782,-0.5937060116609981,-0.6422493142279883,-0.5785996148051797,-0.417338833012152,-0.28488259899363133,-0.22704165925131117,-0.23141173365885562,-0.27307986537260004,-0.30440299785735053,-0.31013691314293995,-0.31261488315480984,-0.33244431776330996,-0.3624094925564609,-0.3889247187256382,-0.4012814176316881,-0.3940622961299385,-0.3675868571215985,-0.32056790860225165,-0.25311494967619697,-0.16720329943339035,-0.07913471581030439,0.008985759957270873,0.0927923049333216,0.1691855278672537,0.24355553037392577,0.3127606743634956,0.34846846725899744,0.3270481991442439,0.27739842952241267,0.2933038438599152,0.4062745995238489,0.5856857631089937,0.7464955810895565,0.813877858909506,0.7959961346643675,0.7184238612361387,0.5945789454693061,0.45653011235041985,0.34920963400028426,0.28568222272072813,0.2626258090047828,0.2744452380010727,0.3101354617721523,0.35004914249966756,0.3618723552157225,0.33396787582086634,0.2867703957132019,0.25226299630725396,0.24919455271609922,0.2842455258447933,0.34924672289227426,0.4081494893873974,0.4389747545336317,0.449988475030034,0.44194823445793013,0.40772042786726814,0.34348434103261516,0.2703943634114574,0.2192250838460608,0.20225252633076837,0.20290191543649258,0.18900283419572816,0.1365285180262378,0.041488807812228724,-0.05625633869920042,-0.12200427700083481,-0.15378008005636384,-0.1769909632884235,-0.1892722137984466,-0.18612779718776404,-0.1731841862656196,-0.15707181823762448,-0.13278257299720134,-0.10493021679582956,-0.08265924517072318,-0.07578308208331976,-0.09441750455366672,-0.1499412506125504,-0.24450473602114936,-0.35884674671717687,-0.4180167949959902,-0.41396789715813126,-0.37676881325635364,-0.303508420519569,-0.22230972729759624,-0.18277136768667104,-0.1713755508208072,-0.16973522474224176,-0.17459718738055313,-0.18313557166543648,-0.18470586737140218,-0.16610605346896393,-0.11515181664072689,-0.029728730414125746,0.0551955787214039,0.09828657998430516,0.07644842141040196,-0.016889687926885784,-0.16441793170473507,-0.2826750618480123,-0.28722326571386325,-0.2179185759492582,-0.12871111348583728,-0.04667144352038802,-0.013164355584457528,-0.059740479142915665,-0.14982731884330222,-0.19132976259598794,-0.17313322085769609,-0.11948649332839509,-0.0488702244663389,0.02289184201852896,0.10230323024879161,0.19944123635247984,0.31291866311087413,0.4034058667370398,0.45940574396674877,0.5055382311762767,0.5519560610759838,0.5845920693161575,0.5761620604976009,0.49685605896975904,0.34631285873303835,0.19580554867546515,0.11126887683321285,0.10497305336568354,0.17211964669514065,0.24422605444075335,0.27521255667065303,0.28712921368356636,0.29501251455242433,0.302432956482852,0.29556691923077244,0.26876761481525374,0.23861252198126634,0.21785918204089214,0.2044040104692359,0.19844763552004974,0.19007514731864256,0.17428925504532058,0.14636721889911014,0.10525236484370963,0.050368751727098315,-0.011555366298232478,-0.07195664285997405,-0.12831816660086265,-0.18214141707429515,-0.23725231134261113,-0.3002532606974109,-0.37576454157654515,-0.45972949802775315,-0.5271141920355693,-0.5367961105606112,-0.5106491655672878,-0.4961485758691853,-0.506377486695693,-0.5251260232725512,-0.4393562085872168,-0.16479252224924337,0.013491710881732349,0.09161901815502636,0.12135395423400366,0.11223777980841766,0.056596216346449346,-0.07200602893171348,-0.23405998337555028,-0.33324124056266213,-0.3795872550865177,-0.39049957947483876,-0.36088621240411217,-0.28006185395783945,-0.1672621907116352,-0.07876394114741864,-0.03374827376559292,-0.018111570396009732,-0.0173438156178914,-0.02196292147359302,-0.031734112777580425,-0.048937762222440624,-0.0688871133694131,-0.07556948378446626,-0.045886540063079226,-0.0015092216572993875,0.028805704948304818,0.039147294763505584,0.03930915684146772,0.025324274328174808,0.0025186332870807014,-0.021130053577652595,-0.03769683976424916,-0.03170398736941808,0.04350297444699448,0.12622447804356246,0.15184027284892343,0.1696866842410418,0.18943596333214777,0.21028982555787798,0.2323651414512003,0.25744015195701353,0.28545192581137285,0.3122573042942525,0.31718174889655854,0.2725410949550345,0.20249736284018832,0.13815429786485292,0.1045175513324268,0.11245182776586364,0.1486340561679633,0.1964057274729676,0.23548090351083142,0.254448451035351,0.25836957341625927,0.2476343668412372,0.2291958167225294,0.21780428610000793,0.2163429514652979,0.19802776347234113,0.14779136515505198,0.08592397823900295,0.025816530595879874,-0.03074823909724879,-0.07217122427394734,-0.09256747820161076,-0.07943201361735856,-0.039650487761916264,0.011136202041464332,0.05955249111865795,0.0910016573199495,0.10188566141818181,0.09915013526185866,0.08471937722161439,0.06274430350046127,0.0365378996418285,0.007752462678448014,-0.029475658786324282,-0.08813246423520123,-0.17170984550294882,-0.26163438071222583,-0.32652059936383665,-0.3747704727191075,-0.43366773976754364,-0.5133357093915831,-0.5826176701324849,-0.6078741219978132,-0.6120826446115293,-0.6121921593594537,-0.6115292614358955,-0.6091562346601865,-0.5979705403810904,-0.5628280286297093,-0.4857200378956284,-0.35647712263131187,-0.21995050724636844,-0.13418947166505238,-0.09411505636329541,-0.07892967306611105,-0.08415328238738584,-0.09281980932407406,-0.07227423065013669,0.0047824077550651205,0.12993749785159758,0.22916331687940047,0.2638136736516287,0.24720571760550644,0.17186827305011024,-0.01593822857517996,-0.1241776858957019,-0.13616110139551627,-0.12621184470508345,-0.11624429928429252,-0.115021896841589,-0.11786699591383591,-0.11852680404469633,-0.09993849300317105,-0.03255387324997503,0.11370653969687203,0.308580936846457,0.41028411580511187,0.3906049372000154,0.33877781471321405,0.28781903989193064,0.2346121530273019,0.18704569991031747,0.1601027254215844,0.17100592180441945,0.2450421410554359,0.39651318060933766,0.5620136100411928,0.6204281680995509,0.5782216883523374,0.4990370209682791,0.4159781837709363,0.35350741434434924,0.3199983164185872,0.3070181947970085,0.3008259314929586,0.28999921230273384,0.25952130433863324,0.18779338614749383,0.08639471105744388,0.02116318132688595,0.018524950688626814,0.0685787882420379,0.13326301092815518,0.1622211642231499,0.15363907311546812,0.10827729103284493,0.01302910978771296,-0.14872499832596495,-0.3605042819132626,-0.5155604404473852,-0.5776514659901866,-0.6065972288333485,-0.6197339304116454,-0.6115390820582542,-0.5480126667661838,-0.3851824175439272,-0.1897491704477286,-0.054430567189290145,0.019636720593094282,0.057018441628352734,0.07046634695545811,0.06406161543813917,0.03719441296904406,-0.010311074082241061,-0.08490108572428243,-0.1967259259527618,-0.3118363400896267,-0.3674341227892796,-0.37067520326344744,-0.3517676387637606,-0.32576173167042144,-0.3021989932097158,-0.28452013245542024,-0.2769693662666482,-0.28097244881982375,-0.2816954005473145,-0.2687338347901745,-0.22638890397459838,-0.1586093366927901,-0.08892398505768101,-0.0357358024042888,-0.021254432478886365,-0.06343211452848395,-0.1309784732621023,-0.1719509119085034,-0.1823420021469863,-0.1600997499852135,-0.01291081754414457,0.31804264038470637,0.2946975639821942,0.2898914922924388,0.2967478526914825,0.31199247200222113,0.33405895019729653,0.3616331645984208,0.3868359169896981,0.4005961933898568,0.40903838001524595,0.4308455364807084,0.4734090192054285,0.5275573668492002,0.572758420983592,0.588132414797692,0.576973614146402,0.5738869590504826,0.5901491174803738,0.6042792768392359,0.6057247644304415,0.5867424738545557,0.5184530222918197,0.3605523804145476,0.16198966949178994,0.017885453508136813,-0.05221406583212461,-0.06754482740143813,-0.0495049761458327,-0.015817727565890907,-0.002029559150504208,-0.02778166063196325,-0.08748148747904101,-0.15413546438201658,-0.20612823057890126,-0.23736277300638453,-0.25250215389345537,-0.2445446867569994,-0.22245827989300726,-0.23322181240593193,-0.29674219335587326,-0.34749828377520425,-0.37634938616129643,-0.3951857619617002,-0.4149369409501983,-0.45061011059323264,-0.5072381722566595,-0.573671265311097,-0.6095308000849851,-0.5860536085599323,-0.5283267867984078,-0.4757403602795251,-0.4364355201750321,-0.38995376433236706,-0.32081170397256126,-0.20501744103874447,-0.08331733352038184,-0.038560982561875665,-0.09247335012546594,-0.2145880909513774,-0.3176877857030058,-0.3351201553515613,-0.30492795846908766,-0.2602965490472527,-0.21601745941182568,-0.18196579814198124,-0.17404502809261693,-0.21445556782992406,-0.313332211164446,-0.16458833724521044,-0.061850613689156723,-0.026647987418863615,-0.017929907671257062,-0.025131329950973797,-0.046946611401152256,-0.08402053487876153,-0.12464483742541964,-0.12181051224692659,-0.03678370060831333,0.09684804541815002,0.2187614495798095,0.3080009042972088,0.3905984054768467,0.477040874597389,0.5641673847470583,0.6300752834679899,0.626747321952733,0.5159737148295923,0.3495447606530992,0.22675672644580572,0.18281427755289525,0.22680622482013832,0.34152426825911947,0.43734976030139755,0.4469218003849495,0.43290443914605276,0.42418762053266723,0.41324552834705186,0.3913314255953414,0.35781863707516337,0.3291033997484124,0.3171406473880115,0.3217161248525088,0.33045802342981145,0.3360276336169169,0.3362477008102899,0.3385358649225788,0.3475460273863649,0.36619226478122924,0.39131124116633487,0.4183522040973709,0.43033271591965466,0.4169116473334198,0.3736450530073948,0.2945152603355774,0.1676272432811651,0.026236541937501447,-0.05659694501948655,-0.07999983145007256,-0.08700776395032957,-0.12518839876824253,-0.23036432533827514,-0.40684273573541263,-0.5967144695909954,-0.7222420819269261,-0.7446076129048674,-0.7250308815708081,-0.703048078865379,-0.6797979511460475,-0.640436856676697,-0.5793268907056003,-0.5199588187652333,-0.4778834588236376,-0.44792993183359,-0.4222172378965698,-0.4084348889054216,-0.4175424884593372,-0.45736920449490226,-0.4700791752501822,-0.35047816140171856,-0.21702218297989176,-0.17017808187319475,-0.21518643123553166,-0.36108845485553903,-0.5835756116386212,-0.6720253224222531,-0.5785274845013394,-0.46181086311477193,-0.36135525676859775,-0.27277365114386415,-0.18402276806301182,-0.08053779195636264,0.029836299632483083,0.12699864882740958,0.2088361808703941,0.2895864298662637,0.38201062830566285,0.45358884895629603,0.2520344093644318,0.04362167329229425,-0.04238725165863616,-0.06603924157511853,-0.05384263658773023,-0.013618783013245357,0.05144625137779477,0.13031362379228087,0.20504362437731052,0.2680522308809094,0.3174201091635008,0.3674877904661251,0.4369922185516182,0.5454199058052658,0.6681324689874891,0.6118390753702614,0.3924319040389651,0.24855862996975886,0.21133751076911178,0.2546318687710785,0.3446132893292822,0.44277773892717476,0.5088949117310761,0.5219563267962876,0.49792478777780835,0.4451349491170492,0.3692925972754831,0.2852511460624495,0.2212953570389478,0.18353843041953807,0.16450864215570624,0.14720176106972424,0.10371051879211332,-0.01507410011255477,-0.20475289799959517,-0.32396332110114445,-0.3756807889521527,-0.40410327872824864,-0.41367506994016795,-0.3725874610610361,-0.19444128744832873,-0.030765223536529822,0.011311283923064647,-0.014754079288559421,-0.05858713064455599,-0.07845776414531051,-0.053188368066581365,-0.009791584490475291,0.021044076644102787,0.020683865770989164,-0.029855084518122285,-0.1579421247129393,-0.30928131601619824,-0.38389708543706813,-0.41716394442477067,-0.44240603916329385,-0.4734137814064146,-0.5262234181783382,-0.6136274011075563,-0.6957797262583845,-0.6900546425492972,-0.6313576330320623,-0.5797140123637463,-0.5475466728323192,-0.5099585694711437,-0.4483243944098457,-0.3777979037665564,-0.31504820562803126,-0.25236191120238105,-0.16906894415318416,-0.040819998950698974,0.06831194587854787,0.11208548243494018,0.12319528194548074,0.13018567049933377,0.14131804870520956,0.16179923009251476,0.1923711016735077,0.23591686275802015,0.29603974644871656,0.3571223479150007,0.34411741357875186,0.2832544710708325,0.2470879800295823,0.241458555054274,0.23790313000086905,0.23361374206547833,0.2329884242706575,0.24244484024042184,0.2784694171619326,0.29553121553133266,0.12687808385938465,0.04289793557508641,0.022222981607398235,0.031549484039695604,0.05652308346706891,0.08548812986209471,0.11235768993176343,0.1350109161762251,0.154194605429122,0.17471961105341904,0.19127519698638326,0.20587669953290222,0.21108185109700778,0.19387141659534785,0.16143428141949617,0.1363890339804048,0.13731069240567956,0.17536238597872975,0.24648676044810955,0.31048631496058826,0.336103603803422,0.3298571404615003,0.3051439095399548,0.2586659912281885,0.19756693988338697,0.14163167718104322,0.10126779838931602,0.0658759705038836,0.026806686665262838,-0.007703556470737986,-0.04256471201117813,-0.0812087705846486,-0.11879493691433933,-0.14843816735405635,-0.16053902508783752,-0.15131472623903197,-0.1415482066529902,-0.14473343577459544,-0.17019060745364034,-0.22038390605202157,-0.29276172706599074,-0.38137262394088467,-0.4695606040456368,-0.5191399017588035,-0.5176645849754852,-0.5152445014120045,-0.5225960445153361,-0.4843792673288038,-0.4205254458131297,-0.36501741865211057,-0.3221405442298481,-0.28861852777489594,-0.2593006204976911,-0.22689760447884152,-0.18149733063739787,-0.06543466576344727,0.09754594133608167,0.1303546157221509,0.12861211259109853,0.1198681105589228,0.10793907191372838,0.0909708365755514,0.04819408906210836,-0.042832753722884566,-0.10966134113654465,-0.11565302828998,-0.0928665877599779,-0.06086954761924,-0.03100195323925667,-0.00736401928844308,0.02364999126728533,0.08528809598368188,0.18290647197856408,0.2903725608684123,0.3823328290794551,0.45020776147216923,0.49193207455012217,0.514852397844017,0.5226503131258876,0.5320052149927249,0.5768610782568108,0.659382128254801,0.693059466344601,0.6325017121575743,0.5451317485864448,0.47520731808264416,0.42466293219258117,0.3675684701214172,0.27983672555193073,0.1739971424422475,0.08354278730332233,0.025244333597079237,0.010268501910533365,0.047387890604009074,0.12908583075794478,0.2132429615402278,0.25453931344324304,0.25512998740066145,0.23209237228589372,0.19467220822895745,0.1501233348259649,0.10524615792021069,0.054021546089727486,-0.007345886941921392,-0.07515706461085839,-0.13000976607939754,-0.14673311334085806,-0.11963270257425251,-0.07250460283074522,-0.028917020738305,-0.004052675347114614,-0.0099771381959853,-0.049623438659920055,-0.11512698348887292,-0.18472673714734725,-0.24370250192739581,-0.2987033400113825,-0.3620358108310601,-0.44070912653909206,-0.5003715300854316,-0.48050860601891254,-0.42664638313937664,-0.38005564951777854,-0.326256388764346,-0.2483640883243225,-0.1654005340238838,-0.09255506002578065,-0.03354140853034368,0.005357649114847877,0.029282062001031263,0.04634117314911017,0.05389321916124598,0.0400151274428446,-0.025841496749119282,-0.2251360322111143,-0.4289642208239592,-0.36207074786503624,-0.28659723376178853,-0.22849703110006372,-0.17990910220045153,-0.14355487099278022,-0.11987753683911982,-0.10625805879441391,-0.09901783036482839,-0.10046590528357344,-0.1142002067350257,-0.14857033750986998,-0.20377342779580268,-0.2527710647539911,-0.25131674791804076,-0.2235143122276425,-0.18808153247098996,-0.15195269131774625,-0.12542604303379687,-0.12091205573543552,-0.12103454151462435,-0.08495605699085698,0.018077735664604362,0.1521330460298769,0.24865289803206964,0.2977493154387239,0.3188547841444073,0.32756699682645235,0.3340025768396885,0.3424045098496727,0.3547267432710726,0.36768163744276217,0.3805289581072226,0.3966659847122478,0.4199808795913184,0.4494569428063552,0.4881507111192418,0.5289548095086962,0.5111028764449524,0.3959549488867571,0.26491729994604063,0.16774325577584323,0.10070328950188456,0.05120239659025367,0.015527680713081608,-0.008816479526473145,-0.028004445972506276,-0.04815229158660692,-0.0739879172198842,-0.11892779405403185,-0.20920948426084396,-0.3017767577218516,-0.23118229296426418,-0.14365127089254875,-0.08567699405918014,-0.047940588642629824,-0.03325573132719946,-0.043083867501366245,-0.08422967894368576,-0.17425542400582753,-0.31896460782535796,-0.46585763265859864,-0.5471982840864444,-0.568756482161511,-0.5721471421644342,-0.570963336052695,-0.42950505857525595,-0.1413959641430664,-0.01294556704217867,0.01626091855754253,-0.0065818919173010445,-0.08211127861731095,-0.18960896789757542,-0.2551030367024,-0.274419412740466,-0.2711926761885155,-0.2503747314166927,-0.21232704138027925,-0.1487661951359722,-0.054297434224329325,0.02977637280064602,0.03718691832859244,-0.03285313816609616,-0.13996126754922425,-0.22420294052960238,-0.24320803548381068,-0.21020465537201455,-0.15683702966961227,-0.10862951655783813,-0.08225333747217282,-0.09268444925317028,-0.1390864946326208,-0.1822920064346677,-0.19359193040209602,-0.15960221190730436,-0.07020956092526472,0.06765518872897304,0.2277257163047035,0.3776223769220175,0.48919396402497844,0.5431398309838363,0.5448841648192002,0.5159935277530228,0.469080679121823,0.4010145595703229,0.32598426411297354,0.2792402903504156,0.2763373139514525,0.30364521309701664,0.3481722418634534,0.3995903207679447,0.4412405651049702,0.45553247322400553,0.43317427544093867,0.3786044245328386,0.312891668881829,0.26529859551096385,0.2310780599709566,0.15936009168167548,0.04584130143074074,-0.04681712882992743,-0.1010078181439431,-0.12669982585235584,-0.12659271553220555,-0.08611254298651141,0.011334655783621023,0.12444052770554674,0.1771329872751372,0.17613305397880558,0.14087744460439694,0.0789302347921906,0.005535444888200421,-0.06481025269674338,-0.13853099171732589,-0.26646558133127013,-0.41475388253647527,-0.3675467117801767,-0.3004201718910573,-0.25451723659092784,-0.2179511073592175,-0.18649725854475857,-0.16773268913949677,-0.17326510724364963,-0.21406529417502862,-0.3036061453382948,-0.4338984163072812,-0.40744025603309103,-0.2683268298065292,-0.17855389495734958,-0.13004118888458086,-0.10478304642047695,-0.0932221751241225,-0.09033851724807926,-0.09489362445189087,-0.11942713260776473,-0.17808916637682567,-0.23731258234821878,-0.25672351139342614,-0.2411202863759309,-0.19594764337424184,-0.09808243470022114,0.028172297182974777,0.1132155214444443,0.15398832992613382,0.16791251381780511,0.1722358230786015,0.17192423584621364,0.1488905395402926,0.09413047164113393,0.019135517793219422,-0.04762412898967884,-0.09218804555492176,-0.11935518977908346,-0.13422344348906315,-0.13234631309809639,-0.1125408042898938,-0.07369993611244209,-0.023261491563518345,0.015484155738969186,0.0351118103437327,0.04592559755300439,0.07799960408725005,0.15647845012002357,0.2641562611893101,0.3705798307640873,0.4555973623012078,0.5044027774408343,0.5143013242047326,0.5056570245036863,0.5001204538267594,0.5106247668064464,0.5267341692501377,0.5352816780602834,0.5371858880401456,0.5377856208711137,0.5301163957174759,0.4945802883595726,0.4254333867225218,0.36041773835141316,0.31855775107257545,0.3031753546833304,0.29858937819814063,0.3010391037678202,0.3126850536475839,0.3187396751583506,0.3067638974745534,0.28364142841601175,0.2623318788329305,0.24010493398281924,0.1866438418007504,0.10303925725363015,0.022321584933251194,-0.06925225174470681,-0.18385377980317433,-0.3143329813713116,-0.430557093505421,-0.5230326284729698,-0.6029948815617732,-0.6741855072316193,-0.7262559098735696,-0.7241603758130978,-0.6786087236546856,-0.6386682569160285,-0.6072172675238746,-0.541528827703983,-0.4334123725879031,-0.3457342084939651,-0.3112246233153931,-0.3411576723890816,-0.45307144784731834,-0.608744735005102,-0.6713093517603992,-0.6401325564213062,-0.5818203098749614,-0.5108382148388458,-0.42550378269838995,-0.3162177215246852,-0.20186517107578233,-0.11139048230173972,-0.04867671251199275,-0.005037681480483489,0.014056110058363536,0.010681269847352837,-0.006155723754903659,-0.03142863870169873,-0.05754622905085908,-0.0826469791772341,-0.10071889485840936,-0.10201338922384945,-0.07074190376742376,-0.008256853057788931,0.05270142473190974,0.09365989840248881,0.11535180357723804,0.1298560582058172,0.1362280124662844,0.12579407174493973,0.11857781059730027,0.11143434920875392,0.10830361402194767,0.11265357579404599,0.12656672322079407,0.14751145539116353,0.1666242707813802,0.17702931894611154,0.17888149057540262,0.19480627292428226,0.2307123863397359,0.283719372808875,0.3402817235502589,0.3901376491309221,0.4214047225580155,0.4343286696519526,0.4435801372819475,0.4589114397043299,0.4817579437953311,0.4992551754519219,0.490964243077408,0.44934194293270163,0.38600804587070847,0.3177928888926286,0.25045896272276347,0.191691111608261,0.147448620456115,0.1096074366948998,0.08649388656707378,0.08161018274801188,0.0832901936943928,0.08730156919026609,0.0827238840449407,0.0567194512908176,0.00417378890132496,-0.0703966635918618,-0.13997905942791924,-0.17336703937784345,-0.1664585918181309,-0.14414594787767293,-0.12462563461311896,-0.11051401033524473,-0.09636094281615037,-0.07254146717722865,-0.03624929918005056,-0.0007209458886778276,0.013478612435469507,0.0007618994843819706,-0.035848261591789776,-0.08713442592211916,-0.14906220667733575,-0.21871654144609376,-0.285320360850786,-0.3469741579391532,-0.38182579121750315,-0.3510810834014849,-0.2778301822608747
-0.09016637945714426,-0.23641191657853353,-0.36133577657901006,-0.4321854358282178,-0.4338376897491356,-0.3785064382721474,-0.2938116480045338,-0.22552541116406583,-0.1987079954899954,-0.2016188260553226,-0.19645199872526894,-0.13751787675578214,0.01678413100783721,0.2912400481769492,0.6039779728975723,0.7888983274831705,0.8506881116131596,0.8521092291802385,0.7912211836655919,0.6113118824607953,0.3436144775581407,0.12808150827855377,0.022304654420909377,0.0034414282302657018,0.02507107907429831,0.016483627253147577,-0.04860049108797311,-0.12072527142268939,-0.16012397472309897,-0.1754246892127679,-0.18054707333247216,-0.18101906312563196,-0.16677221681767773,-0.13923628949980515,-0.10860501071798011,-0.08711946304143149,-0.10531626737128012,-0.19018254043099675,-0.31351339468420036,-0.41057475957470746,-0.43063442827738707,-0.3503709435157866,-0.13332189720169346,0.1456519610142317,0.3113759411146507,0.3733435928465601,0.3732459455587938,0.32837370595671084,0.23205072906409166,0.08761156794316942,-0.0611930937909191,-0.15751867815738146,-0.17123942419696656,-0.09966053449525826,0.026298502424779532,0.13995927479180223,0.21079648216982946,0.25200898873699157,0.2642121732417575,0.2034696723124072,-0.03455819076576296,-0.3974386303095816,-0.6150152535024354,-0.6794271341143926,-0.6722736323862308,-0.645644559841527,-0.6141804198827604,-0.5812145718133479,-0.5434998678358158,-0.5063265118570633,-0.47993176399441567,-0.4587128214467752,-0.4337283265319675,-0.40316098440194,-0.364739914895462,-0.32282815513196184,-0.29374517817823775,-0.27758438773049504,-0.2653786547851243,-0.2487324417141153,-0.21296852381944817,-0.14803932318921037,-0.046586510159081926,0.07227511835764214,0.18262730620060946,0.28508336883759067,0.38136583505343435,0.46591546544410783,0.5333383069760742,0.5764419324016007,0.5836935642394145,0.5490916918117934,0.4581050759581294,0.3178903533703186,0.16833530649322434,0.03578163803975289,-0.07729466785549427,-0.17104654439886077,-0.23873580134598218,-0.27344761454690114,-0.28570744218031885,-0.2961603714991925,-0.30710029023857877,-0.3229194605589521,-0.33606738724151564,-0.3373891101802797,-0.3220047031090951,-0.287285582082447,-0.23432460614921133,-0.19803232651863228,-0.18179490645667878,-0.17026395595935595,-0.165720336863365,-0.15997205606942969,-0.15108650871828075,-0.14657687853012036,-0.1382439680240753,-0.1300815371041018,-0.12740007052389332,-0.13685334460581994,-0.15813546299009018,-0.17989454643355862,-0.20000782877083118,-0.1927804232119351,-0.12905215504857673,-0.020389821263062827,0.06304873536723844,0.07700873258838097,0.04239439943706736,0.0049379862781236015,0.004993795206610254,0.05659288670091011,0.16394607295864996,0.29171190249216505,0.3672181287991476,0.3616973189211838,0.28358981039524034,0.13439776427920896,-0.04512521865376644,-0.09263073148748345,0.1894403883071449,0.5967278034020728,0.8167576671702278,0.8655438149258143,0.7169369787201479,0.3695862538593635,0.12856505612400848,0.07628119330282122,0.09886288427704476,0.09246338139714416,-0.05566831774354524,-0.3894412546380031,-0.6643701599394122,-0.7786858732323682,-0.822418826331943,-0.8390590665571329,-0.8347127439843838,-0.7786972092899594,-0.48319722299838175,0.4693141792861905,0.8470913451034828,0.9130027964970718,0.92689446095197,0.9260156478886366,0.9169505658956508,0.8916537237730517,0.8029206971419568,0.4537415616594519,-0.1267310560132066,-0.386091753348609,-0.4278395904011659,-0.372431221165911,-0.27880613530110937,-0.19135096190281964,-0.12592919213377746,-0.08344765719014899,-0.07583526228242939,-0.12639584788515557,-0.24915057963416648,-0.39940885489909317,-0.5039749989414719,-0.5458749833009666,-0.5262981804839714,-0.4311185363426651,-0.2724673624348473,-0.12135181362988713,-0.004976734348262879,0.07790481625810428,0.1313041275361084,0.1342533295241095,0.1052240636289778,0.060141766360373966,0.008838931740392518,-0.0498065491968988,-0.12488927885411374,-0.23105806483719615,-0.3485008700954481,-0.44447961508993733,-0.4957104642776057,-0.4996234137056265,-0.44197907863209307,-0.2929266606474373,-0.06167660828255474,0.12822069303163258,0.2122237888479386,0.21935869647291073,0.18191932669568006,0.10524925452732653,-0.0125666701209192,-0.12625939460501417,-0.1595249840458182,-0.10376181236843346,-0.00891987321315906,0.07480721439351627,0.08176573970732953,-0.03496445535319802,-0.2519588122818105,-0.4648948767328004,-0.5957217381247462,-0.6466698668557606,-0.634296162954418,-0.5716399912273668,-0.46213697690481,-0.3249225591692045,-0.2121299913910647,-0.16694190109233636,-0.20228398018876756,-0.3066895509767124,-0.43324681361698825,-0.5355788759037285,-0.5965877574096985,-0.6255179474014356,-0.6315264978179971,-0.6065080940399276,-0.5425087392772527,-0.4547880954882184,-0.3904286413963714,-0.35690360165320506,-0.34992274274977797,-0.3418352026735146,-0.31198868264882557,-0.26964430589645055,-0.23339607605905263,-0.21050198395298497,-0.20653992582564146,-0.2134160463770468,-0.2295155607487809,-0.249770544528224,-0.2570415088871267,-0.2278985549572003,-0.1605010245281109,-0.07781737638847241,-0.0016665730553743683,0.06532897694517295,0.12268553249827509,0.17318956398719199,0.2207598990145718,0.24911101954458809,0.2464846261514464,0.22041261277195098,0.20013114899520582,0.19671833575292252,0.19688764131526335,0.18547332786855084,0.16333416727903843,0.14027771051591265,0.1206211966084061,0.11878434095546937,0.15198620564655818,0.24030391479327137,0.3512313129931784,0.42236854007024127,0.4431516756822246,0.44379243725054696,0.4301814626176169,0.3949319228847091,0.31647833346171633,0.15125925543677735,-0.11469094596804916,-0.3357155010183711,-0.42329178417980273,-0.4049949219837,-0.26782495094777437,0.06370080281492566,0.44151726207349246,0.5870442539617874,0.5702562590212007,0.47422685727703706,0.33561103900853545,0.1884317620475588,0.04084206058554175,-0.10163269645137371,-0.23475995749757742,-0.34785791268047267,-0.42778685077142503,-0.45831470899600285,-0.43389655885281975,-0.35117638429665693,-0.15917246132463667,0.11407754771112631,0.210946399933897,0.1902722505023322,0.116533657954698,0.010500830271531675,-0.102675298570407,-0.17355668469717964,-0.18613157655298163,-0.15425825045709185,-0.13212010536171448,-0.18132901437115248,-0.2485160561931575,-0.3054040038616074,-0.3470437670814331,-0.36969976294529394,-0.3657771351053979,-0.2985223930572829,-0.09125588070611436,0.13926633259328758,0.27383709702149883,0.3520080616045348,0.41651451411085244,0.4744830814397504,0.5045632291436812,0.4642745981781385,0.30645323529748497,0.034110432636457806,-0.22731072350045872,-0.3581332669036395,-0.36839250349941505,-0.3038131614707829,-0.18335482057780314,-0.006663476361912851,0.20120733024702284,0.35933806146817016,0.40630673109295484,0.3397855906074476,0.17328473888743118,-0.0717021482135639,-0.30278403218935473,-0.43554500739894564,-0.50609696312842,-0.5584735334120434,-0.6037279327783334,-0.6405415219643948,-0.6436346388627061,-0.5136436819263497,-0.01844285331674039,0.5270611606011217,0.7287368405027077,0.7736527591692337,0.7549289070146519,0.695700941574262,0.5913608268551378,0.3981246956900337,0.08833311198354057,-0.1946936289414112,-0.3348456054856879,-0.3690444518354419,-0.34602681278700925,-0.29578862944553147,-0.23360880316781962,-0.15249780325828138,-0.03263800935219423,0.0887794445641313,0.18049246373109804,0.24722177635547402,0.29312235736826076,0.32618080868290905,0.3381168588444176,0.3117719774142789,0.24159277495216822,0.12756472406455693,-0.022110586050898405,-0.1575363718159918,-0.21946413108269175,-0.1906871731748469,-0.0741250872148867,0.09567117661854338,0.24231720056622014,0.31611368571439824,0.3226942553561227,0.2651826506891478,0.1250059659259398,-0.09922862517422558,-0.3129028164184727,-0.4310870135026704,-0.48272865541294196,-0.5152971398102747,-0.5484497800311808,-0.5957344971254512,-0.6557845693843863,-0.704012719128659,-0.707478720602481,-0.667692062177084,-0.6129551575105553,-0.5592146875591044,-0.4920134132199126,-0.389048782543314,-0.21990002214612817,0.016712131674926616,0.24160766411235898,0.4048064706164249,0.5176943560718161,0.5800314404260074,0.5848059815449537,0.535401932885356,0.4145065360959362,0.13426314525921582,-0.305013419713028,-0.5645379961043502,-0.646018049410376,-0.6665000860032045,-0.660237610601544,-0.6342373938206151,-0.5887179709300483,-0.5240065499929301,-0.45617531839670034,-0.39283861751706683,-0.33455013640694203,-0.28982834464982205,-0.2639627023414088,-0.27148318351876705,-0.31387696796412046,-0.37909423312791485,-0.46060568395569473,-0.5063905783640587,-0.3486045634575864,-0.06298955342498784,0.12359953320273506,0.22345530240522407,0.2688887113494145,0.26491758965871476,0.24099638281847818,0.25551723129576703,0.3291118188460083,0.4152560057320755,0.4201168799476789,0.3497161300499041,0.24842359985850135,0.14721185288606728,0.06784029205055134,0.01891854635957448,-0.004612680758819697,-0.02441147329192661,-0.049174359109147615,-0.06597834534686066,-0.0552893562875434,0.005299989161148444,0.12158587368112708,0.23909403974593335,0.2940028612558402,0.28363314806064793,0.22237883446004977,0.13580639838401404,0.0641813737415485,0.03827741055380081,0.07002717595424655,0.15362090417849966,0.2514006387672967,0.29701497565179913,0.2615895102955771,0.18244595437942768,0.11931978912724009,0.08835038647319668,0.08938568786035732,0.10576028829294021,0.12513223962295889,0.1316134206556311,0.11489606983699442,0.09003341615848362,0.0713890705876703,0.058696691494596866,0.03343668486561836,-0.02255246184413598,-0.09887961046433005,-0.14281594825118038,-0.11517137115544426,-0.021123965718649867,0.10289633848247462,0.1876923496603606,0.18004029504918673,0.12129340007190309,0.054715487606337494,-0.01448976340848118,-0.08321991547706532,-0.14523823078509865,-0.17932949017122773,-0.18026328748047105,-0.16931066535157185,-0.16145577639735423,-0.1596312581068057,-0.16766146711078578,-0.18363829627375866,-0.19717732801622223,-0.1965718878950073,-0.1664312647370794,-0.1038094280285904,-0.02421799378034942,0.04150619636054243,0.07341456916241067,0.07179780997436301,0.0369008915900619,-0.013258531416297167,-0.04542046989003971,-0.03241744693189845,0.0035145255877092637,0.02848161270419634,0.02224979958548907,-0.014073416594312924,-0.06743423461771077,-0.1124795290321004,-0.12803493229228802,-0.1114222469322043,-0.07410931345070315,-0.030767851684360394,0.008153882910574206,0.036360997099334345,0.06142495626563981,0.09618691630577984,0.1453958114517759,0.19862252022993418,0.2401872497035179,0.2743404997973168,0.28710440507778034,0.2522429649943714,0.18088840237690698,0.09792355199972579,0.014288625958233377,-0.06202652954501281,-0.12230812478136638,-0.15334161933869425,-0.1498380496726057,-0.0883261470521611,0.053725400061496266,0.19660589095570968,0.24933798487688216,0.21428016333083613,0.017113363664030087,-0.1917330778998785,-0.2704725207510149,-0.31268738205170465,-0.3497801207476515,-0.3782893258113932,-0.35683167032672075,-0.18516904033949785,0.10739868974881442,0.3033544140408256,0.39633892880790816,0.4399644033093813,0.45100962527002936,0.4185045792701438,0.3100997918948395,0.10950107250929834,-0.12016857329673092,-0.3045209791011852,-0.43374951690882546,-0.5218371694462501,-0.5602363855856859,-0.5147971490470433,-0.36128069495495824,-0.14745478014442695,0.025899224679196153,0.11990158216014185,0.11450038395968017,-0.04419688560976455,-0.34021935177294343,-0.5413367249581456,-0.6696652304543702,-0.7711680422094526,-0.8442755280116069,-0.887243480503341,-0.9059997721831673,-0.9029097006523328,-0.8679710816818287,-0.7507437066636921,-0.3215559714313224,0.510491619855626,0.8365228299504855,0.9127622530110241,0.9319185060557806,0.9288086390373187,0.8978713961207699,0.7872285052547732,0.47905017001886746,0.06743451717185513,-0.17256812778475886,-0.23610455867741317,-0.1921068138215663,-0.12401144160185404,-0.05611466407573514,0.026048169582307358,0.1236401222455637,0.2159727337790184,0.2713713776028378,0.2648771099533643,0.19593929250255093,0.08598039873534792,-0.02756809220493317,-0.0924408793939512,-0.08184184222666932,-0.0020971113501401586,0.1077923100398407,0.20867333018075715,0.28093863425030774,0.3203004056258873,0.3259937418462765,0.2974378239527338,0.24061093564452918,0.18140031503912757,0.14284232893016982,0.12180973527533193,0.10837912069114498,0.0988721841281159,0.07661167589532626,0.023179248803357966,-0.07416324844626095,-0.2107996117039527,-0.3594534837265225,-0.46774095605980337,-0.49518596844479973,-0.42695690756505256,-0.28664656750802214,-0.1584815429926635,-0.10553637925951109,-0.1261480331188373,-0.20260850890207077,-0.2984618684013363,-0.3818996624430601,-0.42325988499080214,-0.41691453154208213,-0.37672515805549234,-0.3312248304306754,-0.28461764541375767,-0.21576163266061496,-0.10272570572241332,0.06615027374457354,0.2305209388261317,0.3102032745500642,0.31449313600135864,0.28334225013166503,0.22964113814216805,0.15600404672488816,0.06731786524707221,-0.017813830000070942,-0.07372273898328237,-0.09132349260145475,-0.08146857443398152,-0.06931826476394978,-0.08875205756830608,-0.13860685061367256,-0.2073735832385902,-0.28442588709998995,-0.3526549398100624,-0.4068163996435949,-0.43913327122408113,-0.4436571619344563,-0.4259682936318959,-0.38388832513173565,-0.28085480570322746,-0.08087579371029323,0.15520819033505986,0.2807919183145955,0.26511975661429893,0.16574700529397257,0.06527171866292301,0.02920676363368113,0.08875380681133115,0.2358922872251169,0.3736642989720108,0.40316745237621177,0.342175440875261,0.24924170553907105,0.17805184262174903,0.13955401522849864,0.11742277254137937,0.09373157958787053,0.05524467532845628,-0.008671241793805459,-0.12066512731527966,-0.30691384112814046,-0.47068698513090107,-0.5136311066467452,-0.4836048992400706,-0.4111920855647092,-0.32555438212874765,-0.2461638396419128,-0.17493097287936527,-0.10094098637829801,-0.017487516495237304,0.06318567315573001,0.11963173801780734,0.13964127050249212,0.12697496593271035,0.08363110865696878,0.01612870145681386,-0.05774496807206737,-0.10791922201926,-0.12835707032951454,-0.140877000974313,-0.15864889151070186,-0.18040990931422923,-0.20413096752306542,-0.22966843640936577,-0.2689668087764967,-0.3000813730559854,-0.28409855672214984,-0.17679175810280504,0.03598577292496011,0.28668735522133687,0.4733249702470741,0.5698759072002769,0.5787324339560284,0.4852254193099686,0.2695512602506613,-0.03518420495995858,-0.2894966021672719,-0.4405321927128641,-0.5334237652212374,-0.6063911780313129,-0.654966712299883,-0.663858513682025,-0.6154257227992982,-0.4985312591627718,-0.30651730387770476,-0.08952793552357462,0.0780709147238393,0.19888587206243777,0.3053092826857429,0.3908389747791828,0.43368033061793587,0.4298683320937594,0.3942974134740282,0.3382593382695368,0.2603006200491776,0.150162083283735,0.0028381736036662097,-0.11908157518907239,-0.1699605070097944,-0.16099370402327723,-0.10381972124130162,-0.03119692911381879,0.023700543256231985,0.04387352700711768,0.028539618595022253,-0.028859726954948765,-0.11077914011855042,-0.17532554397129307,-0.19430858341559706,-0.147463369338872,-0.034828730725522505,0.09615013600390586,0.18319059974961643,0.20195741141244503,0.1572025753550721,0.07363090540580525,0.014543540162544877,0.036706498933498664,0.13177351438936027,0.23266759513598279,0.2713582191858967,0.22411124726564424,0.10511446995443013,-0.026576499319823598,-0.10135803101650812,-0.10742867465336604,-0.07687854087457065,-0.052098883551765014,-0.05193432408246372,-0.08548045667126468,-0.13353976322073466,-0.17615619355540876,-0.19931776202472462,-0.19477391843377007,-0.17379058627368002,-0.15138450327139813,-0.1468355203563132,-0.16538196153125284,-0.21021734051215824,-0.2925704333548102,-0.41350047395877787,-0.542713914173293,-0.6285093564259786,-0.6416878990644201,-0.5971690414070905,-0.498690009421281,-0.31835824795287654,-0.08888952013268923,0.05158254198203289,0.09506366916766859,0.08696231083977068,0.05535445852252437,-0.011571604710365724,-0.10442632311722037,-0.17729787367659894,-0.1822851736715541,-0.10283506394141596,0.028974759570307877,0.1378831098321288,0.17917057659831032,0.15202308743903106,0.05739882336335729,-0.08904297192886698,-0.24066219224973037,-0.31701670849893815,-0.2233894262324605,0.08433932980493969,0.3027595445525876,0.3931375143853042,0.4142510417336673,0.36511607060926876,0.22956481303836407,0.02376835329030092,-0.16952741251341852,-0.2989583375057927,-0.3740219519500369,-0.4198957047545477,-0.4487382345214884,-0.4549566579868032,-0.4145563527900681,-0.3083265557413848,-0.12816685256242422,0.09388190618868328,0.27696773634876065,0.3801166188121596,0.4266268471887583,0.4503877451124161,0.47313162665784514,0.5026503180022284,0.536157399206592,0.566084802521724,0.578832716375317,0.5272593201615016,0.3369825107164055,0.07680704593386346,-0.15336499406925586,-0.3188289516361387,-0.40914339291428736,-0.4344498188676926,-0.4145853200947181,-0.3878892855663726,-0.3702397752246188,-0.35279510168473394,-0.32093296496004137,-0.2584229268347893,-0.1650413707026216,-0.06541576239292697,0.018793162808474095,0.08550514274096487,0.1326574270888735,0.16091920629675527,0.16599103732816167,0.1427200011797975,0.1068996903524134,0.08276271142358028,0.08613754973414636,0.11284474854903459,0.14689688927684635,0.16442861325314684,0.15133605146470558,0.10711329088715892,0.034050327663485785,-0.07145280542242578,-0.1883220123416196,-0.28543055247207494,-0.34326530537703015,-0.3610340369977674,-0.30915864034685847,-0.15555944542565972,-0.008144354595600796,0.07958737319468955,0.12530088746309165,0.13708928111043928,0.0963525819898659,0.005102069050313007,-0.08732770695592201,-0.1399920879605909,-0.1684326588323884,-0.19449652358731992,-0.21521412590910333,-0.2038854469106731,-0.1341331688511009,0.00039737530584759117,0.17119452868933147,0.30165851988147596,0.3296001180998481,0.2741255861401789,0.17728497353482195,0.06346194905701884,-0.04969932194933226,-0.13777624679092224,-0.16925243877576107,-0.1313315269120325,-0.03737213886860969,0.07628228006793357,0.16848981604796176,0.21717652648240615,0.21674327412147795,0.14450340631497466,-0.023303506675406038,-0.24725746679960314,-0.3962048978979682,-0.447520103400281,-0.4938003598586211,-0.5957958100963939,-0.7335340883232346,-0.8408353321981266,-0.9020004576071351,-0.9353482494308227,-0.9533791592080986,-0.9566751036855156,-0.9126502516543802,0.15878684498192885,0.9292081793178165,0.9681574284691011,0.9726589191279864,0.9682655023516115,0.9565799964838815,0.932720245223857,0.8845470313036614,0.7830865273340474,0.5750705719762664,0.2315950898520162,-0.1095255309850469,-0.29565244487731257,-0.37870044001725167,-0.4231707792272866,-0.45069665522157903,-0.46050224431100123,-0.4401470906714272,-0.3921375036823793,-0.337391336908872,-0.29980419686449383,-0.29869328875333634,-0.31900430296764015,-0.33549801846140087,-0.3311671410960857,-0.31944989863053447,-0.3106886915501299,-0.30509526742883,-0.29515254615516046,-0.27691531574406425,-0.2499787173486778,-0.2130201767872211,-0.17112953032864514,-0.12861263022676445,-0.08917182458581753,-0.057926498577679245,-0.04278604326200569,-0.05771428369527046,-0.1168786625212683,-0.2221391799753198,-0.38306841555019727,-0.5648302701268518,-0.6477000282261814,-0.6082905165068314,-0.5256762082233175,-0.4384953558592683,-0.3557906795232279,-0.2836538100836034,-0.23884280012575237,-0.2278040292817658,-0.23981405239550432,-0.2569502970124901,-0.27148371753510625,-0.2857192379514724,-0.3029784462375083,-0.31083371882100885,-0.27364489618716614,-0.16333801022332714,0.020130520989486127,0.23906782076161928,0.4170282161160294,0.4994647479719874,0.5063394399788933,0.4704996693432115,0.4222061899911638,0.38218307470660284,0.3469428051500314,0.2954341893784496,0.18697517187368234,-0.049944128953364315,-0.43881088958257364,-0.6530772429120607,-0.6483419262979239,-0.6072255432362607,-0.5735378171346455,-0.5529375185088634,-0.4725979231058919,-0.12961370868288224,0.15301630877417105,0.2601682043651363,0.2670243269524464,0.19141441686278887,-0.01184302480107641,-0.285403247374773,-0.3291069661072594,-0.21688361528591857,-0.0640234100259122,0.07398566939690682,0.1719941383583325,0.2248260627670061,0.23826819451844203,0.24117148616669504,0.2476569562329719,0.25374940315308003,0.24687713606324727,0.21477008098613515,0.15572278811793003,0.06962907864517258,-0.03270968204861699,-0.11611955435516953,-0.14262541461323525,-0.11026746919591981,-0.02559388746575124,0.09438562409640182,0.20489903470234286,0.2688295334679067,0.2849935410717498,0.2646935328629054,0.22468702324485718,0.17704434595808932,0.1378398677133391,0.11573862807124269,0.10431587820024324,0.08128004558676147,0.04136763715069795,0.007376965482841155,-0.011746619761022805,-0.006893225821624596,0.020170004333034095,0.09197389199504466,0.1910633731899449,0.2886742676258584,0.3541481189542469,0.3670291890661948,0.3161601031833817,0.20773127561522708,0.08587872957265982,0.003443470735743525,-0.014715797013561975,0.022656613088212367,0.07991364336612361,0.12961971406017894,0.12497400805884727,0.05484629744906343,-0.034227226421043325,-0.10870026286966128,-0.1605758369012406,-0.1976536861185314,-0.22087885822073552,-0.2332580610913809,-0.23965387536027416,-0.23750831696679342,-0.2260722223985723,-0.21721993724841715,-0.2163839453127361,-0.22363596404336994,-0.24039152013795032,-0.2727667578250025,-0.31327162741227993,-0.3482793736490057,-0.35807482832043386,-0.33336239078072766,-0.27015898131176586,-0.1556671248721775,-0.023004100131849392,0.0726036059724641,0.1215707471665312,0.1570233245753411,0.18022306656546844,0.1639491011073037,0.0742590842728069,-0.09034067131630168,-0.2521831283219399,-0.32919091141560813,-0.2660328489168433,-0.05689424067851807,0.1846973197791851,0.38007636213665685,0.5135239264712002,0.5877236100107938,0.6084063678031133,0.5702145425863036,0.4416199774870142,0.20070040209007542,-0.04344425670771246,-0.18111854555360266,-0.21511569016104076,-0.17668002349464923,-0.10307403198115843,-0.04144660137977104,-0.04323763831889872,-0.14604048859033153,-0.3377632425823097,-0.5249533495746472,-0.6412252900105714,-0.7040644042312374,-0.7229226228719418,-0.6850860272634166,-0.5513905437851689,-0.31821759845732317,-0.12554713859980188,-0.03728792170932402,-0.017527478897010444,-0.04196447857825545,-0.08677129213762726,-0.12577454832184617,-0.1372977925441211,-0.10758731325801853,-0.03691590946650359,0.04882380375431966,0.1180887029706189,0.14090040307600374,0.09152333529172607,-0.026310475673798878,-0.14990470845596157,-0.22810562280480326,-0.26054610466628675,-0.2844976503851676,-0.33280351875066794,-0.42580981268952456,-0.5294521598560429,-0.5755092339669422,-0.5342516053448334,-0.4164975133742019,-0.25858850998605953,-0.08734898603116543,0.09116880403439295,0.2610561034670926,0.37937008348973805,0.43875653119405555,0.4733821893628946,0.5122427882449087,0.5575183225843637,0.6003240411984806,0.6265797995822907,0.5980501367215615,0.42438690048909045,0.13776190193206095,-0.08203334167678404,-0.2085136268934806,-0.2780436698660708,-0.31821135730213956,-0.353725478278893,-0.3960786210269455,-0.4195383906944468,-0.40345550809406994,-0.36469569625673653,-0.3158818318354535,-0.2424910834293165,-0.1485131277664832,-0.06032269073672635,-0.0038853717895744678,0.013516307080138294,0.004316846628625991,-0.01900927109513236,-0.03839231276008015,-0.04254673247021524,-0.040943709256194796,-0.03090813172469677,-0.007279261106281061,0.03424646341967702,0.08360592604773327,0.1322260930484719,0.16563694623805425,0.1783236529423875,0.16413083446962534,0.12101291875291789,0.07271134317711672,0.04484187791436434,0.037918904010308285,0.045167290687479746,0.05909642655788189,0.06437282179814531,0.04437339731684452,-0.00256346281774711,-0.061217278129736624,-0.1068958857223404,-0.10803136438595311,-0.04003988869506035,0.07616134489487496,0.18604196223223107,0.2690853229583188,0.33653980383597487,0.390924215132108,0.42170547007690223,0.41953205851772624,0.36565747128306186,0.14704066003460128,-0.4054984579237624,-0.6184159120022402,-0.6145938423304566,-0.5777979456147064,-0.5390445618360326,-0.5129298564376408,-0.5013563922286864,-0.49089635630866935,-0.4610001652585355,-0.40169419568686066,-0.3248829816173114,-0.2696228668403171,-0.26687690693549604,-0.2942757740458747,-0.3102445388759906,-0.29623175558668813,-0.2504895772280946,-0.1762216771916735,-0.07077909707136257,0.06490097660091422,0.2107130108581726,0.29647257913168795,0.26546606511009185,0.14643278912795266,0.008712881740260995,-0.09509192903873173,-0.16057007288100564,-0.21890643849641672,-0.29789218572662557,-0.41064979856062295,-0.5654925387649741,-0.7153955857909103,-0.7994384080697584,-0.8092572011861896,-0.7256554135535584,-0.4437420017636813,0.10204509016001508,0.5068941738806447,0.6503117735260306,0.6622720344451944,0.5917744543905192,0.4477635423324223,0.2358141060810036,0.009503509638796145,-0.1582100185443871,-0.2463832123297958,-0.27762548651199265,-0.26496680766241126,-0.22401113060828437,-0.18076088655824604,-0.15459152248802344,-0.15714373252738986,-0.17670662437023862,-0.1794489076394235,-0.12090823133675345,0.0026353454788493897,0.1534845109461129,0.2523022215035353,0.29259933770976926,0.3160401133645931,0.34942084348735347,0.3943311434460742,0.44005807862857965,0.4709579125570595,0.48027455486996984,0.4687339031706128,0.4367539414821018,0.37466024559471944,0.23868020291615571,-0.06385672755260692,-0.41417850401121054,-0.5488914111643327,-0.566543671018466,-0.5342972534269728,-0.4851164198668592,-0.4398337339772251,-0.4336520311885262,-0.4725963976809599,-0.5224647224214,-0.5584248256497736,-0.5788318272314039,-0.5875945014900816,-0.5887408018349296,-0.5828427891130661,-0.5661450025842677,-0.5353192292687783,-0.49336528436881183,-0.4403905889568358,-0.3603008060118251,-0.2378483412772908,-0.06873017968188375,0.10767893984588962,0.22872176944562825,0.28011614163933224,0.2883177417121354,0.2955476050434029,0.3339354403444048,0.4189308269295877,0.5407281075807726,0.6264245085025858,0.6072651832965665,0.5294911994766037,0.44134239660168567,0.33643588543039654,0.1756731085547648,-0.09499334487899472,-0.4325645168990844,-0.6353015756548901,-0.6808007013325499,-0.6098690088253219,-0.35841811197611845,0.15996035301769132,0.5737903976958838,0.7302837953676702,0.7820456311940567,0.789863283638661,0.7684109866309212,0.7196017374395446,0.6643241259274999,0.6350342843658981,0.6121310920924916,0.5319878054952051,0.4100340472439169,0.2849605216618473,0.1589854751135495,0.03146776791648352,-0.0795737225240982,-0.14593144381501827,-0.14976628917339205,-0.0896590568454753,0.01357269337425647,0.1091328733265566,0.15245750711734826,0.14664033020498374,0.1250234654213919,0.116743174285277,0.13170509971652267,0.15210195261497378,0.15069040916453533,0.1195246539888455,0.05865117673219245,-0.025547849548208434,-0.11398054227936683,-0.1814788190788794,-0.22645937383069367,-0.25824849524495874,-0.27696191062728026,-0.26980295326029785,-0.23138515531280807,-0.17676193597565523,-0.12563654857158596,-0.07396588088171115,-0.011881439114961416,0.0565758231436007,0.12202903562631921,0.17730793537334238,0.21301219443962688,0.2201671972610173,0.2008754643618699,0.14396259139601497,0.06747009699185681,-0.01119714586552061,-0.09418244124410423,-0.1760972098406865,-0.22564090711549142,-0.21280115992007206,-0.12837847882282435,0.006473572695124204,0.12875243375715548,0.16436720827049878,0.016431937201983958,-0.40548842923703105,-0.7370066955387609,-0.8452532719520309,-0.8829175687461186,-0.9006902715491678,-0.909006467317659,-0.9074236895586006,-0.8787876552315469,-0.7236194937860545,0.19729243087253343,0.849709329898008,0.9368265866770493,0.9501379100775438,0.94299375825647,0.919988499461682,0.8740049556479415,0.7929897303425015,0.6587122688335397,0.44890677228634873,0.18271315598773197,-0.042956618401626345,-0.14172043548340713,-0.14780301842405202,-0.12891009960933972,-0.1384928171043179,-0.20697356627582697,-0.3156164838128676,-0.4166746000126429,-0.4966814344027671,-0.5279562250363609,-0.517744427429034,-0.4839263856830343,-0.43378284320627014,-0.3627127310661791,-0.28548521434386415,-0.22467417331344314,-0.171976987170193,-0.102806518356405,-0.019773655488598333,0.05759176693645443,0.10630448882986787,0.10261026414848666,0.03293383571708795,-0.1209606666999767,-0.3150647182417083,-0.44565620955828816,-0.47600043833433925,-0.43280606235710833,-0.332050760538184,-0.2034571661588584,-0.09547946807091026,-0.05735288464004606,-0.1279084244909684,-0.29668115785705373,-0.4436422138600427,-0.5160377240400988,-0.5385391905514798,-0.5401632825063389,-0.5471954202581094,-0.5441825454078985,-0.4727422313213339,-0.3800807426533975,-0.3260007978556914,-0.29944993554528276,-0.2677097821674222,-0.23248027130737456,-0.21474478484548154,-0.23605352704231028,-0.2782409395449594,-0.3163854889865597,-0.3364382966773528,-0.3221650734707299,-0.28150595195481226,-0.23131182142510967,-0.19680077509386454,-0.18401660146628107,-0.15065877932237962,-0.06923731592911421,0.0721593612760178,0.2479492766918716,0.39844823191081186,0.46966542611421624,0.4483342859826131,0.2796704840809489,-0.09812095611685734,-0.4388633289609969,-0.5864742449735624,-0.638434210111521,-0.6578300274113995,-0.6612690643262157,-0.62477139930201,-0.4763817061203609,-0.13400842173820152,0.25983293005205277,0.5089534340611235,0.6288171903654118,0.6588257051951782,0.5899938876595713,0.4300427658874335,0.2161014185320977,0.01931780596359392,-0.09980969229397797,-0.12735568088632035,-0.07637632499865606,0.025946981124136653,0.11612212336361996,0.12725178610756155,0.05339660121337882,-0.014926271838372982,-0.03126930703168396,0.0002407918115535518,0.07902000892978556,0.20010664002223763,0.3220378701950412,0.40169843375745173,0.4300808772941961,0.41498047479472006,0.3592989948257303,0.27201640812336303,0.16888978983995145,0.06274249070167201,-0.03159430441871297,-0.08282015812560913,-0.056426116660628516,0.07447564691203057,0.259939085908263,0.37378665132995637,0.39788284572272586,0.3846678287150444,0.3667101404748756,0.3534848910135459,0.33708438915993355,0.30224529465151434,0.2252073893824963,0.10062028881891821,-0.05295514081439288,-0.19054487893308308,-0.2718670845658647,-0.28391114562910735,-0.23699809964752203,-0.15541804846228283,-0.07030238931773065,-0.0072851568687832095,0.03307374243458408,0.07773787659592285,0.14524423334629957,0.20955326651661355,0.21792319335983212,0.14599460857794208,-0.0031053246969333192,-0.19593471891071337,-0.3497286795887549,-0.41945591849560915,-0.4155181205178721,-0.36034148772043234,-0.27776109775706004,-0.1868812216904779,-0.12107778544299588,-0.10399010150361121,-0.11522633662253332,-0.13737968129083314,-0.1568080585795707,-0.1650123905028145,-0.14708251487061008,-0.09338549389515226,-0.027298743284463068,0.022259907808602004,0.04800736186500268,0.04331747041716739,0.013717579271320657,-0.008389661570815396,0.007293745733362215,0.049538953965663504,0.0853238742863244,0.09211215084210837,0.06506037242033842,-0.003023184069711942,-0.08289237671783328,-0.12789051723619824,-0.1570527301809655,-0.20654251018075714,-0.29094386068263933,-0.39064540714245855,-0.43404543804268325,-0.4121579454981647,-0.37001190263089795,-0.3284799878197451,-0.29143370520944595,-0.25595370821015107,-0.22425742620377323,-0.19825778010962977,-0.1783471627845287,-0.1399371027678548,-0.0405952870259759,0.15772828076020473,0.3986351616154236,0.5626545008149707,0.6298177047575546,0.6351090604017297,0.5923925745800234,0.47619102784320844,0.22999260575962138,-0.09849807054054849,-0.33483989640813105,-0.3975413577406106,-0.3278117630005243,-0.21365744589933583,-0.15006471578488237,-0.16469160316045536,-0.24082200739816925,-0.33528242707273803,-0.40120243039302267,-0.3881578643317969,-0.24809757279583683,0.03398713946613947,0.3161663151737787,0.4524665724452581,0.41677509412261227,0.17121190410924725,-0.12782086216733426,-0.29706829934634793,-0.3772739934420212,-0.41927012264038305,-0.4341701855554034,-0.4246012077671893,-0.3904811815479226,-0.3374312122406578,-0.29349699578819266,-0.2893128267771749,-0.3205067739210563,-0.3475291328719635,-0.3435189988041664,-0.2887704089910917,-0.1894661827893176,-0.06447603242350054,0.04390050341040509,0.1074683591880633,0.12372679163342443,0.11996182525696247,0.10488541708569366,0.06421397580086492,-0.0037244058797636904,-0.07803414603702467,-0.1394470737377423,-0.18554804750149984,-0.2155535540983679,-0.21841486555909717,-0.17239787163704476,-0.07848650468768209,0.052322593219323914,0.2024191552059203,0.3355186090749435,0.42023977977017013,0.4337986547404895,0.3308674804087131,0.08164063103167873,-0.15071215640125749,-0.2567442613232938,-0.28476431881067427,-0.2763919817874383,-0.24174237888226835,-0.18607067887462633,-0.1122103069991727,-0.030160696169824495,0.041029033730327916,0.08999576790407368,0.1353004879584574,0.20502219931776938,0.2556384281707103,0.24003606375993353,0.16701755422112227,0.07413183609759208,0.008454882873112536,0.001984221694974162,0.050641442909477606,0.12621558067146163,0.20508792207549403,0.28631921412173816,0.36571572236264227,0.42753931959454994,0.46570594911450375,0.4799568423864203,0.4692500937468946,0.439269424409674,0.39430627973976784,0.33324821312093744,0.25777433597756566,0.18837695882072533,0.11574041160805242,-0.0194364499309932,-0.21163394622534676,-0.34279736300557023,-0.3746860389229258,-0.3419643339957039,-0.2669494845827352,-0.16473524094398126,-0.05584603682046445,0.03622379561986723,0.08985181926119369,0.08660975835312541,0.008749937176014052,-0.13907798422808887,-0.28379328299439044,-0.370409002488826,-0.4026147007558353,-0.3992231564503286,-0.3705644756267432,-0.31902567921926256,-0.2468070795525371,-0.15823344404939113,-0.07917913244275275,-0.07746775259994282,-0.1683486029341742,-0.2800822842290113,-0.3604959383223287,-0.40394895250690366,-0.400817940084658,-0.34356022810068876,-0.24647840667427973,-0.1412051728725069,-0.057598233971922874,-0.009772287140030627,0.00443599003021946,-0.016514300782556744,-0.0603845263334242,-0.10706551428930776,-0.14902164404712584,-0.1875737615778816,-0.21847486305992808,-0.2286796924410519,-0.23544943138208058,-0.272234972902676,-0.36095829005825414,-0.47323675437912677,-0.5542007090123756,-0.5631335257928872,-0.48724984554335227,-0.3091446278908304,-0.03535336101878236,0.25297599712570035,0.4627276259485533,0.5863588213581855,0.6542241581919032,0.6825745912658425,0.6279953698905941,0.3481971369424067,-0.025125421286032665,-0.25739032024205455,-0.410461279524607,-0.551310837492203,-0.6847875411944304,-0.706113914435796,-0.5291245863678533,-0.2195713618315817,0.10350748915536492,0.3135432932067044,0.39971010125907824,0.4114527203519911,0.36934366111683214,0.2854234883493751,0.1848089404509477,0.1051239507845021,0.06943913871398258,0.06832946703100837,0.07576257129251954,0.08800874285254152,0.10912357208364998,0.12426692533337207,0.10817009752630774,0.045357753341293675,-0.06727062826217572,-0.19360571816971148,-0.279629304440578,-0.29234916039723047,-0.23509545214934605,-0.12249631133490152,0.013084111598400911,0.14094280715601307,0.23890201020316312,0.2995778073186923,0.3220434522284169,0.3152496961556207,0.2891862052242288,0.24470581042513567,0.16642191734681128,0.031046291967118497,-0.1730178575692978,-0.39406252658747387,-0.5441384460210847,-0.6270501255401114,-0.6674865229782664,-0.6670225331355812,-0.6020162594770387,-0.46723687250280777,-0.320274644889505,-0.22595636720933324,-0.18214983012592514,-0.17670057126200167,-0.19021190952384767,-0.20562888720277464,-0.21499192871745895,-0.21661534692820084,-0.2095686189090887,-0.18610267526831215,-0.13216328269660818,-0.060102910349203426,-0.015310930538521469,-0.0188114578353206,-0.06328868707861321,-0.13300948396220488,-0.20532802760640945,-0.255768665789182,-0.2744172970220447,-0.2804784215170268,-0.2986806926146178,-0.33449465302697373,-0.3725575588330843,-0.4107490102994615,-0.43535865126548773,-0.4327855968081239,-0.39738119805065797,-0.3282165633886877,-0.2352077764621412,-0.12899051738262488,-0.014109145120141473,0.10854673763492317,0.22514991959708164,0.294156151484041,0.3022742493878969,0.2926511692325259,0.3036188548531364,0.33952961908148416,0.3868851437227072,0.4282736024663029,0.45795528843716077,0.4806956865872596,0.5069437666452948,0.5289155794266732,0.5299507207813615,0.5019086079803436,0.4415564869347424,0.3359472091695092,0.17317539898824202,-0.023634046094882583,-0.1516968859743187,-0.12597104833470407,0.009354666903454281,0.14033154330059408,0.19303960501002723,0.15520245151277248,0.06271930379901848,-0.0353615512320923,-0.11435226394455003,-0.19556445645239617,-0.34883301274700523,-0.6120041920637478,-0.8362404735878272,-0.9320218421092481,-0.9611589844952817,-0.9677641553054246,-0.9637280952484262,-0.9470745871786171,-0.8911208542573018,-0.5310597189310644,0.7530793121252618,0.9550142115417479,0.978035665343642,0.9804460149938887,0.9777594883890668,0.9720490914308221,0.9557240190309995,0.907434120223575,0.8153144526770343,0.6969612755570993,0.5248515632310771,0.17052048068866413,-0.19472466975067723,-0.37698639736181944,-0.4662132519669561,-0.5151022361593117,-0.5390755109847675,-0.5419959392677568,-0.5198858626724585,-0.4601348233805425,-0.3518136601092086,-0.23636346443505996,-0.17206671766836115,-0.16188800667778272,-0.18265690166241114,-0.21021582278587786,-0.22202973697693834,-0.2060314233628693,-0.17169035022888876,-0.12845256012116318,-0.0866174798809739,-0.04986918580124567,-0.013159486476312156,0.012697026774789255,0.008868343392077494,-0.03130283837452477,-0.0939564882681456,-0.13836589967499824,-0.13363139587257927,-0.10414234303290706,-0.112575826247083,-0.22318144659784667,-0.4741853713053042,-0.7454457313704067,-0.8757067166295837,-0.9211436711688462,-0.9483368394876408,-0.9611073296285519,-0.8857490757369029,-0.46976632268320845,0.12956028109536744,0.4491544396773052,0.588719745009088,0.6213410557896403,0.5233548843062106,0.31629940634875686,0.1240316836921889,0.022077098390517108,-0.010301468973037608,-0.010697387544388847,-0.007069222673815298,-0.005835269945944199,-0.0004996617158875969,0.01863310178897326,0.04288551558713681,0.04789422648885514,0.007302495752165516,-0.07296978593042341,-0.14551305667105138,-0.1819822640137396,-0.18949971115102324,-0.17738689369711613,-0.15430045024072137,-0.12088702516654275,-0.06458269634905854,-0.01886219912742663,0.0014130734713371812,0.014601847262287013,0.02554092552017135,0.04009434775842746,0.05915546529635215,0.076685682604631,0.09384300353849828,0.0926879891250194,0.06164203037758157,0.00971401925102584,-0.029025038118771197,-0.04819163244109675,-0.15003000915621117,-0.41038122023001194,-0.6260384083122815,-0.7178842709419672,-0.757814283674464,-0.7821672783019159,-0.7987648108606485,-0.7866471585193466,-0.630365189790313,0.01410155156535705,0.6018720095332262,0.7862873039097894,0.844946895029077,0.8528406664865598,0.8180995070906207,0.7148251236068992,0.48672259904719856,0.1311072659450714,-0.17369098887365172,-0.3034658017068868,-0.2755489546123604,-0.15152677749625346,-0.04131292428475749,-0.046332783068162374,-0.17211118892639243,-0.3536870237643592,-0.5017630958605109,-0.5805567445114579,-0.5926088033040441,-0.5313279589184203,-0.3698861777271661,-0.1219255406668524,0.09600835211007124,0.2096019072153745,0.22953845707413842,0.1827704559943563,0.12880782264572369,0.09785189084128779,0.0582700456597862,-0.0171708674392023,-0.1513398791273245,-0.3207019493611438,-0.46571616706535723,-0.5542974175872049,-0.5845756290004953,-0.5078431656516443,-0.23249420987145814,0.07630483747196551,0.24867895025525044,0.3351596413924264,0.3635516265944394,0.3284096244498464,0.21756525550396394,0.0596117137357217,-0.08346158386094664,-0.1662957548346573,-0.1721393249275187,-0.1146773335339441,-0.04060455956613375,0.023415417011945047,0.06178190807939137,0.06086230013288202,0.004723189724661829,-0.11497094010534549,-0.24622705200586645,-0.30805618119415507,-0.2534136314696889,-0.08880262933813776,0.11615458898249176,0.2570046382324549,0.2823832127913025,0.20524577786746723,0.097107933642182,0.041799142106019184,0.06556952824598818,0.15250340537044918,0.2695500680899824,0.38135218615532773,0.44270816819123865,0.41138360158439596,0.26553136567394753,0.04505562553463529,-0.1603741590925121,-0.3127445804758399,-0.4314669403043863,-0.5238650070471536,-0.5831426647267959,-0.6168885051940695,-0.63300800178249,-0.6350998622037888,-0.6170701603111513,-0.5637997212918237,-0.4420030713001313,-0.2193459445620484,0.05462400284350128,0.2602377073645417,0.3634154720824547,0.4018894049224502,0.4192380817623965,0.4388445483175204,0.4690352355349704,0.5058391169977855,0.5414982767695936,0.5741915925304713,0.5865610806854492,0.5467182326771728,0.4161021113973214,0.1199969300721398,-0.2187017075595359,-0.3511354051701345,-0.35629793125972714,-0.320937807089586,-0.26174992000470204,-0.16704933160212318,-0.0375797617569966,0.08792194370763175,0.1851697243923887,0.2501372515685466,0.2780780911939463,0.26715058252323615,0.2207504032372328,0.1571615409714471,0.11665263356672921,0.12504501026207504,0.1885955188794523,0.27704798032249894,0.3604308790188609,0.4215605132410777,0.4634465502579413,0.4849592884028506,0.4738084900373768,0.40665628175527757,0.2653380972710935,0.0516025773075413,-0.16096381178629227,-0.2815345035107072,-0.29853671868854303,-0.2352290807791366,-0.10595795788638121,0.07193808547699582,0.2334344191814636,0.31272193628168893,0.2895086617975679,0.12136466849528214,-0.19099302371604016,-0.3724974783820762,-0.4246804412432012,-0.4383524046101495,-0.43554258136813434,-0.4053783018856303,-0.3216985541743764,-0.17203703724547942,0.0006477558240663479,0.12081518645105062,0.16321342903611372,0.12519614422645509,0.0339164061372044,-0.06190991288291098,-0.09073781816342134,-0.030496261544879524,0.07159456179895404,0.15230156745012507,0.20065550442558072,0.22975243690974576,0.24309311188423074,0.23901553948375787,0.22345837483081005,0.2042248599169428,0.1720475924812665,0.11122917875141718,0.021155011576530828,-0.08273734131462002,-0.1693110411186724,-0.20902502602051717,-0.19609035862575527,-0.12943303033644138,-0.021671279611383206,0.07941320163995515,0.11486655286844766,0.05190421273338804,-0.10428151242514505,-0.26873505452741187,-0.3490055875378441,-0.3680306486923569,-0.37057275341151313,-0.37732638455449213,-0.3950213966463814,-0.3977485511933158,-0.29752069710535645,-0.27137081691082293,-0.3178645094832746,-0.39484443916214657,-0.4886455719288393,-0.5740987533119891,-0.6288284241457777,-0.6182801407747565,-0.4884535371975139,-0.3215997366476561,-0.25916757751201824,-0.28837971531310486,-0.3781621238628335,-0.5384777780914742,-0.7399804951103558,-0.8303313935316934,-0.7565798167608551,-0.5304772925227801,-0.06025612110878617,0.4776608594939089,0.7362089861853549,0.8190566668300311,0.8314119392537173,0.8030123878441421,0.7329608316680687,0.604245323262505,0.4002884878376072,0.1451548131558469,-0.0769627796766965,-0.17637208308642546,-0.13768980611839826,0.019912181976768802,0.25916130579575014,0.4838216012500695,0.5832377531341395,0.5095654077129914,0.2842877232662701,0.024240537221141424,-0.14747284913754516,-0.22451119316745202,-0.24557025561134613,-0.2501034607362831,-0.26601006904340657,-0.2999565517888183,-0.32796078066690887,-0.32297670276760654,-0.267742605482053,-0.17151326258718272,-0.08619772866458947,-0.07751869128907787,-0.1982574091900778,-0.44624829247630976,-0.6566907039171607,-0.7434271229210708,-0.7687325445313538,-0.7701136881765908,-0.7521562924595353,-0.7002487383436122,-0.57480927200075,-0.3260806612166841,-0.03124491056009935,0.12578903631862928,0.1132943905480918,-0.01686498119480443,-0.16080985757567745,-0.23555615184344278,-0.22802888033110366,-0.16493309064933623,-0.06313705327942537,0.056216960264509015,0.15942108769893545,0.2032247148056797,0.18775367969516585,0.12703619974386404,0.01692635408698607,-0.1469464860118458,-0.3459673221137837,-0.4956717453577297,-0.533691817170587,-0.4654851636249728,-0.3145350217728945,-0.12993584065348476,0.023421115326245856,0.1356081605676415,0.21634397242725628,0.2691625995883507,0.290080657821913,0.28397570389705984,0.28286362829151895,0.29694602627743427,0.31389296564283214,0.3110114967484649,0.2990982480642672,0.29137512760083567,0.2756155354573835,0.24644838350273057,0.21646021325762663,0.18580752374989384,0.14059120149211482,0.09228319668280073,0.057000719996520496,0.05848685236545272,0.0998372429182967,0.16269499400215517,0.21385111439711854,0.22799314259779155,0.20683744882936633,0.16387010124340945,0.10140726916392119,0.0194245507275,-0.0640025814553381,-0.13617351730363841,-0.18418650137219209,-0.20505514589057316,-0.19968719894098977,-0.16711642740901522,-0.12326637410388604,-0.09537352046352772,-0.1151009696540872,-0.2086372973766344,-0.3850318823584591,-0.5670635814331696,-0.6446667237965878,-0.6353853351163761,-0.5841560271593143,-0.5120393655864673,-0.43398445584796425,-0.3683681089700336,-0.3207157070596181,-0.2752390654794176,-0.2218656478541009,-0.17371602815820666,-0.13945420558119656,-0.10817548350607455,-0.04463293853943743,0.06180310146112298,0.1995471290448125,0.3428479596520871,0.4477846966797867,0.484475948756918,0.4451016118011604,0.32913891997705363,0.15619347683453177,-0.012833074261561644,-0.12693075990257677,-0.1921326533972726,-0.21101618742038153,-0.18542696202472772,-0.10747431679886237,0.019987840444712923,0.18607722300527182,0.35338646957170217,0.47721982084296344,0.5390156956417745,0.5556853815494579,0.537663666815149,0.47591102686174674,0.3730799113368676,0.2380691439406259,0.1163249877098718,0.050358633608712365,0.05050950143559591,0.09824965017988696,0.16782852367786363,0.2306680830884149,0.28324656028077944,0.3337850170916111,0.3844126068252958,0.42271935514128633,0.4335663106752833,0.40481244673504696,0.3255626858468994,0.2043966589317567,0.09086742095167266,0.03454992461548158,0.023147450696220654,0.019943488167209006,0.006088261539349663,-0.005057863363381706,-0.00020343344357769456,0.013507623423325144,0.03731546503142726,0.08239764991335567,0.13456830273342507,0.16255643071909456,0.1358473892638704,0.038435737004867986,-0.14026329804294188,-0.34362792825699345,-0.47541090595578456,-0.5296665082590851,-0.5370685286266309,-0.5078979640384146,-0.42809048557369134,-0.29883988866180305,-0.16249242493028832,-0.06926148710871265,-0.016433792252301998,0.04476573928241733,0.14256258253896104,0.24381783382884062,0.32000558213588376,0.37325824149705117,0.41134760942238807,0.4402860520526716,0.4656268226416032,0.4894272156627717,0.5096567545909957,0.5152819071595731,0.45816958752051407,0.10495414124570727,-0.42165235864319495,-0.6058162387030854,-0.6623973432924163,-0.674238843947663,-0.6605420021269474,-0.6224090195703698,-0.555593969400837,-0.4492374948157488,-0.27938229790537794,-0.07084183803692312,0.06059131637742747,0.06239353304658455,-0.031609115438838216,-0.17081626991065355,-0.2833524007218441,-0.33476900657522957,-0.34315740068259826,-0.3276488719597279,-0.2937019165806091,-0.23028873285786342,-0.13893267816333707,-0.04187407858106451,0.013710431777204395,0.0043780936277175745,-0.045177350654027136,-0.11006085311522226,-0.17665767452365239,-0.23344844200273146,-0.26561421842962746,-0.26671603089520124,-0.23171284155011856,-0.15411545820026953,-0.03545929898918405,0.08281083133054518,0.1599494746224639,0.20277117588721658,0.22802879590070213,0.25620581927182046,0.31064601148654614,0.3964025535135269,0.473680197425009,0.501385514368657,0.4878158919971101,0.44247444209289166,0.3513615508741931,0.145914633201295,-0.30500196024892057,-0.6577526010126478,-0.6881163864711206,-0.6586055533189783,-0.6297227075604506,-0.5937153150899197,-0.5314297474614637,-0.42598854691461074,-0.3125000841825733,-0.24599297577160542,-0.23607981291943778,-0.2528058399145882,-0.25790205304004504,-0.22884438185531897,-0.1594808634169237,-0.07212519939856261,-0.010259422546296715,-0.0024484388886372695,-0.04399560707853894,-0.10067151972764422,-0.1610774485833879,-0.22810342279028856,-0.2994251956800349,-0.35601854793449195,-0.3744891161960504,-0.33527883489193777,-0.218906656670404,-0.02712295721071547,0.16884300680903583,0.3040454475766551,0.36022014500178634,0.3575877126480262,0.3162660702840565,0.25114000145648224,0.16256700444656672,0.0798546787128435,0.02069643420076012,-0.035237357276859615,-0.09733850135832939,-0.16298038947579893,-0.2082477196226517,-0.20384500008697473,-0.14206617017973355,-0.059704681890129195,0.026652975992334415,0.12349393108358277,0.22728384317636363,0.3137214043760821,0.36091936711741174,0.3681709277608742,0.35006495826961087,0.30780200863725815,0.24977487850129712,0.1942195759179774,0.1567608028619649,0.15415195534147613,0.1896060593166263,0.25194857012235056,0.3064884416259463,0.3341185000235998,0.3477127194818202,0.3503973327198971,0.32586616632288173,0.23015169221933904,0.0692418704175285,-0.0809501421911618,-0.17212627038778572,-0.21843885192543935,-0.24933266403718277,-0.30664221251769097,-0.4181306984269786,-0.5589678852441002,-0.5858304483536992,-0.4390028750460415,-0.24171670198667317,-0.061624569702148024,0.09271059572887018,0.21357572926200485,0.3032051331995131,0.36200826904969324,0.3899129660592146,0.39224067474559915,0.3729181044209272,0.32523645674655116,0.25617021980133303,0.18972450692221188,0.13486761028000746,0.09761221075862828,0.07870016635716644,0.07508075481539392,0.08073173038573508,0.06904953797253108,0.02968075172928083,-0.033265136471839034,-0.11660201359176482,-0.20510854680990154,-0.26627693165905936,-0.2913409321914022,-0.2716965457794027,-0.205447653047133,-0.08771792393216521,0.04504963977882523,0.1326662326456334,0.15844516480302062,0.12399031392104806,0.04289008989787094,-0.06320998737053206,-0.16298080974050969,-0.24298009870904297,-0.308883528001022,-0.3660251907968287,-0.41524182862310816,-0.43994018760036524,-0.4462774609801522,-0.4415668784115949,-0.4262363835406854,-0.39778173285631235,-0.3472494246218707,-0.260142234942491,-0.1418024324935725,-0.045603937323637614,-0.03461253416589138,-0.1160645212479722,-0.24044195977230726,-0.33142279747129233,-0.3466454510976861,-0.28118711653693823,-0.11431342367831175,0.1206019783062502,0.29584097247789054,0.36605299873785907,0.3602401929979102,0.2887311780920304,0.11242519496725564,-0.20109716785442108,-0.4737559140322391,-0.5676665853536687,-0.5799412400098882,-0.5798144551093934,-0.580185435046511,-0.5630672698628355,-0.4841502442701279,-0.3372780821664213,-0.18112588189014742,-0.04647313675046194,0.07669144990932754,0.16127914359569218,0.20365038184065778,0.21832385399237791,0.21065744764380043,0.1746887030819199,0.11745074895340371,0.027855294310772504,-0.06221163433605449,-0.11369440519792977,-0.10500144623594654,-0.04905732678184999,0.03612514992417131,0.11718656186435823,0.17059019426224636,0.17446568700431447,0.09366187312157002,-0.06718852085291668,-0.19804007346689498,-0.24497538279011274,-0.22933710714412767,-0.17263182474914712,-0.10683669210817913,-0.04501308736049252,0.021012472641733407,0.09382452739478161,0.16206203081749299,0.21499773258381655,0.24081053087543874,0.22623084048613612,0.15183361152540215,-0.016269051254116453,-0.2597713866878841,-0.4401942833227155,-0.5204322956713444,-0.5041351887774734,-0.1600561503123488,0.13577950434242966,0.22844886842662038,0.253693086613849,0.25923969900912025,0.257759663311614,0.2411153342356603,0.17364768277751838,0.0013391304288399083,-0.25277220422084135,-0.45565990881319374,-0.5690735168060307,-0.6305966052371654,-0.6628550745140346,-0.6618023204407038,-0.592759009350667,-0.3489598363722037,0.12311897818888941,0.47375977851889917,0.6365163867425834,0.7238502181293769,0.7633269877219493,0.752158826592161,0.6971563376911123,0.6276653433528073,0.5616982897523469,0.48223116354406476,0.33666825448568766,0.1133587043293655,-0.08371674161312283,-0.2092918195936641,-0.2856742129111826,-0.3313392158098563,-0.3487800226410471,-0.33411757111585183,-0.2868425694487296,-0.2237773632994203,-0.15919596587061052,-0.08708277620529449,0.001588114818617775,0.11582381398431855,0.24604565851335597,0.3599924420591155,0.430148788061267,0.43611901883007315,0.30463650070315,-0.007018334918336631,-0.2741644727413248,-0.41842417851770775,-0.4952323024578491,-0.5482230709100308,-0.5970014292781763,-0.6211681802471456,-0.4744842945373418,-0.1484994044348078,0.03218663376289307,0.08406556458796288,0.06786131009908496,0.027730664406860367,0.009760808879461274,0.03447418452582273,0.09256708839358,0.14185376684719073,0.12629865216762237,0.024334670199113798,-0.1056586030889616,-0.1825766678732508,-0.18424929306055238,-0.12792692451509913,-0.028504033902746147,0.10715797070074408,0.23357765314760046,0.2990498670398887,0.2855568695471427,0.20666155805774328,0.07784066657974545,-0.06494512869039973,-0.17870996239200374,-0.2500657978141482,-0.28801417450885797,-0.30453771602633334,-0.29400992536943915,-0.26194320442417307,-0.24428555257332296,-0.2944727782061022,-0.4213540363193206,-0.5432763074098685,-0.6195524263039879,-0.6520052048770097,-0.6370939254440267,-0.5920280243758174,-0.5349327117940966,-0.4761945424658909,-0.40001975243117,-0.2634313686028915,-0.0002682337007237183,0.30639897077524564,0.5078828416338502,0.6308124265970401,0.7050083865277631,0.7317384820588483,0.6911599446450615,0.5701988448044654,0.37236155426883066,0.12412356192379163,-0.11141910824509088,-0.2845560787998791,-0.3852139051851833,-0.4251812539184283,-0.4216179743417848,-0.38217337235333987,-0.31525170085105,-0.24317939472695324,-0.2077707971877566,-0.22972781719566374,-0.2948446421881247,-0.36161446803351677,-0.4023446163666206,-0.39301803789641265,-0.32266173486798044,-0.22002605778031278,-0.1612186032397758,-0.15444158373310804,-0.1674893139442378,-0.18558666157663967,-0.1954650678994067,-0.16510571665334453,-0.0649192299210117,0.09688627887402798,0.2859380549836107,0.4344963528980313,0.5196640115925589,0.5506890530792552,0.5385908969160189,0.48557930847671804,0.37681846102682787,0.17395669426881985,-0.14422226230792223,-0.4092826784921443,-0.5094286794792471,-0.49379252436676085,-0.3954862114697011,-0.22772087398674062,-0.0642211161273885,0.025305077163962107,0.04767044343581506,0.03201024727642335,0.0049187712090957205,0.0029729574397615336,0.02740523949841369,0.05451589357057238,0.06174194215073067,0.038806518577906755,0.002172305664144423,-0.045554391695711426,-0.1001170223372772,-0.15794809240851287,-0.21050487860909844,-0.24053600019761281,-0.22560992486381393,-0.1246032324558862,0.07381194207911713,0.2750316230551525,0.42223177693639175,0.5279739908846277,0.6063539491377498,0.6498428634880149,0.6063509959396358,0.43068804746326694,0.23199210746928803,0.10054602324722961,0.023575792942258172,-0.026987587025076493,-0.07191927727121937,-0.103823250050625,-0.10550833466410225,-0.08088660965829816,-0.0433498636054029,-0.0039022476435232986,0.014585097369831823,0.0002802658200232801,-0.041661840350502626,-0.09769714444844636,-0.13002715988242278,-0.10162254446135732,-0.0037248346350953394,0.12739071011398362,0.22675787400031994,0.2711944927464392,0.2715216441335829,0.23835129210851896,0.1812085747693587,0.09763261816607273,-0.03266477266703201,-0.16355581295791893,-0.24466068512734648,-0.30307126844200627,-0.36621936821419704,-0.45221114300278425,-0.5580247169419328,-0.6463803616546691,-0.6878208572744764,-0.6767700067231267,-0.602922929777463,-0.4263165187113903,-0.09806973543641,0.2825538571499395,0.5074625325028747,0.5876613360615076,0.5951682529981187,0.5573589370814958,0.4798829467458652,0.3408472715754622,0.10625761934996059,-0.2079534903833096,-0.46408167786949633,-0.5846700616674705,-0.5936609982702978,-0.5190069302340707,-0.3845929729216831,-0.2201307681725521,-0.061310594145861264,0.03342278355770222,0.03840020920914799,-0.03488255127366151,-0.14495272077729937,-0.23992061023284894,-0.2621685502155518,-0.2134277379863959,-0.12749589571023257,-0.04283138776589072,0.017486885277591804,0.03784653126493599,0.010454572526270035,-0.06381874660292411,-0.16331010154427741,-0.25583756122843265,-0.3085176443671911,-0.3185251619899939,-0.29372800551557116,-0.23369927695472226,-0.11708799416150613,0.065342262729502,0.261601796085322,0.38000276063768446,0.40665413128325645,0.31290682238508577,0.12551689916178307,0.017973314027656544,0.04495215171601804,0.11300531834054461,0.15791257930346247,0.16385391726148793,0.12933956303114216,0.05280409699732572,-0.037092675592789406,-0.09056630587864936,-0.11047325716156992,-0.11269100387851694,-0.1102774092148008,-0.10254201765702507,-0.09176315305167947,-0.08657254125462092,-0.09458604762851724,-0.1429099845445133,-0.23187482611934504,-0.29035008247574506,-0.3053391997962792,-0.29645330516093027,-0.2658216081412548,-0.2113830558091467,-0.15232684249267725,-0.1384279108321486,-0.19202665523875262,-0.258444488057318,-0.2917512711065594,-0.324530615956105,-0.4067443494320489,-0.5387754866383662,-0.667969861758385,-0.7604751584546113,-0.8134917196151364,-0.836183568489204,-0.8350000825089007,-0.7921256923303238,-0.5484597458113265,0.4903263018642094,0.8899336837759283,0.9487238686432866,0.9655939943143887,0.971902339061303,0.971962566318949,0.9632628352457201,0.9317328857693603,0.8343520152263612,0.6391793962324609,0.45023591150979014,0.334039344165573,0.25779873596577885,0.2004597233358564,0.18007897570370987,0.20943835830824842,0.26054735381273864,0.2815300472165841,0.22299347682904966,0.04286611544911647,-0.2100985730535911,-0.40152676806557236,-0.4926984293873461,-0.5260583808610455,-0.5428701332711011,-0.5723144651653901,-0.6210985808446156,-0.6803507541969214,-0.730614302944006,-0.7554789644006019,-0.7485132113732691,-0.7183775581990164,-0.6751733440731414,-0.6282507103391266,-0.591839974269096,-0.5710666519184018,-0.5480500843328834,-0.50076894604679,-0.38853649528127226,-0.16145479810377408,0.11116303028152481,0.2746547224255959,0.32747528744009224,0.29406772402120857,0.12287123618587972,-0.25330303484646466,-0.6021041857801275,-0.7099436247226715,-0.7185906664572916,-0.7109415969080249,-0.7067913291773832,-0.6757802487100752,-0.5230585787765181,-0.2410390628862701,-0.0468412163839632,0.0009170398313389221,-0.043535591826312676,-0.10392185829410254,-0.10911580175160847,-0.03920462713717929,0.08400558300070389,0.18529878253826687,0.23546446703529983,0.2672234715220124,0.29990066245090613,0.31713380870036517,0.31332691200633267,0.28558654521295396,0.23136400302103013,0.15976564586724523,0.08130265429540888,-0.003130925600142388,-0.08550811778693033,-0.17216647471418592,-0.2724225612291178,-0.38406621493653625,-0.4896347042234369,-0.5652753052911769,-0.6011448445516212,-0.5952552077230326,-0.5362494499949851,-0.3799503561288133,-0.0420186700160626,0.40262229565424085,0.6696817387990731,0.7558794998629303,0.7541295053223789,0.7066663935552203,0.6265318672714547,0.5141288555237118,0.37849200237598923,0.24255498128521227,0.13455625719374464,0.0786056307373,0.07447925404136141,0.12191021907571453,0.20631835183533523,0.28625746957893466,0.32193223409289395,0.29735091359016036,0.22560562667508713,0.12750775101037065,0.023773378408240634,-0.06184158471231204,-0.11835449873483697,-0.12761682582336306,-0.0786003457902425,0.002516305708414313,0.06176513704709845,0.06333040060056422,0.014146071469500124,-0.04376772578231854,-0.07960850479721232,-0.0740052016493372,-0.021708655161182516,0.07518867404329961,0.20953102454100225,0.332959614753971,0.39259859935088764,0.391704708562986,0.3354891800345693,0.19192894993535592,-0.12590288978292302,-0.3766287343299499,-0.40198878554469264,-0.3635498841363723,-0.3255679814792586,-0.31352596578199976,-0.32790079126615485,-0.3442546027977735,-0.3211581350168136,-0.1871368088365043,0.0854301302811749,0.3387200642649851,0.48648401492754756,0.5527949271479637,0.5423596472317334,0.42599653676498916,0.2096543721402235,-0.02078234200547727,-0.2014929414389896,-0.3271376175115065,-0.38637682222889286,-0.3817181573919656,-0.3409482823796475,-0.30508781458996836,-0.29654009583713525,-0.32222645360180413,-0.37574458930825855,-0.43770891337490203,-0.4828355559138933,-0.500918205726696,-0.4961183052723759,-0.4719854108855206,-0.43076424095517807,-0.3770218806140523,-0.33449483172892874,-0.3190689365101409,-0.30159852493173106,-0.26493098279857175,-0.21753457533240392,-0.13880239955460635,-0.02861725275390358,0.07006231278944905,0.11989805756894775,0.10311117839008788,0.026358015274704685,-0.07597156603298676,-0.1529213232258178,-0.1816726772990775,-0.16271740807142107,-0.11069213637659493,-0.0436476366927203,0.021248907572177952,0.059956021438897465,0.05863063345455337,0.033811379601896015,-0.007172609176827949,-0.0385281421838733,-0.04195225230063235,-0.01047358080439395,0.045401763187453745,0.09333938425739352,0.1203103359685368,0.13444804640393324,0.14366050780194442,0.15303124050087885,0.15485362660248858,0.14915388066773674,0.1298342543875384,0.09643294770679836,0.05817930545659683,0.025212215006057248,0.008457552107607241,0.01492882903770303,0.035972960183176875,0.05191521043188223,0.05789093864577802,0.0631366916947963,0.07929562044112602,0.12264153980680259,0.18996517766142387,0.2631628773022053,0.3192742712436234,0.3482558370847232,0.35280995465609427,0.3323861430846186,0.27664839255534523,0.14663409629019644,-0.0877698684877361,-0.3209623893502812,-0.42874698984561194,-0.42217356212796314,-0.31605042256782334,-0.1909306194031059,-0.14116803638977268,-0.1467757158068164,-0.166121824828732,-0.1771268261037048,-0.16871980088598615,-0.1303132712014802,-0.0428832880777643,0.1135639068323347,0.309737324920333,0.4544114094273253,0.5086856768252409,0.4897918188488515,0.4068413117745722,0.24148706670105408,0.02398037940227259,-0.13276627705770377,-0.19760018063722787,-0.21715188836123084,-0.24269088770218183,-0.3007389063886607,-0.3646407916894768,-0.3861343573743896,-0.3592525084072009,-0.31535423751319486,-0.2562413166947939,-0.1923745544319445,-0.14190558072399806,-0.12601723545313379,-0.15413319712636087,-0.21665189979878655,-0.2692791406970957,-0.27009630297710074,-0.21545235269012109,-0.11812271877976642,-0.030166820585003844,-0.00782850162740931,-0.07574933782315653,-0.19640213757318764,-0.3187538597019068,-0.4166088336157897,-0.4552129801910636,-0.3424335735536642,-0.09563780915822799,0.10970489229647086,0.2380573110867232,0.3167304738179632,0.3513488280700889,0.33035233070119413,0.2598445005655525,0.17700595019877913,0.1292377719601402,0.1245221144163895,0.1353451406629384,0.13066198576688517,0.0893302971478679,0.013285955414035528,-0.08719599326973544,-0.20469443636955884,-0.3258711635344143,-0.42603295459864016,-0.4885516576785108,-0.5261023857093603,-0.5615761588077514,-0.602533507620311,-0.6180355168314478,-0.559478791287741,-0.40608503971635346,-0.21403231173760537,-0.0946587792083955,-0.09114436794302587,-0.14975597555106795,-0.2036591357090182,-0.14090355542679192,0.10162240511727616,0.2761095786905676,0.36363512342690485,0.4037567983865832,0.40229256579871664,0.33482372743493444,0.14195820600938658,-0.1327312000238331,-0.30243781588005775,-0.34429237620362574,-0.29659665988003897,-0.16857557635119808,0.026106995945355784,0.21731117544444317,0.33406848886342805,0.3796124765887726,0.3943537313461348,0.4100232668901625,0.43032388636221325,0.4411118874406252,0.40898195495266393,0.30205602935877846,0.0819432881490937,-0.2795963030202314,-0.6442062885025905,-0.8346089402763366,-0.9004400922432267,-0.9174694849380757,-0.9182106385446459,-0.9119953964259859,-0.8951234812692113,-0.8464662775597974,-0.6778830874789269,0.0022044301376506464,0.7428491632080657,0.9134872647216656,0.9538342272155673,0.9646326124965849,0.9627810122548173,0.9484249505420185,0.9110833622527849,0.8198739851800163,0.6113258289275157,0.24761295523198693,-0.13451956925512643,-0.4000164857192447,-0.5432501536251003,-0.5980960394210528,-0.5887700931453955,-0.5186175227302005,-0.3848823188561355,-0.20995048068180783,-0.05700825612094056,0.04349104180803641,0.09526623876412059,0.09733389573320611,0.034422473289823584,-0.10404812782756255,-0.2860567400470537,-0.4155744864934643,-0.4675424062734481,-0.4950447953930856,-0.5277344096127822,-0.5653048125449073,-0.5875726576473401,-0.5691304105335256,-0.49508477953338365,-0.3598169113114519,-0.19928794381210693,-0.06360813064299167,0.008829593593228456,0.027127981079648655,0.011421619322796442,-0.018168362234952676,-0.05061108909367767,-0.0830744916162315,-0.11371214015215585,-0.15115032761370584,-0.20333218317277194,-0.2708357817282681,-0.3333053702309278,-0.3682131521278874,-0.36858086859738454,-0.36828093880118473,-0.4128906589748535,-0.48697907917736805,-0.5383036183960642,-0.5598647717447757,-0.5579843717779542,-0.5423587535313487,-0.5133838768465968,-0.4602177829016755,-0.3490917526434854,-0.14104881393566987,0.1149478796796648,0.28492336934530377,0.3416614209694688,0.32905951035600395,0.2900550982759602,0.2612819282524902,0.292065350399357,0.419830320907196,0.5920720702982851,0.711999876482129,0.7774902934656488,0.8211206489635421,0.8052641511991554,0.3996724880655892,-0.09729783294561287,-0.3163970364401006,-0.41983172415142594,-0.4736378941761879,-0.4985888194284034,-0.5064196443275506,-0.5038144126222962,-0.49154006052723864,-0.4694121604934891,-0.4176895135062331,-0.2832045824869706,-0.08770501642029356,0.03512567481697063,0.06970362719587142,0.040923651814710645,-0.02099145290501237,-0.10651242514701095,-0.1994734060416765,-0.2979290493942003,-0.3961105698507071,-0.4720745820150492,-0.4538699069503044,-0.3020509066964183,-0.10158639945557606,0.07154640734817766,0.18946204966537236,0.25591664661814034,0.28367849897568703,0.2807087282658596,0.25400339236815933,0.20223348379170844,0.11221666632612723,-0.014192604454426171,-0.10566784002228931,-0.06914401642517323,0.11806335699711488,0.3995327684703503,0.5990298780270785,0.6420580200880757,0.6128476727003397,0.5580575786307732,0.46627005154122053,0.2935954379432191,0.00373283066919744,-0.2768483374105844,-0.40621368640975475,-0.4235592594660581,-0.3909380419320534,-0.32098169704942847,-0.19965400601096486,-0.04293867642571994,0.079862654025213,0.1492084088024461,0.19142610056642043,0.22328120422347134,0.25168909044469334,0.27723785826705266,0.2965131983050165,0.29578050111859877,0.24672640785452468,0.11898475624696292,-0.060294348007334735,-0.18768484078864378,-0.21300495726606178,-0.15510091062976095,-0.05056097802434196,0.03559435426967724,0.047954421363309484,-0.021751678323082092,-0.1349557161271113,-0.23579923619067034,-0.2667263230513943,-0.20556237813021286,-0.08973202141596952,0.012590439579758174,0.05710341476697926,0.0022372271288203026,-0.17109385506713518,-0.36604525413320416,-0.4978337051009258,-0.5796056237057348,-0.6208942075258892,-0.4716663628629133,0.6330161142157629,0.7387206901530693,0.7581779985882067,0.7549721090275273,0.7287773724269447,0.6717747200465317,0.5652443841586045,0.3944809184413929,0.17829571114484252,-0.035562055319872034,-0.20801137989251792,-0.33012564064237976,-0.40410235517810944,-0.3958178400901757,-0.281761644518065,-0.11717755648641642,0.030750622751848627,0.1483180697197097,0.22447922339718734,0.2276175755414891,0.13215000765383522,-0.06843556019696687,-0.3320755823197936,-0.5331181668765221,-0.6295670372164798,-0.664017647625567,-0.6710204338554708,-0.6575083222347522,-0.6228589730138469,-0.5833065997752874,-0.5682479175661717,-0.5829185723890802,-0.6010254360586696,-0.5984149257471467,-0.5561882881613192,-0.43989631880296787,-0.20504939710929346,0.1455499411261256,0.427089302472797,0.3929653537296634,0.1041847219587296,-0.15697302958425796,-0.3061304133061577,-0.3601546359909811,-0.35126522112225433,-0.3163889462230883,-0.28537891473306515,-0.27314553311037243,-0.28830929629961344,-0.32651065964871484,-0.3706975340539508,-0.3931429642863336,-0.37031474540203196,-0.27178498493379777,-0.08807036289931103,0.0751796324080792,0.10562784354160183,-0.006255335084148023,-0.2633424312109977,-0.578378268693167,-0.7887219798547246,-0.8857507136456934,-0.9278262281400578,-0.9442420580313953,-0.94392933096143,-0.9239170331228757,-0.8336572804463911,-0.2582511198371321,0.7568968633226141,0.9300908051451595,0.9588583388542992,0.9594298471858335,0.9457340768259921,0.9160082183237178,0.8560224645580501,0.7406799559411297,0.582132071189358,0.47768861254276385,0.4658939637829853,0.4760544692158046,0.4620683143437225,0.4207626037280233,0.35329961947092764,0.250198086847992,0.07854583811175224,-0.1877649463304906,-0.4840717638923479,-0.6831531487732816,-0.7626582511933385,-0.7674445589323063,-0.7106122715634088,-0.5453783430926512,-0.24440478963809456,-0.0031985293892263333,0.08222955585895914,0.04905713683632082,-0.06723776030312366,-0.18239112536676913,-0.21080464377305666,-0.1604500507863665,-0.08589399082541369,-0.03195536714539936,-9.149231901156247e-05,0.015890624364780313,0.023296309857690413,0.028777956458975597,0.0328681298694116,0.02980899207146769,0.015313149146869938,0.004115897174965525,0.01338324422685206,0.03256217737862819,0.019691991536587503,-0.07387427731873247,-0.2676196012915824,-0.4591688318402278,-0.5351729115503041,-0.5102846179850898,-0.4382884040929685,-0.34348095782059385,-0.19877941645285738,0.00192885824325925,0.2099426094314679,0.36483848896145327,0.3978723422631077,0.3289635670279398,0.18720384844415264,0.005224883729355447,-0.18050693579456395,-0.32452182459482304,-0.42293071497528584,-0.49575772282556296,-0.5597791445258585,-0.6098065186263508,-0.6329196892917563,-0.6167111312983525,-0.5173029047104385,-0.23629483814604874,0.13981500315785855,0.3401838674102755,0.3878261294007179,0.3490505202384862,0.21395859075144935,-0.07205249514834593,-0.3876569327804155,-0.5049716035326867,-0.5041856977642011,-0.45050708320585275,-0.3469788709911444,-0.18125747365499553,0.04511696742369134,0.27020771827317147,0.42638742695408216,0.4936049716629742,0.4825121312637917,0.37644905521441574,0.029351147430708116,-0.47896480940094893,-0.5881196657812316,-0.5429547270837916,-0.44906462538331143,-0.3306171676742589,-0.2012713714638195,-0.0826801881496286,0.017019527424609306,0.0969865694405016,0.16406824161412267,0.2123832076088345,0.2320866548418453,0.2253012820688715,0.20011611109373847,0.1533859050878343,0.06790103539160497,-0.0024609958059415927,-0.021505814720269426,0.0014634014263079104,0.05498048136871045,0.11885696559157304,0.17129664732104374,0.1637899136679053,0.08727957350836264,-0.010060988974373864,-0.06737927391412113,-0.060111361389118385,-0.013491719339790818,0.04144745612633271,0.08689062439695677,0.11085240887883911,0.0928889434411651,-0.009576379949831022,-0.2621295967934413,-0.5676151224573794,-0.6633490080879448,-0.6256197790605711,-0.5363513746601651,-0.38490623720203637,-0.06701369011127133,0.4231404880512944,0.6606496935418099,0.7048051412277865,0.7179307412252426,0.7311756913997095,0.7294333484336708,0.7045159384047432,0.6760448994241789,0.6482739407835578,0.6022273131906286,0.4873721181349847,0.22229324696007116,-0.1438959211821411,-0.37501227811615745,-0.46480294123337806,-0.4762372542216304,-0.4266896534530758,-0.31588684935893957,-0.15469136362146663,-0.005054437291346324,0.0374606168543796,-0.024748119595800644,-0.14802304644338682,-0.3210460485573395,-0.5099585694711437,-0.6435126293899026,-0.7098758051183569,-0.7329923960378338,-0.7086732669815746,-0.5600382952991313,-0.160222899923761,0.2674743234559169,0.4802337650611122,0.5601746090434248,0.5878653481520707,0.5909300136281592,0.5648787155063809,0.4912782053345907,0.3623124755829645,0.15595373857631234,-0.18010697338891782,-0.5348583068565821,-0.6819343266748932,-0.6013761723813973,-0.3274720743067215,-0.010951177644071745,0.22246233364895224,0.37717950658070665,0.5070808740251825,0.6758967881039144,0.7767735193915569,0.3367423968739286,0.07601480267888099,-0.038857848283407895,-0.10536522633539748,-0.16019589404403634,-0.22302535564218995,-0.30663503356749205,-0.41010216778943376,-0.5051607432072623,-0.5501703022601894,-0.5281386399426152,-0.4545828205378275,-0.3769743481563463,-0.33468227919932675,-0.3326293823718499,-0.3416712460849484,-0.31945213438935555,-0.22063498193153877,-0.024549337106404813,0.21243266596142965,0.37407679578671343,0.43175984671062856,0.3996267811454612,0.28841012517832365,0.13017105485172517,0.0010700911859463117,-0.05127152653767513,-0.03952950426970572,-0.007736612417926085,0.012473066619665829,0.02195856249818341,0.04479090048087722,0.09928128251281317,0.17133865915595697,0.21979021294226064,0.2098557424283419,0.16537743305865935,0.12004432640997045,0.08801466616704944,0.05886373866979503,0.02769413106816809,0.0008110909885118207,0.0036035639940071684,0.05368576234642414,0.0850062073008459,-0.024802616421332448,-0.30564861191561843,-0.5905740969416157,-0.7594543894150112,-0.8468501967778908,-0.8967219235188826,-0.9262693348059645,-0.9389760101773571,-0.9285381711277577,-0.8517065842825712,-0.39125129377514084,0.5134408906462475,0.8021240912335706,0.8875348984750709,0.9271209650378877,0.9550335333491758,0.9761716845844788,0.9463796275248495,0.6822196803520849,0.28617478450095113,0.09540358879758949,0.07440653841284774,0.1542313600161375,0.28759206291855316,0.4043131707840179,0.43620463150901556,0.3527336402634848,0.1750977106192973,0.019035755964839546,-0.03361925941960963,-0.012881497584714206,0.013601104507325313,-0.0008557299140691591,-0.059698529039161216,-0.13628900277799688,-0.18982092501230574,-0.17581181984793243,-0.0795159358034855,0.028677187820747584,0.09985821692865082,0.1402169788475808,0.15283116132991648,0.11470231447503104,-0.0018643069076875744,-0.16807399284934638,-0.34036215882225523,-0.49918063469504464,-0.6274874172059202,-0.6902732056754443,-0.6358015014058223,-0.46190326464938625,-0.26714677458933034,-0.14312847593853756,-0.09967591486106475,-0.11365515304265568,-0.15908477318260164,-0.20748297445252603,-0.2374577448266986,-0.22909813364304074,-0.17398093027195913,-0.06613552055429724,0.08049281144436105,0.22818988085579114,0.3236005890503368,0.32662885603267144,0.2567267849591266,0.14860497841337691,0.0052069648307976075,-0.17158798674229034,-0.3519656280155761,-0.48975888720017263,-0.5738078296414464,-0.6189133092315828,-0.6239709490912739,-0.5474514085534568,-0.3969337028650752,-0.3041996923355686,-0.32087028284819435,-0.39141584986862843,-0.42594358688496625,-0.3669154483272956,-0.21377019045320592,-0.000983722219356211,0.203007494016238,0.35861994763446436,0.47029803635543665,0.5521293304558849,0.6156054452358293,0.6749408743413404,0.7044610576143651,0.34920342617573,0.014788094707853267,-0.09581553120371288,-0.1406121977635867,-0.17283158874032603,-0.2017055257849083,-0.21922035849798485,-0.22236401698473593,-0.2168700281826043,-0.2136617054775865,-0.2326989116820477,-0.304049682607226,-0.4562470596905971,-0.6204814876294557,-0.6697055222842119,-0.640463128489229,-0.5985095887451319,-0.5783720615903883,-0.6090762668375502,-0.6860713250423442,-0.7475989799010936,-0.7311622322381058,-0.5800308362286462,-0.2914009973840562,0.020636871642484303,0.26492607685778424,0.4275049727377695,0.5315025567197799,0.599290622740411,0.641611600061814,0.6656575114871868,0.6672307483008992,0.6480401995691276,0.610851481789659,0.5475006296263668,0.4516592896230765,0.3197181669114558,0.13313596485036744,-0.1139951505331406,-0.3455124271737375,-0.46640711553694303,-0.478662424023163,-0.4040555046144359,-0.27060134422922977,-0.13038852068949808,-0.023577087849807415,0.04439978655736008,0.08584121763591344,0.12006314707410562,0.1601591435803167,0.22765748540849337,0.3112597249725914,0.31140822427559745,0.33146424694321436,0.3845277091158548,0.42428868152444355,0.411547997600537,0.3400019825247775,0.21800159386376733,0.03950662803864071,-0.19521938324335406,-0.42461448862375534,-0.5646797039237178,-0.6224696829758798,-0.6281909864434151,-0.5474302734705532,-0.18512747381261369,0.22816322473227668,0.3630438977509439,0.3735817191924409,0.3095474847863682,0.1311055864435741,-0.18346007196618866,-0.43067479739126513,-0.5235809774935473,-0.5291193572718266,-0.48582796065934347,-0.40818564782886285,-0.2921942224024023,-0.12295363974635294,0.044901967798524664,0.12338473915685906,0.1008680363661481,0.0028681771175411842,-0.10884227294658466,-0.16881184417063608,-0.17224751550946643,-0.1309726012518219,-0.06615306489568736,-0.023401467611354605,-0.053022539633555354,-0.15636052345226423,-0.25960304777348303,-0.30272024904888767,-0.2717233479060913,-0.17666650005581389,-0.03662344928908273,0.11710340357302801,0.2624163931372415,0.3792004636960011,0.4503044523449017,0.46873369716371754,0.43030155601314285,0.3399314801986106,0.2163884690626005,0.1141666050043383,0.09354584349523504,0.1570612123486015,0.2618224031317937,0.37343510726916956,0.4735792311173395,0.5249158674088529,0.48604998393568427,0.35953645979058224,0.19568574455684987,0.0552760808817058,-0.038239139327669154,-0.13239909874736255,-0.2792743538877882,-0.4285389408763016,-0.5259046335923123,-0.587938445843865,-0.6295155773019785,-0.6529994322146707,-0.642745748172112,-0.535089920428814,-0.2836434829998887,-0.047035785241511224,0.08098089002692765,0.13314180806485226,0.14592613390095646,0.13724880186400032,0.10242982050911947,0.005518600303873218,-0.24696938490390893,-0.6519764642509438,-0.697377806620333,-0.634104477357009,-0.6216315612964725,-0.6637978100192726,-0.7443884923221642,-0.8345854340553018,-0.8956790447970239,-0.8843158464011192,-0.730053944839601,-0.23370369641784303,0.5316275126226471,0.8671587136737235,0.9535312931621658,0.9752057377019774,0.9754873884392742,0.9615835374558527,0.9295385292196082,0.8656666213090405,0.7444227682809197,0.5259543764927648,0.24610245108985182,0.04963031285593295,-0.0194148026424901,0.020053478696142234,0.14880293001229597,0.2749995290678471,0.32568942202542694,0.336472662073021,0.3315636210507963,0.3204313806181478,0.29426351657934685,0.23039226453014464,0.12126395045372178,-0.03275727277500862,-0.20009098285786528,-0.3332191457840817,-0.42589390894724477,-0.49490779457734446,-0.5529897786159756,-0.6053677814902118,-0.6450523453750215,-0.6777391938488384,-0.7032868151566666,-0.7115848997562668,-0.6912186412791572,-0.6300402955286346,-0.5260474511584534,-0.40694089425820523,-0.30131234529265555,-0.2159725195123646,-0.15525170576560146,-0.11673589843065599,-0.08343299897868263,-0.03507745323939014,0.0359224007680421,0.1189041953078659,0.18879871254917638,0.22794548962382855,0.23457252062595044,0.22661307855303947,0.21941862352211047,0.21093813615612178,0.18753841041818417,0.13350825975810002,0.03894539069959764,-0.07136983692431374,-0.12664996124740896,-0.07598171564434028,0.05656390160450199,0.19075517797788977,0.2732483039896861,0.28482932919049264,0.1762355356655008,-0.07269920244822968,-0.28441715407933,-0.3956539125032612,-0.45762096410498493,-0.49410067795638113,-0.5006572031874565,-0.4795531476827351,-0.44888648611791104,-0.4248738166021023,-0.4040442517180367,-0.37123411173440013,-0.3362479290223644,-0.3258690809636459,-0.3507976903576299,-0.37264180015807485,-0.3274146575797537,-0.20390453807595899,-0.09183485835744434,-0.041642272322038563,-0.051429020871853595,-0.13270869969604787,-0.26714022114824454,-0.33950032942424163,-0.32244368019010233,-0.2784031859310696,-0.22933053713087545,-0.1581004608676172,-0.05284354165363328,0.08352115758754365,0.21824052828351875,0.32046509621738395,0.3746850765899624,0.3573024028596535,0.26812240117535197,0.14289745773054188,0.023141464196949398,-0.06959755001007148,-0.1262858651520075,-0.13697412900254452,-0.08010315043167258,0.06680639571246144,0.26133122377413126,0.4202812740183548,0.5168578340367723,0.5326641603819011,0.4010863880150687,0.042812155676004694,-0.2845365885587242,-0.39548561026656587,-0.38484675429996573,-0.33410866355576924,-0.28898338999963935,-0.27301651992746834,-0.29689579047160936,-0.3545133848450676,-0.41778924276155394,-0.4329685156490536,-0.36006651218668934,-0.21510736760715163,-0.057876186832122506,0.06841766410715366,0.1528181612284565,0.19287216865695642,0.20720907209192768,0.21093483803589091,0.2015996252421452,0.15718475243499686,0.05321101527446011,-0.08852925537409287,-0.21695025617310565,-0.29329990829047137,-0.32275242710245705,-0.323874323052719,-0.31072461101400434,-0.2798972295219249,-0.2246282033708763,-0.1424015090345397,-0.04634824340700479,0.04389914119011888,0.11945985325685882,0.17617259370991614,0.21413237441627994,0.2300098990528073,0.2255104102147162,0.20536630741624143,0.17923939114503448,0.1727388791744013,0.19278361456719909,0.23469788637531,0.29467579405767585,0.3636054586054642,0.44020005314815813,0.4984929224566899,0.49151955151979837,0.38514360637939754,0.193253222231341,-0.028015528950407563,-0.22883228317548743,-0.3786698915719274,-0.46840467316574175,-0.48025980203426516,-0.3720270314259538,-0.09439505716275237,0.29059521746148687,0.5828865682720102
