-0.6709353937182262,-0.6035267806933406,-0.5198517544088068,-0.3853591222242278,-0.17070838176681322,0.09366132916629094,0.3238247753878284,0.5011840532657569,0.6457460408307759,0.7548802042337637,0.8259264979199665,0.8610478020860848,0.8713799326558953,0.8730332711103902,0.8799496248857189,0.8988339356977867,0.9252116896190745,0.9495333198077304,0.9665508395606494,0.9744459064267933,0.9741333446457997,0.9693582969697483,0.9650296039270017,0.9646681473153074,0.9707468449886143,0.9789746729696333,0.9850301497722984,0.9886185590672405,0.990982469975638,0.9910766707332067,0.9884071135148705,0.982872533401785,0.9745322880162434,0.9658221683115359,0.964303179870055,0.9717538867723662,0.9802488501005086,0.9780213394135606,0.960695830197653,0.9265220150912838,0.8762188082133686,0.8096180075993722,0.7201656422888767,0.5476534559231641,0.24108367222120555,-0.11633647495398702,-0.3657577924071107,-0.5200256253474363,-0.6145338035397848,-0.6820859242116847,-0.7407638400502622,-0.8012287830695259,-0.8597893454655207,-0.9073528200298006,-0.9388808739180702,-0.9559360736810466,-0.965829287988533,-0.9722041090877749,-0.9757778300635073,-0.9763100781459972,-0.9749750393654775,-0.9725393694895055,-0.9713025151867946,-0.9719652785305601,-0.9745091663206816,-0.9764604745807861,-0.9747634043715537,-0.9667646858961176,-0.9503968518327143,-0.9256117355223964,-0.901891690563722,-0.8919037022943138,-0.9053136267090766,-0.936625697687992,-0.9616438603272169,-0.9532365226251696,-0.9173628500346849,-0.8869050496336898,-0.8758721696149039,-0.8742022944949487,-0.8711240101719661,-0.8661404336628344,-0.8547228945091736,-0.8271003223782399,-0.7801206909777781,-0.7054643378206511,-0.5571508838809371,-0.24279876665963857,0.24933464093409655,0.6314342485747101,0.8187496138257656,0.8940155354760974,0.9103353180107242,0.9083753169429062,0.9116130091160015,0.9203599468772042,0.9127604509996058,0.8640453171088065,0.8008988557329324,0.7672209679017405,0.7733020658754979,0.8093013982800966,0.8608341386827106,0.9102158372646673,0.9449721570020553,0.9645186637141443,0.9740854286833821,0.9782271222907505,0.9793839953641009,0.9787208266436105,0.9772976279626712,0.9754181833091476,0.97179198601919,0.9633418235452356,0.949494913803039,0.932284465143634,0.9103336617741523,0.8806993610467795,0.8381393816436723,0.7781631338541029,0.6965948921404526,0.5978923151686195,0.483856957325861,0.33021212776297976,0.08786985670357461,-0.26069209915917413,-0.5785312410814117,-0.7390023133131112,-0.8008636036552175,-0.8244068887370776,-0.836643166757651,-0.8472528085303553,-0.8562288643918768,-0.863249427827308,-0.8748265829243432,-0.8922417130126444,-0.9144615585113759,-0.9375851920033191,-0.9545434344553528,-0.9618088602997414,-0.9631291000410195,-0.9635027010649838,-0.9677415876360793,-0.9738515411189412,-0.9790808249675677,-0.9810032723405868,-0.9778004572367119,-0.9720823517056886,-0.9667468128031353,-0.9653089021294091,-0.9703257182767719,-0.9779177791892201,-0.982700377742595,-0.9828466578840412,-0.9804382757473159,-0.9790440956290319,-0.9816853785390901,-0.9848128424878705,-0.9845818548683097,-0.9793428144790174,-0.9649910851307806,-0.9335574162539982,-0.8802086857721311,-0.8079288388692926,-0.7209986052151509,-0.6090342854180084,-0.4592501861067722,-0.26946964907990595,-0.04894981452974597,0.18017790693252103,0.39380888629242033,0.5777329509336496,0.7213015979875537,0.8230477605400232,0.8811607055309191,0.8987218054723691,0.883982167274659,0.8689585508183141,0.8720624206344895,0.8909155365611472,0.9118174954923087,0.9275789561142453,0.9402709829652223,0.9509050697941427,0.9585984581603716,0.9641104153826914,0.9654354553879503,0.9607300570603817,0.9496152623731099,0.933555437838402,0.9186988911011886,0.9122336195164726,0.9220593182047725,0.9376020650975285,0.9400583573837531,0.9237007832640799,0.8993870710433489,0.8745594872040469,0.8508940728248171,0.8155797818738152,0.7476192007396055,0.6493411687807891,0.5472275220278453,0.45930430250673876,0.3781023928362944,0.2341661776771804,-0.1910232313524191,-0.47383135683839994,-0.6106015809516915,-0.7257993428660867,-0.8102291402605882,-0.8652121986099196,-0.8941807568792559,-0.9047849064387026,-0.9046094223636003,-0.8989669065393865,-0.893218578152955,-0.892609679004448,-0.8991408557462562,-0.9138988669885546,-0.932462416176765,-0.9483638991059933,-0.958168627990095,-0.963039057979636,-0.9665927886354664,-0.969826304244417,-0.9694025844996561,-0.9616683360908761,-0.9498967565171971,-0.9329934624862524,-0.8979721553497959,-0.8336975242241027,-0.7548970624180296,-0.688790006345305,-0.6463633447692542,-0.6311169504691853,-0.6447581875666897,-0.686573300247374,-0.7537667477060195,-0.8025030631761634,-0.7344232296250587,-0.5490974592435476,-0.32393571526391707,-0.044292209553531615,0.22600617242403762,0.38704827515108975,0.48322233567483225,0.562516155361746,0.6450595417497119,0.7333228679356809,0.8202915495387029,0.8907995394439934,0.9375772548655106,0.9656184263559847,0.9807989596726846,0.9885039321968273,0.9922575210066424,0.9927703001355546,0.990120463296533,0.9863342259477886,0.9832894475888071,0.9839031112618242,0.988098590680396,0.9916424189464412,0.9896967770843283,0.9810016698845248,0.9682147690804087,0.9574853638858173,0.9540687680493516,0.9592502776368815,0.9694458637349797,0.9793758689457096,0.9849928314604292,0.9867783094850775,0.9879140585549716,0.9885522280478151,0.9860513197471549,0.9759307711299963,0.9600544670972372,0.9458769253137544,0.9324749566287488,0.9099567753269078,0.8679274175603315,0.8026953701483196,0.7285043297198662,0.6629674853249089,0.601890909175589,0.5222573853044697,0.37004578087181134,0.039179432429865296,-0.4627248909867585,-0.7875478879287094,-0.9061646554713054,-0.9568487319312684,-0.9808501082709615,-0.9853122570401747,-0.9791423412245441,-0.9741693161105283,-0.9736340653259332,-0.9765965221579531,-0.9809252412619246,-0.9816762569223194,-0.9781538730342136,-0.9718664686250345,-0.9662645969169595,-0.9643553711539652,-0.9675468621556641,-0.9723165314949234,-0.9748142479732386,-0.9738026902474903,-0.9701507068673244,-0.9680857153344952,-0.9715234519535144,-0.9797278564200611,-0.9879120777309054,-0.9881166085288196,-0.9790444102834652,-0.9648676370113156,-0.9399594909508062,-0.8847190796295754,-0.7843184323064718,-0.6588520365200736,-0.5439650351142674,-0.4471626281098584,-0.35261979975669006,-0.2445210709305268,-0.10276479551543796,0.09773042624827925,0.3604727652304007,0.6131530909979481,0.7736796222809001,0.8477804785911852,0.8720125819039181,0.8694566176140622,0.8384342218773926,0.7827137622997571,0.7297672358992912,0.7097221377969879,0.7305059257546824,0.782976355712289,0.8434807481249832,0.8928109421837235,0.9323592555239049,0.963613768966569,0.9813674518583267,0.9836741230494264,0.9731904446607219,0.9575255604980764,0.9432550149466257,0.9299353825668097,0.9117998219615583,0.8888324297422062,0.8654466303283053,0.8463541143775711,0.8328834831596436,0.8258547492502744,0.826147295765754,0.8291085641901036,0.8287799626770387,0.8194864640013889,0.8019493311506105,0.7861095436748554,0.765596045162439,0.7250436724162505,0.6106743566434901,0.392187072574458,0.0684384737786978,-0.30107893292696086,-0.5845765970036726,-0.763330869011843,-0.8684715118780152,-0.9230974915872852,-0.9439867353140656,-0.9511633944433573,-0.9543341640063484,-0.9571941344299474,-0.9585355272731032,-0.9560981297453411,-0.9486760844370244,-0.9354343805919038,-0.9192251913370262,-0.9066516338509717,-0.9035140157708554,-0.9094739264607713,-0.9217150409765592,-0.935331031988585,-0.9483480029885281,-0.9579300893258054,-0.9635762664194715,-0.9659437156676596,-0.9628429333698992,-0.9544859353066668,-0.9441125777798942,-0.9268148702314134,-0.856357107519111,-0.6875954986309234,-0.5124111619327283,-0.41039985451456146,-0.3876523639867271,-0.4431138325601777,-0.5468640363186428,-0.651674078783142,-0.7011056410766537,-0.6581009539907863,-0.5361741047187734,-0.37451692376265294,-0.19114230803849092,-0.0004973586920297078,0.1917190994884157,0.37042968147722355,0.4982654464611088,0.5882781916557961,0.669365460153732,0.7542425793606239,0.818609740486421,0.8543719036926936,0.872958889879349,0.8824714545380575,0.8853070671693456,0.8774883661857363,0.8583524058077934,0.832950630592104,0.8114731226925496,0.8003728077853268,0.7971722246352363,0.7940837336609854,0.7932741745249763,0.8013955455650994,0.8152828681656832,0.8298578097301003,0.8407150632204632,0.8515370822667567,0.8676215196072276,0.8949038802349295,0.9273962343662866,0.9542621611382243,0.9710949977100353,0.9766619824418953,0.9673554153026196,0.9415650394382432,0.9000938919457039,0.8285935444802226,0.7202854506206627,0.6122806284446033,0.5266261818512655,0.4252214642217606,0.2733063101250483,0.07552402172070466,-0.11156074912575117,-0.2432895570553755,-0.32383203521552184,-0.3736651990054398,-0.4234989749209714,-0.4966161726158682,-0.5938832338395549,-0.7072025808773733,-0.8010233127053455,-0.8128009014877827,-0.7594106390564463,-0.7162564743386329,-0.7077992713035883,-0.726620479775204,-0.7661014942996508,-0.8246441146019489,-0.8908598187766116,-0.9510154596655701,-0.987915803225847,-0.9963081216315842,-0.9893656657420212,-0.983548391082574,-0.9836319269310823,-0.9851502125086351,-0.9844472863777967,-0.9787877745068598,-0.9717732963556287,-0.9675765543008155,-0.9682660626214209,-0.9720654941255488,-0.9761004907407566,-0.9786803244445235,-0.9694422763642436,-0.9224304296782211,-0.7840195954436824,-0.5170430936371204,-0.21539779465037562,0.03563084535310439,0.2513185772108471,0.4549428564214352,0.6286959344714214,0.7596951170265961,0.8494426931381565,0.9021804433443791,0.9286135651834696,0.9396315059063972,0.9407060371234336,0.9349329272613223,0.9243960147413265,0.9121695474814303,0.9061373970143635,0.9123354292066183,0.9255753331728354,0.9393039134243335,0.9527172692062496,0.9601041367602302,0.9565872326721448,0.9437686094965752,0.9338118000425524,0.93807890251664,0.9540000097412159,0.9679747531246989,0.970735664929656,0.9663250449867992,0.9624615496178,0.9607370598192526,0.9570658848382436,0.9466020185085773,0.9257953462809275,0.8976159068981229,0.8655817807415783,0.8277324510931062,0.784735806602267,0.7251402871184216,0.6345555224848615,0.5050050402946071,0.355904706326244,0.1973523132754894,-0.03455016330849828,-0.38309034423530847,-0.6663206721631908,-0.742002883938199,-0.7597656380481514,-0.780044645741945,-0.806114832055891,-0.8339300462145562,-0.8631378833729153,-0.8945882792931904,-0.9196963785272584,-0.9170467279046057,-0.882102569163592,-0.8442048533189315,-0.8291969370175183,-0.8425360180047701,-0.876871654268434,-0.9202876584909346,-0.9574317722313258,-0.9695115779062151,-0.9538196059765027,-0.9309880234314366,-0.9221239468485647,-0.9307564096653592,-0.9498775688354467,-0.9692230557038877,-0.9829407561865152,-0.9865981446308355,-0.9794508481185572,-0.9645772541499096,-0.9454257896803321,-0.9229454159710199,-0.9004671691137002,-0.8739251230795388,-0.8225670187353966,-0.6998469346126168,-0.4859658904154442,-0.265105850335936,-0.08132083114234234,0.0765959990807161,0.2454249122238434,0.4362769654001093,0.6210989785015716,0.7577797826474459,0.8288171578102426,0.853612006612173,0.8634491120517794,0.8757856355896371,0.8990831646732129,0.9266547636474846,0.9477386595618874,0.9549202266824168,0.9409351322328307,0.911245636707874,0.893571162546994,0.903791849022954,0.9329366577707544,0.9631370124074723,0.984943581271241,0.9948701021226418,0.9948875968979528,0.9898028656357274,0.9840262767212737,0.9785552744455082,0.9740035949840744,0.9692427926157184,0.9630171580356358,0.9548342173640691,0.9455067868846139,0.9377384109068926,0.930929129024155,0.9220043603445884,0.910719471609888,0.8971777783044568,0.8764010341559113,0.8356004292541571,0.7437746831047584,0.545927922414738,0.21798372658568801,-0.1464387140791673,-0.4352025194069864,-0.635831908751874,-0.7614371093254644,-0.8226531453414443,-0.8382614256849849,-0.8195069728063572,-0.7767624535304196,-0.7398054138823548,-0.7313809728104544,-0.7543701232506599,-0.7978464009122133,-0.8483786707608535,-0.8929615595574358,-0.9251024705270707,-0.9488100513750115,-0.9662265206578564,-0.9771866037909264,-0.978590896397146,-0.9685179991010222,-0.9485581961091478,-0.9281772745966314,-0.9204486357699018,-0.9269401334248891,-0.9379614301378555,-0.9452101421386536,-0.9423229672244701,-0.9215756193477271,-0.8798228439397061,-0.8305369066271596,-0.805761895429869,-0.8179036495363282,-0.8428063910895985,-0.8416295097045027,-0.815590530368822,-0.7865661324871563,-0.7524395022929844,-0.6881597083749986,-0.583075021700829,-0.47843482045552693,-0.390384950079625,-0.28096394429903226,-0.07963794442630542,0.1916883502218125,0.41120365451001784,0.5519004277400185,0.6292883765453474,0.6715647670810411,0.714039137356655,0.7700678306066531,0.8392571518608495,0.912808343864454,0.962322879968424,0.9661260666547106,0.9352110844149187,0.9065807846335214,0.9029493708630946,0.9175860291412657,0.9316792866812891,0.9336837645074673,0.9141756512955409,0.867619243624306,0.7981676601793408,0.7287968397788164,0.67902572132623,0.6626733927912422,0.68813609100489,0.7541781900347371,0.8401527676094086,0.9048106765091497,0.9288832097251558,0.9348921631691834,0.9399862239331681,0.9450170795595728,0.9426954381114768,0.9147032938690056,0.8191466474020588,0.6164021190462711,0.3961245390263967,0.24792980900801725,0.1530383170922572,0.06694312115298345,-0.03465416237226874,-0.13738575836509828,-0.21587203784503903,-0.2733577121628332,-0.3297119223447881,-0.40332360715966387,-0.5034577912244461,-0.624155761920024,-0.7417156428729849,-0.825772933655755,-0.8701591200320562,-0.8904337576300296,-0.9019975480684218,-0.9124787949348652,-0.9236991653571474,-0.930234079058258,-0.9257389242621026,-0.9121682575520699,-0.8957630054259834,-0.8815560559584383,-0.8778964357097109,-0.8926672353236683,-0.921007671764826,-0.9470866669981323,-0.962414384007905,-0.9655794049361072,-0.9623405164309269,-0.9593910907860912,-0.956899471177657,-0.9321562399589309,-0.8658813325176404,-0.7843427659429058,-0.7368213198158905,-0.7378473784330867,-0.7692896808269464,-0.7709418011471377,-0.670334450885547,-0.5103904309233881,-0.3748249092692181,-0.2744025460247417,-0.18813076671185144,-0.09065130779769168,0.035912116732538295,0.20452033338586373,0.3924407192242851,0.5567271943985818,0.6794774350281798,0.7606287055627099,0.8123295633834359,0.8398756098708788,0.8486999311857284,0.8506299003665285,0.8611575067309362,0.8864499962683157,0.9153406106674428,0.9363452585437039,0.9478534106491036,0.9584258870149132,0.9692684064397229,0.9775137352508211,0.9817102295274588,0.9842289710501759,0.9863384640553944,0.9871161559729038,0.984426916119668,0.9784299283341308,0.9714172830932426,0.9656960251314167,0.9618157579873297,0.961297184480231,0.9594884904003699,0.9435955595061831,0.9119681153124745,0.8721072619158199,0.8346461926740183,0.801289777620101,0.7189342982650044,0.48629773642660573,0.15235160868232625,-0.17556119178742177,-0.46077945800607445,-0.6523695714456859,-0.7636982144101209,-0.8260211503002974,-0.8600598661450802,-0.879271286037984,-0.887532535454512,-0.8894863618174306,-0.8928762054364535,-0.8963302415705362,-0.8902909318765022,-0.8748842822366282,-0.8617195797663854,-0.8481831924992126,-0.8334281516815633,-0.8242582884646651,-0.8210226265207583,-0.820755489265696,-0.8248598416342874,-0.8362858254016403,-0.8537883360446051,-0.8719720182840706,-0.8928116504494144,-0.9172306964182434,-0.9368881356655986,-0.9443390686703975,-0.9439372441683327,-0.9407853404410546,-0.9392213876651208,-0.9352007711314201,-0.9144533362665288,-0.8601411763070985,-0.7816845114116537,-0.712643621108465,-0.6835735375542994,-0.7110563026904024,-0.7795762594088106,-0.8200921953175903,-0.7992054513377401,-0.7599101289328856,-0.7077969554003015,-0.6057603605969686,-0.3813924004816118,0.027970007789409407,0.48025647165830015,0.7205463425040664,0.8007050096648953,0.8389323049896713,0.8695518558587975,0.8963388392390608,0.9152592594667688,0.9203513521464936,0.9096653706147582,0.9007605255406386,0.9060295692413796,0.9210823968117037,0.9368751802949747,0.9494908959502112,0.960280080795888,0.9699825765550407,0.9770706256518955,0.9818375292610981,0.9853657244641472,0.9897064355840648,0.9932203514619556,0.9946798095145316,0.9945042727601884,0.9936007965086315,0.992156111240556,0.9899099903330137,0.9871778791113144,0.9835319593864499,0.978444923289242,0.9701919955941598,0.9526534482465177,0.9147979834270299,0.845862048913248,0.7458271508385962,0.6140003006237603,0.3978626292134099,0.09349009644123235,-0.1317292650477522,-0.24302850357369785,-0.31124418969193646,-0.3994518955040552,-0.5419690735038367,-0.715209475841094,-0.862330687152789,-0.9417191619666035,-0.969611640127852,-0.9725570202151846,-0.9752322656156691,-0.9835255521410603,-0.9790078621812315,-0.95073972845722,-0.9180472383285413,-0.9051823365352827,-0.9132702815696468,-0.9323613117447257,-0.9529885827529176,-0.9669476437286822,-0.9698854993480608,-0.9657182184064147,-0.9614801713776271,-0.9569621467520707,-0.9402713072323713,-0.9046570884920757,-0.8600932283580031,-0.8184315727928655,-0.7869567649689571,-0.7682610823131732,-0.7624793675491832,-0.7622731473566207,-0.746155230510865,-0.6893403111832661,-0.5810123730059179,-0.4378640085321927,-0.28839313529410454,-0.13071149169333646,0.05251312107667425,0.258369945228035,0.44808364471158507,0.5866651016192348,0.6716844221929814,0.7281732224961391,0.7813200017348385,0.8366977769556995,0.8860203781044753,0.9212690167891514,0.939303213399254,0.9468901188049919,0.9516135015378772,0.9557573630244427,0.9596118467809569,0.9629539545965525,0.9669863806631801,0.9718400274402336,0.9781526870163397,0.9842576542400816,0.9882527911534423,0.9883892714502085,0.9864729208639783,0.980799439307717,0.9664389812003498,0.9408451843899568,0.9117738679082887,0.8911991259217394,0.8880632823641232,0.8975573018382871,0.9021426240206865,0.8881081573514564,0.8637109499358483,0.8401687972272411,0.8107887344291204,0.762536018329884,0.6805315452178072,0.5802591209564828,0.5177934058799673,0.49579743678355803,0.465303188194617,0.38222315604260154,0.22610806909372994,-0.02959169548995299,-0.3381110149048159,-0.596238545651241,-0.7541458964428174,-0.8380601599423102,-0.8892233785180564,-0.9203426502723043,-0.9373963028235618,-0.9422301219748273,-0.9432706431777482,-0.9477319253867768,-0.9538198589223873,-0.9609719457426867,-0.9696674017863818,-0.9781996743319794,-0.9838024934137123,-0.9851778464624037,-0.983058230790963,-0.9801157435297656,-0.9769940031919443,-0.9752575118683936,-0.9766132420542025,-0.9791458566782938,-0.979280609163089,-0.9751686849112968,-0.9675144585357577,-0.9587214931014313,-0.9511130964369996,-0.9447599186905914,-0.9386981040015265,-0.9285215214230808,-0.9082053310848323,-0.8758033770305907,-0.8271641476418649,-0.752947503517377,-0.6496306781078884,-0.5190327757148572,-0.37544097237452295,-0.20953947268271342,-0.004896683411913662,0.24739242445628698,0.4762080931566218,0.6383136668092679,0.7368932477989166,0.7970669147505043,0.8375894743963115,0.8636347830544502,0.8783558264782878,0.8888610896912289,0.9055892416223668,0.9283472478391177,0.949204124375391,0.966033907613376,0.9769848470034087,0.982482819404681,0.9822354575460592,0.9774970755932567,0.9709763362434641,0.9652176670034026,0.9606319481062289,0.957344846815268,0.9534533883017479,0.949113302488723,0.9455432798299239,0.9420939699499411,0.9375123787836964,0.9332547014006287,0.9269288296595495,0.9156936796868302,0.898885428919655,0.8742224394495653,0.827887535522181,0.7386007099710293,0.6004807772083712,0.4098022206634545,0.17079246904583492,-0.09364256476417503,-0.333590544265275,-0.5068618935348654,-0.614811788476767,-0.680501506598991,-0.7423299088852799,-0.8186932838247707,-0.8923079789297099,-0.9386187229910496,-0.9593356567153284,-0.9650620253050687,-0.9638191198451376,-0.9610868299656665,-0.9592631164420964,-0.9567360829110236,-0.9520393205857387,-0.951876418711915,-0.9636939781258651,-0.9807676121222987,-0.9871534467865121,-0.9735777773873577,-0.9460353551136217,-0.9164325722659472,-0.8896615521156633,-0.8585910378788851,-0.82659224756507,-0.8068299209317515,-0.8142621774327053,-0.8404824287376592,-0.8638051492811833,-0.8765694727583367,-0.8815116454414774,-0.8811396418134473,-0.8757244409634087,-0.8678992177796812,-0.8475758793973723,-0.7989691262925575,-0.7317735617471025,-0.6723678489600622,-0.6293540749114352,-0.602400531884079,-0.5475845992578764,-0.38813789930660897,-0.08634989651810684,0.2442535440909706,0.48776935017686046,0.6440176828229272,0.7579805729048199,0.8416729917056396,0.8847983497192135,0.8876722783872272,0.8747939697467642,0.8719572292875541,0.888257860743535,0.9202039989124984,0.9472794211672863,0.9502870320339685,0.9325774154545056,0.9182585673076177,0.9177796841958622,0.9259138432937001,0.9319145359101904,0.9348583544415444,0.9395622644788023,0.9448636926620886,0.9380743607889243,0.9115277388805904,0.8696704108920913,0.8282235543109298,0.8091011108459747,0.8266163954716617,0.8605755472393809,0.8327061714146636,0.7364180587459639,0.6423985863362198,0.5738092321210795,0.5278715743581938,0.5054028076563151,0.4935586232367486,0.4549201712017862,0.3566312656527657,0.18885242295616017,-0.08168540936044157,-0.449066405344512,-0.7235758907335096,-0.8473625355425676,-0.8886908546235733,-0.9033453464618624,-0.9118707640813632,-0.918485490928102,-0.9242718095926196,-0.9343222622942396,-0.9477630849672191,-0.9555624975323518,-0.9539226504569037,-0.9491900331016696,-0.9500128257363297,-0.9515046496149305,-0.9487330759687945,-0.9409577991741401,-0.930700660126906,-0.9231550213244788,-0.9249839786647903,-0.9361312055178067,-0.9508039493855233,-0.966211194013063,-0.9790416434098249,-0.9859301054520295,-0.9886425810453383,-0.987240388467363,-0.9817681922372954,-0.9712888186319054,-0.9554410057725028,-0.9405637371190985,-0.9274680695749062,-0.9024043293990311,-0.8434799087383976,-0.728807875557328,-0.5703113641966894,-0.4012684302068874,-0.24297355054455552,-0.07848680308361841,0.1596089590786333,0.3750073835812447,0.4955345115879663,0.5721016622393613,0.6394476555605185,0.7095493380681245,0.7736715622795302,0.8207582958690899,0.852717218705673,0.8758535529118257,0.8890243114548679,0.8843826288193894,0.8634172206133297,0.8433459054978991,0.8340539017337755,0.8331348212874102,0.8390349957220838,0.8549306966766623,0.881140145925852,0.9149563701727298,0.9478547204421057,0.9705031953996233,0.9810393050587592,0.9822744929862536,0.9781602903752604,0.9718068979557515,0.9662178346753806,0.9615069720878217,0.9554214871444787,0.9481302575027657,0.9423867126565675,0.9279559625940751,0.8846949092362295,0.8065478663144342,0.7083551732163581,0.6138734561032507,0.5340793990365624,0.4068250009185253,0.19141233373589003,-0.014800199750291362,-0.24193721349456765,-0.4774805831645881,-0.643828202667165,-0.7462783364541907,-0.8168877761070937,-0.8680966038125878,-0.8925841028719398,-0.8900961452971177,-0.8854162147416159,-0.8995736259242811,-0.9246986186319205,-0.9297092253441656,-0.9091433421432176,-0.8867321778440455,-0.8850040350541315,-0.9035274193833661,-0.9278781043707732,-0.9447998069749516,-0.9556844350279801,-0.9653895305116718,-0.9732490708829811,-0.9777162091023792,-0.9792079363442067,-0.9789844385596389,-0.978269830308011,-0.9777514943593701,-0.9763455043180147,-0.9725757188186783,-0.9682495973979406,-0.9659873418383049,-0.9680072552913251,-0.9711334295930061,-0.9723362052048301,-0.966852720889219,-0.9421283199759767,-0.8571631429453486,-0.6576680223561076,-0.3784607682716189,-0.11724958861124965,0.08662960238522827,0.25413484320797847,0.38033448095632966,0.4792050329771271,0.5606254107706166,0.6410920751763848,0.7304898814528413,0.8229208095406848,0.9029331570477251,0.9494313221167564,0.9595976119130296,0.9450819145783408,0.9202496400992158,0.8870110666749911,0.8441960735910553,0.8040110075075962,0.7858368424293385,0.7880120924067914,0.796287386656104,0.7989293442921866,0.799941565597284,0.8060431919782733,0.8233342613160523,0.8600205804837165,0.9131739984437744,0.9585522234662146,0.9756971911510961,0.9618737536367588,0.9246243988089143,0.8744437822835285,0.8288217418993111,0.8100243599280386,0.8256596956987627,0.8634125682010998,0.9003417298927181,0.9225284342271431,0.9298797711368277,0.9257016439202815,0.9100065376675662,0.877373345411592,0.8070321910493315,0.6562082001880587,0.4003642494866191,0.08001195403577754,-0.20718331822698893,-0.41709951022578534,-0.5776475005353631,-0.7024753408872034,-0.7943840056003079,-0.8558601646677606,-0.8976029466218189,-0.9297018320046415,-0.9553290780913448,-0.9715754525738536,-0.977992149652,-0.9785190349609827,-0.9761585890616915,-0.9728593100580685,-0.9699265941846938,-0.9673633418969285,-0.965657788407448,-0.9663435542939814,-0.9716628759772613,-0.9794406973576818,-0.9853375787703327,-0.9862738007760778,-0.9806482208221494,-0.9684089459098798,-0.9472726298267178,-0.9147933225350093,-0.8690587432243584,-0.8144776031173764,-0.7560396731576318,-0.6984942506374767,-0.642176374792849,-0.5767280669701962,-0.4883306623795073,-0.3574609654182457,-0.19588060224783452,-0.049245199773334705,0.09006699883893404,0.24327330897944802,0.41396864764492375,0.567664690071535,0.6794054692620589,0.7591350847708874,0.8161431859085441,0.861589458796485,0.8972849839402304,0.9250741812722098,0.9450721240603234,0.9596772300078711,0.969556726483642,0.9760819131018705,0.9796612809351944,0.982772879155242,0.9876240925424472,0.9921729417404717,0.9941667336499647,0.9938423912561866,0.9926448218887425,0.9904714393956944,0.9863080154366347,0.9808286215361117,0.9764455252608596,0.9749679131933604,0.9764342470017107,0.9797331386912794,0.98002504442061,0.9752707989315569,0.9692742808561691,0.9636404913647669,0.9568596521690423,0.9400779722100326,0.8937358371004117,0.7913710560909973,0.6177669313059482,0.39151865562800886,0.15655505379042553,-0.075420181285231,-0.3684942908100572,-0.6537084319754909,-0.7943248360923747,-0.8467454397096726,-0.8769229783988527,-0.8982107196742573,-0.9174184950065949,-0.9361263345756125,-0.9546955444798291,-0.9689212024748214,-0.9765443199451014,-0.9783734147365966,-0.9774207410084129,-0.9774323015936017,-0.9788508718974093,-0.980485433431457,-0.9818586873497773,-0.9836937708081164,-0.9867596356883528,-0.9903744975645344,-0.9918507763938886,-0.9905094095418085,-0.9873845703993523,-0.9844918488547061,-0.9828329096315029,-0.9812126842926489,-0.9773570750741554,-0.9735164225123879,-0.9729820679376469,-0.9754523925433363,-0.9765474267146754,-0.9694985566154123,-0.9500760182112509,-0.9136293357393042,-0.8499224888183408,-0.7541123449290378,-0.6334901671114677,-0.48519237015368055,-0.28793869723919685,-0.05483288305756863,0.17189224376951553,0.3787716176905624,0.5355214315348507,0.6449820715128816,0.7295625821360707,0.7944724088822196,0.8371158562431498,0.8621340696262989,0.8780459881033761,0.8921824699916057,0.904172761138573,0.9107107830001088,0.9132181191094301,0.9134536110445526,0.9151890045378902,0.9250299175340293,0.9437254553808508,0.9623926597922311,0.9749496633086704,0.982690217734995,0.9880324296215184,0.9909853661173413,0.992147288599896,0.9928788985392641,0.9929596492648745,0.991507190535023,0.9885058442751015,0.9856369127549733,0.9836506653796557,0.9820808472241495,0.979207569901702,0.9730686520564479,0.9637150196244595,0.9519966421188305,0.9369743043139945,0.9119588420920566,0.8636844259212172,0.7815690690784814,0.6573884322938165,0.4996267423979746,0.322023713421129,0.11836161730244736,-0.0906813850200236,-0.2865292581842467,-0.46024708538841963,-0.6001463473368099,-0.7039259704393166,-0.7674076963348132,-0.7993760626487493,-0.8199490452650917,-0.8412133223178897,-0.8659585796132883,-0.8900936955287191,-0.9091269500903767,-0.9224574960811176,-0.9344902428552933,-0.9526234223203442,-0.9731442827650395,-0.9834117051351551,-0.9826829650894365,-0.9806955499766404,-0.9828276496415146,-0.9817062106496507,-0.9657765128290261,-0.9407659016437737,-0.9258321260525978,-0.9304078009684947,-0.9475787343479631,-0.9541566876565981,-0.9350034929066062,-0.9017555423476797,-0.8770492500430822,-0.8762485151327969,-0.8973979253754698,-0.9181326893512701,-0.8845085736472754,-0.7431323854260536,-0.5463583395059359,-0.3689042337496839,-0.20774918876220713,-0.042014302658590276,0.1272190166560436,0.2724113490945879,0.38612335043710116,0.48102006342864545,0.584380870034578,0.7014127942383757,0.8038307026244982,0.8716066885520163,0.9166573430348786,0.946572782643368,0.9631498629131101,0.969955575573916,0.972760902089777,0.973832521811938,0.9662644839117237,0.9477319502095073,0.9268865910398558,0.911694974728951,0.9061769022546261,0.9119100371416462,0.9271945347520238,0.9480961711615267,0.9661153830587121,0.9750455276929042,0.9771953264363533,0.9764840544272158,0.9755065911576861,0.9712854601835115,0.9620554592640628,0.9515213987726281,0.9458351935998783,0.9414585262038101,0.9226507013223842,0.8803221173903404,0.8186650797422065,0.7504036793339444,0.6925860827609612,0.6503270632840826,0.6179356210440387,0.5910925857550482,0.5437544830348807,0.44271023332145276,0.29245484108656444,0.12402291645346626,-0.02150867099251151,-0.15062243658325875,-0.275802598817641,-0.4086844444836437,-0.5345188809927599,-0.6605102890145146,-0.771569820556719,-0.8464340229481564,-0.887603979924026,-0.9069502048745856,-0.9192761153403135,-0.9339096776505484,-0.9501728050436902,-0.9643835238825225,-0.9752269924827215,-0.9816753904989242,-0.9839067937411073,-0.9836509149352923,-0.983237144293371,-0.9845355364591524,-0.9874117610482611,-0.9904328410108099,-0.9907982942037662,-0.9868442496215808,-0.9779270220518663,-0.9643062338054372,-0.952393322028727,-0.9471445595887148,-0.9449760313279236,-0.9371910903300538,-0.9117399425334142,-0.8563365995178372,-0.7680085384231177,-0.6612485762727803,-0.5531146096444868,-0.4459080201253084,-0.3429589820606238,-0.23575886507581084,-0.11084435733548177,0.03200917761595534,0.20443809242978536,0.40536278564759864,0.6106369367540418,0.7847739262241444,0.9101088590184299,0.9645559309141534,0.9422859202408065,0.8684501070524159,0.7952095974536647,0.7573665473620353,0.7605393383761601,0.792748967872443,0.8336636162752535,0.8624701961124374,0.8696223405479608,0.8575633477465504,0.8382920093091047,0.8285185038672198,0.8418161400627259,0.8794622059715897,0.9271281224026302,0.9656688955914133,0.9828540471921577,0.979755990242149,0.9647098116331183,0.9447249432973039,0.9244173774771598,0.9081460728908258,0.8929511674561671,0.8660480346994924,0.8151347897425618,0.7173212927489347,0.5514847315468632,0.3044936338390094,0.05191584370713265,-0.12593674268042224,-0.23086235784513973,-0.2867489035397706,-0.31548221256317033,-0.34267555801563543,-0.3974426997950398,-0.5025372312961793,-0.654110025781784,-0.7957854115066805,-0.8866950173965952,-0.9303773107390787,-0.9492173130327936,-0.9560997136726953,-0.9559589520842172,-0.9530399427630756,-0.9526678986601127,-0.9579733692651073,-0.9672341866252911,-0.9739024844313431,-0.9765955713344441,-0.9763918963854094,-0.9748544775732574,-0.9730791219172878,-0.9729387734386197,-0.9726856884020055,-0.968614964182542,-0.960677427568846,-0.9495889962111589,-0.9377928065292548,-0.9291754446435678,-0.9265514846699723,-0.9246528364847124,-0.9105343417042313,-0.8768645878360289,-0.8302701850929258,-0.7669603425782162,-0.6894872515071787,-0.5968444321937876,-0.46334448309666176,-0.23794868096360727,0.047863287170454225,0.2968526282788114,0.47726056337566,0.6157899776624264,0.7245031391881338,0.8044742388449758,0.8551978156846329,0.886871748534005,0.9080858979894965,0.9208627286992414,0.9283599536237493,0.9410279832544148,0.9592082252315637,0.9745112544624828,0.9806603147609058,0.9780248212210576,0.9683093209641646,0.9549333043953685,0.9453507485272808,0.9460343999683648,0.9565734281697545,0.9653170254348327,0.9588796932131485,0.940388919141736,0.9228642599321442,0.9143553993127232,0.9136328212482037,0.9157440873346375,0.9155068168808675,0.913140300007376,0.9156686976584671,0.9262130803985372,0.9300490977702102,0.9178307020555062,0.8959454390905747,0.8740581742973698,0.8527734447722709,0.802337974347823,0.6299083384266354,0.31845869998627024,-0.0505244574876854,-0.550454304907812,-0.42886902735810595,-0.32199407884634307,-0.3111611534695827,-0.3758607236903415,-0.5269851944720568,-0.7360443464780769,-0.8482686019617062,-0.8398372268302638,-0.8201823078496763,-0.8282334937104818,-0.8626116546207062,-0.9062279327591941,-0.9391675797702164,-0.9572783418750899,-0.9657293333283327,-0.9726667895188484,-0.9808590372224429,-0.9855656528899033,-0.9830763298524686,-0.976411637917355,-0.9705495742888235,-0.968302393926978,-0.9663123424795771,-0.9616187777635976,-0.9582254992069875,-0.9619561354056811,-0.9742671071425092,-0.9886203066215894,-0.9946916940386095,-0.9809687213771798,-0.9453632309333992,-0.9031499679000188,-0.8765579924633069,-0.853999187381917,-0.8036454096169245,-0.6971108583147749,-0.5265510004695767,-0.24784143299107056,0.04488257897568544,0.2406045411699474,0.38981958288760055,0.5355768084768422,0.674548277428249,0.7924663114224054,0.8751196029433973,0.9242311435893018,0.9522317999538863,0.96745455722793,0.9749287276492953,0.978251288802753,0.9763164399397686,0.9663148824010793,0.9506179899546674,0.9365840296341884,0.9309846120909123,0.9341653776312866,0.9409968361246327,0.9458837750607637,0.9475237937555004,0.9455430436091697,0.9412330542070084,0.9362058220357324,0.9300746678266166,0.9210622974206695,0.9148182194379822,0.9125489385224405,0.9113731482766956,0.9074945099248726,0.8979176193359601,0.8788333671688419,0.8496738794480335,0.819674217726092,0.7960073176036908,0.7759430164662695,0.7480060472623044,0.7036072555830518,0.634557651848288,0.5148722802409915,0.30607900754507394,-0.007591468491270248,-0.33215515764064163,-0.5487133250066905,-0.6619463351073368,-0.7278588310207997,-0.7740206654140372,-0.8041994816770343,-0.8261241284766536,-0.8502493645787617,-0.8827488068476492,-0.9175019523335692,-0.9448977911532327,-0.9576860375447916,-0.9572073417406841,-0.9498117215495615,-0.9456224799021716,-0.9490306462636617,-0.9586318114174974,-0.971536789547394,-0.9837053737493037,-0.9925961005541006,-0.9965627718480281,-0.9949961883954996,-0.9871882836792435,-0.976202459364336,-0.9682677859843521,-0.9637285679626085,-0.9590553179032615,-0.9530953583149085,-0.9436290140611405,-0.9301967325905277,-0.9162491790600038,-0.9026476037986889,-0.8846813072122662,-0.8638260294001526,-0.8376788913704108,-0.8037280300030953,-0.7465628292235059,-0.6374041308381936,-0.4400871360474767,-0.14809472865581433,0.18022790455510085,0.45218208084125416,0.6296961514787734,0.7428015546883853,0.8142680509218753,0.8646662531918682,0.9012849731422089,0.9272504784315473,0.9429363518735514,0.9515206675293534,0.956791299027788,0.9566517230932998,0.945166044760001,0.9168165700881239,0.8767557695801032,0.8415423885988583,0.8268657519390219,0.8384498619553149,0.8727517874698335,0.9139301072380929,0.9456376082258248,0.9607130385927694,0.9618833983599409,0.959261780184191,0.9601323807511464,0.9634472140939369,0.96595590852152,0.9685111979492027,0.9728945562753818,0.9786770415195515,0.9834573845664015,0.9851708218992677,0.9824593926709831,0.9738189042505964,0.9597469287503866,0.9427760782710906,0.9278373894169102,0.91556399950081,0.8973329248317253,0.8525870031494303,0.7501358020973397,0.544537427708523,0.2516369643393562,-0.02922094056785835,-0.2558222743386633,-0.442522103846363,-0.5832876029261439,-0.6675674722697691,-0.7028747597767657,-0.7005979021644637,-0.6772670813550141,-0.6559902785192755,-0.6599511259952506,-0.7063968031921214,-0.7856879838117736,-0.8639077291541175,-0.9118264540372617,-0.9200053996086235,-0.9006426547987888,-0.874912063357432,-0.8570013876743909,-0.8521289454426061,-0.8537252797455565,-0.855009387431053,-0.8571345590133114,-0.8661285834761279,-0.8853106802332467,-0.9152765009657542,-0.9453312733347099,-0.9505919171146828,-0.9218409208548968,-0.8832313623170029,-0.8610358040957733,-0.8584276484099664,-0.8601310271806435,-0.845010187410469,-0.8005513476498244,-0.7270032927823384,-0.633856036024779,-0.5144866125512597,-0.32714895744194994,0.03903805822095052,0.5245756455304321,0.7542975922262114,0.8040032847577668,0.7962457700974175,0.7796315994745476,0.7844633632231954,0.822025946573962,0.8822248798808251,0.936905820670017,0.9620235251709509,0.9624070791357886,0.957092438725156,0.9570927451955155,0.9624698498156325,0.9693590957966414,0.9761268083056029,0.9814532855538417,0.9823457091092491,0.9774305624426591,0.9707454976723562,0.9668320557663403,0.9659344230608193,0.9662573395156879,0.9653238260465431,0.9641433285267482,0.9624205050444244,0.9560047730254633,0.9367585596546282,0.9017239206133887,0.8599976090369802,0.8260066768888551,0.8022095908439763,0.7736402609436751,0.7064913490190711,0.5520377231356722,0.25283286315889886,-0.16416887034741615,-0.4798099036170543,-0.6162194745030918,-0.6644248452780939,-0.6895309165234486,-0.7096528492233568,-0.7309559296782424,-0.7500471537523573,-0.7765816149224709,-0.8158763883378559,-0.8619121084125759,-0.9002992221477272,-0.9243570181834333,-0.9358255662358271,-0.9372215082509734,-0.9339613550596755,-0.9324312906860858,-0.9370167865725192,-0.9461833592492125,-0.9536870533463917,-0.9567702789883072,-0.9577150862742001,-0.9592089671837479,-0.9602738433066648,-0.9613520893211197,-0.9638919828250718,-0.9703057181418043,-0.9757097129589934,-0.9750791067191218,-0.9644156129784641,-0.9486263352913409,-0.9301531009696609,-0.9143725771826353,-0.9070357300473537,-0.907627024764711,-0.9098945136802198,-0.9079297322949724,-0.8933871144423919,-0.8622237158938457,-0.8120813753711558,-0.7381234521485197,-0.6340569525830482,-0.5015335602546025,-0.33718292326821203,-0.12955040890146444,0.08930570280828876,0.2540357084282246,0.3537679194757797,0.4158506754424385,0.4722317876910689,0.5524284153452879,0.6480187455887347,0.7392035835410063,0.8108225230947803,0.8584471473185247,0.8829793938341995,0.8949056651565961,0.9066895506195198,0.9183453752981148,0.928375226389139,0.936142136188708,0.9400997164913356,0.9421256242234942,0.9455917986203078,0.9523387923837577,0.9612061446908664,0.970165836200117,0.9748342418886997,0.9716422755772902,0.961732516776562,0.9573208875043041,0.9612831075616672,0.9646339142037649,0.9605607033575999,0.9508351057861758,0.9350555535873859,0.9109760120129597,0.8710359526532585,0.8122058543079094,0.7383687371082728,0.6477005564817047,0.5275098885692274,0.3540677561916739,0.12911704674765376,-0.09474484813306505,-0.30543718019587235,-0.4922756994263642,-0.6372189952395627,-0.7373472750304475,-0.809382431709718,-0.8717734045170886,-0.9194120735466785,-0.9466776027116993,-0.9578431122435386,-0.9586198542868315,-0.9540275131137331,-0.9500722625073129,-0.950340973505748,-0.9549875926556023,-0.9642068519628049,-0.9752608777687661,-0.9837062587450145,-0.9869797413697233,-0.9857847763867852,-0.9839895040322953,-0.9831743732698879,-0.9833981881299558,-0.9831874485108251,-0.981661155212315,-0.9772644942506848,-0.9686164331171616,-0.9565969249360992,-0.9465713261384694,-0.9360463252421811,-0.9200461959759615,-0.8856548346293063,-0.8130512038086775,-0.6845967068776475,-0.48474257025618567,-0.19787637135600056,0.13554195557255266,0.40343654153185876,0.5471881477194579,0.6109434292370881,0.6650065958500001,0.7380835294364432,0.8232478685880421,0.8965039334241686,0.9397561719312866,0.9620409500471935,0.9760400602025737,0.9855521660048668,0.9909125216189901,0.993282077528442,0.9932744592032641,0.990438957244902,0.9859346091407205,0.9826533461143622,0.9812846770132764,0.9797939586879005,0.9790530980448556,0.9802314473583918,0.9834596135535815,0.98623751762669,0.984731708446375,0.9800896485489414,0.9754207684477133,0.9729448461988262,0.9725087611602302,0.972637488783088,0.9722961308711617,0.9699443877560384,0.9620326928885116,0.9464957030710778,0.9246771764938736,0.896501437594255,0.8547260658213639,0.7837501332019192,0.6591110486272672,0.47625631639732,0.2862754197740032,0.11563762593782118,-0.032627082243741466,-0.16939265973985299,-0.3237644000498128,-0.5136190174461086,-0.7130374863472652,-0.8653672252676762,-0.9402964186739148,-0.9474452688717113,-0.9081488112577528,-0.8646165552973689,-0.8563464783337976,-0.885007905183425,-0.9298525909432728,-0.9652752889491208,-0.9790423235432997,-0.9777509607105199,-0.9720880667135668,-0.968795211864164,-0.9720623397157201,-0.9786465874675088,-0.9833906020490476,-0.9846221920701477,-0.984513993974738,-0.9850548150075382,-0.9851147961132652,-0.9836754941213955,-0.9789219509667085,-0.9711749245219035,-0.9622925516862897,-0.9532126431084752,-0.9428580305430356,-0.931165002947715,-0.9173001710164631,-0.8989245676981763,-0.865585109890371,-0.8133744216454472,-0.7413317348405859,-0.6342254086933158,-0.469275772668076,-0.23722773666897629,0.007243403567680046,0.21683569789942078,0.3885387512578689,0.5213302114340124,0.6147393952189439,0.6788413115059314,0.7316566806997759,0.7818723881485949,0.8326087085222527,0.8808723172421747,0.9177122317735209,0.9363830104668105,0.9399454004086137,0.9383386214307637,0.9428344002692643,0.9577203689349911,0.9738217303978776,0.9776928311141388,0.969062349018453,0.9596416138387829,0.9596000796450918,0.9688441935318157,0.9796193093269068,0.9851991062035904,0.9841581281753258,0.9776483605171875,0.9677394384896456,0.9591025204271209,0.951194053661597,0.9403412233725308,0.9247309286384918,0.9098159568737804,0.9036372941849967,0.8996550069295599,0.8812368419963532,0.8350596449108834,0.7689639214496662,0.6880661167905866,0.5935009765067513,0.4782192594508399,0.3374021813910846,0.16974138736869357,-0.009796702228473475,-0.16819685920868666,-0.2888638243181892,-0.38421343370378114,-0.4778259304059791,-0.5711024816276606,-0.6534201491419238,-0.7200529665300217,-0.7765272626572602,-0.8295897281264791,-0.8789153133130894,-0.9145734762209962,-0.9399105072522824,-0.9582785746649124,-0.9699607595759122,-0.9768181336312233,-0.9814657470076662,-0.9853461772999547,-0.9886757873280881,-0.9901625686302897,-0.9899616883901801,-0.9888382398439457,-0.9868802170402631,-0.9838902599624059,-0.9822694245082003,-0.9828396845769438,-0.984290864293463,-0.9844692675510096,-0.9803334350468222,-0.9686599795448094,-0.9448191774592342,-0.8995856595694711,-0.8325230307647588,-0.7478527978809008,-0.6604105001515546,-0.5629513733163,-0.42076309277708124,-0.18252668868616112,0.14146964024362094,0.4277320139464013,0.5983226171600944,0.6759450640782702,0.7018202375256547,0.7086559319762774,0.7213960187978302,0.7481101570731267,0.784865658200004,0.8280298393757518,0.8703166313524159,0.9038251489320457,0.9230810884780628,0.9323464954575427,0.9366245371521292,0.9408284574812301,0.9477503939470299,0.9568773712312932,0.9641165876140326,0.9693759906384088,0.973443068791657,0.9767110630605486,0.9780688760359797,0.9785650610997116,0.978057825119454,0.975790386272561,0.9724378301828519,0.9709384086847355,0.9716417577441275,0.9727529581828573,0.9697350693676818,0.9572452974715825,0.9312714228847049,0.8938244975343657,0.8571449173367922,0.8252886615508768,0.7817269569443607,0.6545070993976563,0.4229524777753559,0.19219215708857396,-0.004182985193357645,-0.2113379559907626,-0.4577582152438665,-0.6776430086897215,-0.7804391817360972,-0.816598889746854,-0.8376255062466588,-0.8539477829182534,-0.8647667010697642,-0.8674520083710778,-0.8584976950816632,-0.8453671629235219,-0.8319844684280457,-0.8234025256289745,-0.8291305190682344,-0.8524148056085019,-0.887735252213148,-0.9251691402193888,-0.9554002746690233,-0.974861347848115,-0.9855482662473458,-0.9914410738343811,-0.994428176724721,-0.9954114184885066,-0.9949206157137439,-0.9927738771856515,-0.9891790748251467,-0.9852249377129761,-0.9763391734154053,-0.9388581338065143,-0.8604890400450808,-0.7715473941647477,-0.6970370141766541,-0.6430805584419522,-0.6142354102053618,-0.603947687666076,-0.5945656177854437,-0.5395097305831367,-0.36796230209709146,-0.05497746752601518,0.28504397542540666,0.5530601030846858,0.7371063913669165,0.8457738229661707,0.9017855666543036,0.92800232946448,0.9393040508702911,0.944534911041267,0.9491709924187426,0.9559073210345158,0.9627076203231193,0.967295123483689,0.9688026433325381,0.9682142720418742,0.9669849465209654,0.9661382140891852,0.9666301823553294,0.968268270469076,0.9697654912321599,0.9714165687035234,0.9736283443017749,0.9778591058412974,0.9830768744006486,0.9856657800315155,0.9821892467050669,0.9728962434448168,0.9623152916109381,0.9549052711992829,0.952106670928934,0.9498741023057746,0.9417202472358297,0.9229120321832794,0.8842232355803341,0.824632749561509,0.7203198327760042,0.5299654654801134,0.2800870516484642,0.07221150053081841,-0.07565733705354981,-0.2090526193816518,-0.34640417982794763,-0.4845411967828854,-0.6145581320619515,-0.7180513788775525,-0.7899766416630678,-0.8407477808570067,-0.8768160306133657,-0.9048604228327797,-0.9292811283669691,-0.9522856435685786,-0.9706905444512615,-0.9796416681114237,-0.9821180941229489,-0.9836398813990875,-0.9858901302675963,-0.9856004177977671,-0.9825685207305593,-0.9785696230574336,-0.9755497272130228,-0.9741401142091206,-0.9732961836144439,-0.9716357403924495,-0.9698517228033935,-0.9682001379470331,-0.9678968665670024,-0.9692702775018502,-0.9722465410721135,-0.9749415282812091,-0.9767241046825531,-0.9756012074933927,-0.9683328110690866,-0.9509661232713487,-0.9182143062981788,-0.8695693671235365,-0.8109851430805131,-0.7407505772411849,-0.6431112501203633,-0.5059083017745181,-0.31086501676299827,-0.0004646248876856598,0.35869226110275954,0.6056546822415735,0.7386473339180731,0.8084515784420093,0.8380111298979653,0.8362851612933897,0.818184280036572,0.8046215681852094,0.8008031623158961,0.8037223488672949,0.8112910751752594,0.8238467704358987,0.8418303031734988,0.8640344628388102,0.8894619397015343,0.9142812471681422,0.9312272195230907,0.9293562589347998,0.8989222154874372,0.8403889670453355,0.7590274022012483,0.6630515264834567,0.5681131637563108,0.4937325159676869,0.44711774327372,0.4284393133523103,0.4363992670705832,0.46903825599295695,0.52668044828428,0.6090312657464588,0.7127543460099953,0.8322994532171947,0.922809918196859,0.8954959584030243,0.7144350963918913,0.4985883613411038,0.33536236764070143,0.2242855769754923,0.14305140907308425,0.06866120635170665,-0.011682959208533374,-0.09447456438213492,-0.16534819272799917,-0.20813222711591384,-0.22061798920302325,-0.21208502943492638,-0.19206980726290127,-0.17776171679352643,-0.17668635830811424,-0.19759496888649147,-0.2563811651491368,-0.3905732244808744,-0.598318395641655,-0.7749154716045714,-0.8642181654797303,-0.8858302726657896,-0.8816401291979313,-0.8741161167983351,-0.8675551389755127,-0.8688008687103709,-0.8793418306464829,-0.8968651189081723,-0.9173319462799608,-0.9392205878088091,-0.9585230096861302,-0.9732025922292638,-0.984201791854943,-0.991643795658991,-0.9932745862404143,-0.9845591139724795,-0.9657263862554138,-0.9462604005009772,-0.9332703510761183,-0.9242262185161414,-0.908719653721747,-0.8820375557936171,-0.8452253455770187,-0.8005744717224839,-0.7419375531027104,-0.6350945863744816,-0.437531574331878,-0.12767900642405658,0.20810317554945615,0.45890407261125754,0.6303372045794967,0.7434180180391351,0.8163287908421728,0.8670959996021956,0.9033978764818704,0.9296805832313382,0.9459636499717823,0.9511882334856898,0.9511312465219771,0.949206559917496,0.9466788251532747,0.9450021908856157,0.9466796130566245,0.9517990290965612,0.9564301397405651,0.9590403265207181,0.9599557211347582,0.9622654502252873,0.9652802006376823,0.9675060384560656,0.9700055298650005,0.9721517163385722,0.9719325707994325,0.9686807446092872,0.9641716778970358,0.9610620939443307,0.9601684556681357,0.9622956668324042,0.961923513181283,0.9530699585569034,0.9346344463583467,0.9110655954959862,0.8830140880097374,0.8348711790185912,0.7370410117405929,0.5627004989797284,0.31070074301528844,0.060859099809386176,-0.12967609660314303,-0.29079528198013965,-0.44889260757245203,-0.5827260505883103,-0.6654503539843666,-0.716000802882687,-0.7670893049153025,-0.8287427485103431,-0.8714478653345193,-0.8676618582894267,-0.8526352080720585,-0.8709491241577544,-0.9110236876578696,-0.9453839125418737,-0.9653239912244884,-0.9763255637877751,-0.9835099317235878,-0.9886027657353359,-0.9914630069551789,-0.9920918584993155,-0.9909637186302196,-0.9888197578737674,-0.9855578931828299,-0.9800777401966079,-0.9711223215289226,-0.9574793074766339,-0.943634588030746,-0.9378915669052964,-0.9391374398063924,-0.9418259206418598,-0.940273306377298,-0.9268896703318578,-0.8980772888369206,-0.8471382672079523,-0.7718681837288747,-0.6635044686222055,-0.4903564814144533,-0.2187532883954911,0.1297961475590762,0.4251881367240432,0.6017199879041356,0.7058461378456846,0.7756910390379919,0.8246145732901978,0.8634195498954963,0.8926784598419958,0.9120597278573134,0.9186866554319302,0.9165364495696046,0.9099398394795691,0.9046112620976902,0.9038177114442807,0.9132959216883169,0.9331470518188841,0.957177467650324,0.9753709320963884,0.9839879040750592,0.9865741908696031,0.9876911343830226,0.9881224548829517,0.9850688491911292,0.9717226457388,0.9365431772839045,0.8812878172845785,0.8273723379302995,0.8003451337416837,0.8235075006096984,0.9073240686599262,0.9711506421493257,0.8928888790851645,0.7619045750715253,0.6745361093924164,0.636424703675691,0.6374458443966734,0.6746821423121316,0.7337731473179981,0.7681409779799251,0.7244708491081754,0.5885826139503065,0.35994825301639416,0.07911401052008059,-0.1869921448528294,-0.424828480157972,-0.6181228231919603,-0.7473299629925819,-0.8216909907375363,-0.85779039199705,-0.8720743222170692,-0.8752733196681919,-0.8815042050428152,-0.8989574687951161,-0.9236294420929322,-0.9461067150926304,-0.9620293807202268,-0.9727069087291013,-0.9776638787906676,-0.9763572648406061,-0.9735423689847338,-0.9736413502753378,-0.9742510069637078,-0.9696770197933549,-0.9587910419748629,-0.9388441173957169,-0.9040752185151627,-0.8531300991408027,-0.7999095780411213,-0.768421674431326,-0.7692577035608644,-0.8017968733686361,-0.8566761089077458,-0.9092360469613864,-0.9211806249981134,-0.8710594855977724,-0.7710530966036439,-0.6369614002251982,-0.49244568056842836,-0.35465812400689306,-0.1932248421041896,0.052271509657565725,0.35973268065043307,0.5994517482926952,0.7331440823857839,0.8004573721961475,0.8381336513644844,0.8672520530003959,0.8987419739963581,0.9267862743909603,0.9432675516501237,0.9482549425794643,0.9468079297182521,0.9421871510264107,0.9387475693634679,0.9412212518948011,0.9467055355784055,0.9516689307061832,0.954560514298191,0.9538852965493688,0.9498125005566979,0.9425207267121417,0.9357797605346146,0.9371613347631043,0.9481490720541517,0.9604822035505536,0.9657478683288866,0.9637916973211249,0.9604605455608455,0.9579600967796662,0.9539797891957976,0.9437352491124978,0.9271366130618466,0.9019134690784468,0.8699829285045637,0.8235519125619517,0.7554084986070013,0.6717849428198972,0.5861780875111462,0.5101095773899512,0.42309354643880465,0.3184266318917106,0.21819903381559366,0.12332363570499241,0.03545145574971703,-0.03658436753971617,-0.08947453406921835,-0.15158574304957453,-0.2518245903636088,-0.3825468066728304,-0.5148476235571019,-0.6297567745858964,-0.7231919531877432,-0.8003171939501427,-0.8616521767021877,-0.9027207814470426,-0.9323327087358501,-0.9534830956058649,-0.966838826260168,-0.975494087088701,-0.9837111415430595,-0.9906709415492926,-0.9942876413275169,-0.9948317548990337,-0.9936178106740677,-0.9914607364794704,-0.9883392934876805,-0.9845366721609757,-0.9808163481511664,-0.9770501687994285,-0.9723893406549216,-0.9681462367048305,-0.9644306991683333,-0.960557245923631,-0.9529710270342105,-0.9379107776763809,-0.9103559587482013,-0.8603651518795944,-0.7713725318767577,-0.6304801538094521,-0.4386047640507568,-0.1922739529254762,0.08101337402293017,0.3171288268339092,0.4779329543748602,0.5747378184856367,0.643436051950642,0.6964198238252959,0.7391247888551707,0.7752970760630216,0.8096918802877675,0.8401616636284454,0.857166872182009,0.8566744923045025,0.8446211181085947,0.8357123724678801,0.838392058378564,0.8543134410761056,0.8787607401118765,0.9039203955367334,0.9237655376154879,0.936851519919858,0.9434280479176624,0.9462489675171152,0.9484246985439599,0.9527066377258187,0.9583726045276652,0.9641892247753852,0.9709230437312151,0.9781655881207072,0.9820667304649197,0.9803220494283093,0.9733102230746657,0.9632801049824026,0.9500958174634595,0.9250890545731212,0.8808685428304415,0.8285047991670259,0.7912267884517289,0.7860703411900866,0.8065690005371146,0.8227262028419181,0.7835091792598291,0.580556598363476,0.06462706412053607,-0.39950641116849994,-0.6118224549617955,-0.719199358632402,-0.7897517016857856,-0.8481040843382727,-0.894849555615276,-0.9265468137974421,-0.9377357736564638,-0.9324645626137051,-0.9190459852114832,-0.9106342157199242,-0.9150914505487903,-0.9307798669526662,-0.9514150146583481,-0.9694373808969514,-0.979796751123293,-0.9825873951194849,-0.9797179508603825,-0.9737682279104606,-0.9692672828862021,-0.9715471882449496,-0.9803647341725937,-0.9834203205393874,-0.961143645980617,-0.9028493816299974,-0.8184304658970613,-0.7291927273498903,-0.6585815029510902,-0.6150715276791636,-0.5979850102372655,-0.6048975645362121,-0.6234263740301181,-0.6158525607658937,-0.5291305833092281,-0.3104331278798037,-0.011491919750890171,0.26024516587251106,0.5133121651536658,0.7299523025710194,0.8618705911638536,0.9136728559494636,0.9261001554802981,0.9257404093338911,0.9246944656593893,0.9252741498360296,0.9227662832709659,0.9148938703804245,0.9020437365511755,0.8905466155015821,0.8863012173493353,0.8900552304517273,0.9030549036300921,0.9204397128057358,0.9361759564542195,0.94906254339934,0.9574149782402896,0.9602720012056456,0.9584291477779905,0.9579314431949317,0.9615440895545267,0.9656068011468995,0.959019378879535,0.939722984145408,0.9177504387335591,0.9047649374831438,0.9019633680630319,0.9064579400165786,0.9166500670724967,0.9269659566353186,0.9289886107735003,0.9180919405021907,0.8984822788386981,0.8739916072672375,0.8458341910049827,0.8084978816437655,0.7449284957626253,0.6364738851585802,0.4765869247793865,0.2750091051755611,0.03959697411490463,-0.23310636991766287,-0.5038308459001478,-0.6949274596884374,-0.8033040035622386,-0.869498578308955,-0.9175115811840403,-0.953669064553589,-0.9760644464886581,-0.9860036352880167,-0.9891703253662132,-0.9901340379366873,-0.991477872340461,-0.9937607642731509,-0.9965407752426602,-0.9981169402804954,-0.9973624150723734,-0.9947583107544219,-0.9914083728169746,-0.9877624977299844,-0.983539144674262,-0.9790159732483573,-0.9725248933382513,-0.9624486790396678,-0.9518629075144199,-0.9465944792961297,-0.9484263493885389,-0.9522656512794538,-0.9522216235790494,-0.9419390409613607,-0.9122839487929895,-0.8520778727904343,-0.7608230637260823,-0.6393184153649468,-0.48851708516263653,-0.29978299116615614,-0.07869951586075656,0.14870653069975104,0.3550369955429126,0.515177015227085,0.6218332158000456,0.7015243811720507,0.7675483465203576,0.8173648747239479,0.8513319783219114,0.8754428260015085,0.8965690469918473,0.9113295517409153,0.9184404961404145,0.9270951826327003,0.9386144655757608,0.9478437498954182,0.9540732461506461,0.9602654647895333,0.9684203689046964,0.9756666242514528,0.979507038717709,0.9795444966974065,0.9791243205231727,0.9803011841012008,0.981981463245981,0.982547578733324,0.9793640643402389,0.9702170830997926,0.9549014490131373,0.9388850790551386,0.9301209963949141,0.9241470050264629,0.9175463770596828,0.9120521708971812,0.9070605802147856,0.8953815110045893,0.8721823942103842,0.83687783142995,0.796703522690631,0.7619328866415197,0.7410770942195655,0.7120291048091273,0.610411989586571,0.40371686793890044,0.16392593140806985,-0.020860562923285343,-0.153028815261673,-0.2653130315331404,-0.3633549162429866,-0.43318933965882306,-0.48865951430012067,-0.5497982826178329,-0.6124403345674925,-0.6622727433310635,-0.7005235088228232,-0.7429634869039893,-0.7907971059775193,-0.8402522568825324,-0.8860555710917994,-0.9216718885026655,-0.9437964495662379,-0.9558961757410495,-0.9628133063152136,-0.9682922349686414,-0.9727675349102716,-0.9763119836311603,-0.9783513856871598,-0.9793951086525711,-0.9816033875584826,-0.9842121703203749,-0.9839757259095119,-0.9777483197506635,-0.9617387935932613,-0.9327874653651516,-0.8980105451533344,-0.8661864572548328,-0.8331691465439819,-0.7865058441935244,-0.7161190548411894,-0.6042688503178288,-0.4341970601126651,-0.21210940523909488,0.021397665533627624,0.2165526950815657,0.34855555624063767,0.4295809706201272,0.4675906318298801,0.4937842976342154,0.5324540020583125,0.5920586047355989,0.6602906897997597,0.7199612746517233,0.7671906276143947,0.8094831124502311,0.8503504059293703,0.8827249905155258,0.8998663917995445,0.9097351373975122,0.9229092550671935,0.9381147076573227,0.9521838107458667,0.9635940037639772,0.9713788789701028,0.9766155037444513,0.9798134034217693,0.9828747887920298,0.984732557215645,0.9814953658551336,0.9660398441832245,0.9333479592341449,0.8950800249269566,0.8699307409182212,0.8650441120966904,0.8733110412163477,0.882592808588481,0.879127284421419,0.8572972383511849,0.8138778423861477,0.7413229897970562,0.6194038430462613,0.4216675894600014,0.1456792070736966,-0.15224930470413187,-0.385179867618074,-0.5346679153263569,-0.6357685828538086,-0.7113299569299439,-0.7606431534912573,-0.7967474032908115,-0.82575185373072,-0.8504911695608841,-0.8700945760596039,-0.8881861317327087,-0.9097050230349888,-0.9333147350415963,-0.9506458140659609,-0.9591921913337186,-0.9649558094110813,-0.970558715885304,-0.976059437214135,-0.9807697780158041,-0.9847477933501112,-0.9877633845415094,-0.9909557871718665,-0.9922288556601666,-0.9878902811914269,-0.9801792280707848,-0.9749428360402485,-0.9736721053013899,-0.9733939425793791,-0.9706914534149247,-0.9683687099586386,-0.9618231253240322,-0.9309987130352119,-0.8458937042676119,-0.6888548607893606,-0.47214805956165384,-0.23108294941296417,-0.021683826978487957,0.10402571503558583,0.14376386830819132,0.15677423627757506,0.1867867312484643,0.25130936702005013,0.3508624303319515,0.48557191389467713,0.6533700993764736,0.8202678383782235,0.9235123689065022,0.9527312643042957,0.9392887807018728,0.9111084522215375,0.8822629263775507,0.8582146178319906,0.8386208301267485,0.8220627314518593,0.8068065464572073,0.7886639409141588,0.7633736771361413,0.7362721740595335,0.7179387868722011,0.717992462425847,0.7415558677862222,0.7875217661491021,0.8440975609480852,0.8941529465129183,0.9294668438574805,0.9529159674556937,0.9681342583740828,0.9761169606117879,0.9760361825313185,0.9698221121921884,0.9607483216898217,0.9476489603364266,0.928939918413567,0.9030271482674527,0.8535519324190993,0.7452153455222467,0.5166013265286301,0.17714878379032276,-0.1367610250317073,-0.3545736154646424,-0.5058203878953572,-0.6217634956703493,-0.711809945297872,-0.771989136670125,-0.8080886751529114,-0.8342657674788205,-0.8556578780750408,-0.8739676575900349,-0.8854627099176243,-0.8888511576435834,-0.8876851736071035,-0.8884220444963389,-0.8966491849727685,-0.9153626451378943,-0.9375118547202385,-0.9576601842706631,-0.9737036923870007,-0.9844929380333307,-0.9887504884212159,-0.9846887162536653,-0.9719678919135092,-0.9551746113780947,-0.9405071377234104,-0.9287352039538147,-0.9193285748942788,-0.911672145826583,-0.9120020771880893,-0.9210872471712798,-0.933049495218899,-0.9338009064825419,-0.9317468578381061,-0.927780841518646,-0.9040756130496287,-0.8619859494549484,-0.8147836192491646,-0.7783875504086203,-0.7543198535647148,-0.7332658336066449,-0.688992616528754,-0.5880434410948822,-0.3987403469214656,-0.13383709817404274,0.1423868589628744,0.3755255369427514,0.5894073327129712,0.7820374103714085,0.8871057789776388,0.8928023582325386,0.8833048690967313,0.8996936338117657,0.9303002386156277,0.9546903233952597,0.9657986576648193,0.9682160868783684,0.9690487138424904,0.9716180912574025,0.9761089255905951,0.9807893046543011,0.9839865798090586,0.9846347942167151,0.9840703213504813,0.9847104872128332,0.9863259805877576,0.9876956937770772,0.9877872245206544,0.9859811019891169,0.9840642461454555,0.983920711982357,0.9848163342495647,0.9838214277502443,0.9744111306031404,0.9477395408917461,0.9008786434459078,0.8378435293629769,0.7641626142616552,0.6772035022981959,0.5562170737683588,0.37389919124783305,0.11506473397911071,-0.1919663056074807,-0.5066727039916451,-0.7423406637212865,-0.8742785041513794,-0.9368109939503173,-0.9636507836106971,-0.9743532209032444,-0.978336308915093,-0.9799663070194058,-0.9807886330137078,-0.9813245342058177,-0.981808551322447,-0.9812441127003235,-0.9794261863984777,-0.977676126592892,-0.9772978485841097,-0.9781565196079112,-0.9799165542532741,-0.9813174361518469,-0.9797464301812414,-0.9753374775616959,-0.9702093078315809,-0.9682350470775434,-0.9712897034875966,-0.9787055156617275,-0.9855107852869135,-0.9876340551623076,-0.9852535067279828,-0.9786184228286015,-0.9701889982961719,-0.9640043637809064,-0.9617287500084083,-0.9560112415172112,-0.9380741854705801,-0.8979139424195163,-0.8339338748254324,-0.7543767652724445,-0.6527019420155705,-0.4864234365513903,-0.2413399686165403,0.04761687518757774,0.3205464821941785,0.5435241997563167,0.6980522859662944,0.7842343744069474,0.8273414567391948,0.8504563507926993,0.8696352333693327,0.889712040475819,0.912904495039582,0.9373165569186627,0.9557402607124373,0.9667970131001008,0.9731940943266112,0.9776413053888549,0.980919960492312,0.9838581508095924,0.9868524764885757,0.9896326854182337,0.9915607276603499,0.9918042312208202,0.9900827532495348,0.9866540002241235,0.9819380293998954,0.9765011661062998,0.9705713242363241,0.9647737422567617,0.9582779854510786,0.9441887213137964,0.9166777450419273,0.8820801616199518,0.851734195129227,0.8202380570385485,0.7614141573749972,0.6271354367424119,0.3276621251423799,-0.13563864290365196,-0.5238557910300271,-0.738712991737956,-0.8301486089421063,-0.8654454861644202,-0.8774897738831271,-0.8820027313658507,-0.8947784258763181,-0.9198232283100537,-0.9449936553330884,-0.9605561930032441,-0.9654179711387708,-0.9634663454083626,-0.9617933039020009,-0.9652925856706103,-0.9727325295677367,-0.9811365733418888,-0.9867342421972098,-0.9888976243891542,-0.9882840634164858,-0.986058751101018,-0.9835015538849673,-0.9816488480346933,-0.9818680908106923,-0.9837264292245573,-0.981728624482622,-0.9696116936197715,-0.9498440248810187,-0.9303013119348643,-0.9210447112930537,-0.92541557975534,-0.9400839800859767,-0.9586515340279357,-0.9753282519239874,-0.9864393025885334,-0.9918265096148533,-0.9908288739415955,-0.9849060032624658,-0.9772183672870095,-0.9599034669103278,-0.9085208532704114,-0.8202221026911529,-0.7088415082966126,-0.5664812680143383,-0.38669484960124584,-0.18477355831643558,0.0035289594319830803,0.17753500395305763,0.3564369887883238,0.5391859897389989,0.7042745728542993,0.8312350869301324,0.9098824812983369,0.9541893205375074,0.9759465787361086,0.9825069888341611,0.9811415507058622,0.9797434505333559,0.9823365581862343,0.9871663216383447,0.990025965665789,0.9873714572750859,0.9795920783210219,0.9729131554598461,0.9740845573890636,0.982087796666304,0.9884393316755354,0.9881559896615932,0.9850282639280743,0.9837553555208669,0.9840041167580313,0.9827720429819797,0.9787337826650818,0.9722817138104033,0.9641984496608026,0.9555519110289036,0.9457833661789892,0.9260893404347966,0.8719353320836211,0.754671419034704,0.5567941303664572,0.26037556403807327,-0.10224023603436781,-0.37611068145433624,-0.5332504637147316,-0.6174502306638572,-0.6702875660767902,-0.7098818302209712,-0.7412683901009741,-0.7630259221873754,-0.7742678678442513,-0.7807882381764626,-0.7990583841121006,-0.841801316405292,-0.8983273831680183,-0.9423462158787886,-0.9625319053711165,-0.9736493129382637,-0.9831249587951105,-0.98468694265414,-0.9726929261790168,-0.9510491359060675,-0.930311021872705,-0.9179002206788044,-0.9172801525384722,-0.9290022748197503,-0.9494596129150816,-0.9665022250150146,-0.9701238639207949,-0.9638525870364857,-0.9556997851719101,-0.9473252508038158,-0.939244087234394,-0.932951682484324,-0.9280919096008573,-0.919767807570301,-0.906046942554175,-0.8875086716133122,-0.8646965137060342,-0.8303250261066587,-0.7675773336189052,-0.6585460055796352,-0.5058238156802672,-0.31197332578615117,-0.07251203200652344,0.17636490043673844,0.326737936950726,0.3815546285337598,0.4103926748211589,0.44442259550123153,0.4965853044133734,0.5701955370528651,0.6595755229293101,0.7551804694218591,0.8391939690832775,0.8999007563612959,0.9372950812380876,0.9571471575173948,0.9652592091009461,0.9660813341647484,0.9645238063620496,0.9643790926989956,0.9670939815929684,0.972352199321172,0.9764829754403062,0.9787798724344268,0.9804254108524707,0.9823009039846334,0.9846120879209475,0.9864441186122025,0.9890887229573908,0.9912915471430965,0.9897747229966417,0.9827515934664547,0.971901407635391,0.9601773840899562,0.9466516737041407,0.9260259385121187,0.8993068061267778,0.866834427244598,0.8157581089144068,0.6951730895895545,0.4775932721154599,0.26049431845147625,0.074932681728557,-0.09694592770223888,-0.2652603094495817,-0.4440928617207105,-0.6288842867844081,-0.7862680780701237,-0.8890888670970297,-0.9421028887893657,-0.96455680078041,-0.9747130575482831,-0.9801227085730843,-0.982739981497749,-0.982092625142179,-0.9806231733343754,-0.9821155018229837,-0.9858921167461593,-0.9890559990819481,-0.9898797118885475,-0.98833153702146,-0.9829680694872047,-0.9736961173692108,-0.9661107525368264,-0.9644060539780303,-0.9631224625668843,-0.9533704025047669,-0.9337253737901561,-0.9139992857182206,-0.9008778640017507,-0.8923652028726037,-0.882086763843145,-0.8689453544494895,-0.8528917298847012,-0.8330068474554488,-0.8049853843325565,-0.7658350640187437,-0.7121881066683597,-0.6485181499158191,-0.5746445027232742,-0.48363899052105674,-0.347513855515403,-0.10843236467597837,0.2413061021900699,0.5520141030830016,0.7324876636911949,0.8204608243811004,0.8612290475702642,0.8839404026173339,0.9033622445064436,0.9265687517232383,0.9472698422686808,0.9602630106494573,0.9631292934905997,0.9550473479274928,0.9412277135650435,0.9307843154149129,0.9306505651825513,0.9371557690638784,0.9452158874915845,0.9519403375694763,0.9568220159089789,0.9632690770033642,0.9708062907746203,0.9746540167034895,0.9709110022911352,0.9619756443056858,0.9524359998100141,0.94539279265337,0.9399180896454681,0.9320145636634839,0.9200893274131918,0.9049591430688279,0.8902816868624823,0.8716394731649366,0.8383641215504056,0.7822292846410965,0.7022338874204448,0.6131747278944313,0.5184817569511622,0.3961295673743699,0.22235091064652726,0.012141718978787956,-0.17722810302288863,-0.3185909373500764,-0.43228781002980815,-0.5572055377041797,-0.694256343591967,-0.8121230908206185,-0.8834808550656816,-0.9219655618268442,-0.9417110572019064,-0.9559826240383213,-0.9673188669255203,-0.9742993470051803,-0.9764992337762972,-0.9772357991148104,-0.9784969862200342,-0.9810173291738483,-0.9851212529486372,-0.9885145622910126,-0.9905127684256255,-0.9922617818742924,-0.9937892145862451,-0.9943729212432487,-0.9938557749098359,-0.9937334526950485,-0.9942084718484808,-0.9934559977442058,-0.991554853752811,-0.9896496213484378,-0.9831315443105024,-0.9667295457894146,-0.9418728570616239,-0.9100389853090477,-0.8701394514315359,-0.814633388447309,-0.7409946601374426,-0.6496325262545884,-0.5207397946266652,-0.3388593289175323,-0.12737002928847235,0.09134172384380572,0.3041718361154879,0.48525736099322636,0.6042625833730311,0.664911214399141,0.6923139803315305,0.7070746832564203,0.722231811431832,0.7513243173391604,0.7984524500380716,0.8570783749899262,0.9075098743182418,0.9390557610482203,0.9549374669663925,0.9635242531968953,0.9696049662218487,0.9733671603848196,0.9754388824212304,0.9759318949589739,0.9756765540570015,0.9747414343008105,0.9728506797990844,0.971000399462675,0.9712559788673745,0.9739530814040958,0.9766657698368377,0.973317344863812,0.9618242565742146,0.9434675701945537,0.9201864856185249,0.8979304041139667,0.8860157777920966,0.8900918964464861,0.9040211127550586,0.9135961474339342,0.9009842393062936,0.8540167762642648,0.7838531351453356,0.6932693237594387,0.5155405316736895,0.21771721066207878,-0.0975823690167816,-0.3649504308288335,-0.5688702789819031,-0.7209599149256896,-0.8214241200553964,-0.8784684728276572,-0.9055884991980446,-0.9222957773749398,-0.9350777707064458,-0.9433455188233967,-0.9451447558789086,-0.9401094509460167,-0.9313938788108986,-0.9249750309634914,-0.9292807423222571,-0.9405327458766617,-0.9541259467904889,-0.9654456073929331,-0.9726721625754,-0.9756176080632565,-0.9727143568085229,-0.9610257304441737,-0.9447000114476414,-0.9332999070281759,-0.9339276846306962,-0.9453144052238167,-0.9598426832671249,-0.9714778196957529,-0.9778516732179403,-0.980145502388809,-0.9779258131044893,-0.9689682478351663,-0.9507693867916496,-0.9188745819503479,-0.8594574114356279,-0.7379081637731746,-0.4976252086153944,-0.2119221871708246,0.004781919105218248,0.156452336769066,0.28698129088677965,0.43124356331208097,0.5752589877837475,0.673687058300076,0.7260396570711759,0.7621173675259597,0.7973028774002444,0.8369767868257537,0.8735036144711847,0.9016658473010012,0.9213220547049793,0.9348542865448732,0.9432503284572674,0.947676749007917,0.9498283554602043,0.9515482355290884,0.9546102061190843,0.9611353045937238,0.9676315862366109,0.9699046660801678,0.9673251969741158,0.9639324601043476,0.9607424624956383,0.9532449050840739,0.9369100654892474,0.9155338940520048,0.9020975958286248,0.9020940549253008,0.9011110219982772,0.8837034094867763,0.8686693176675495,0.8779239345003615,0.8788031070007948,0.8293560314188816,0.744877174012851,0.6407538258848545,0.5175656813197361,0.37206377385882977,0.18337283761602155,-0.12812091694724084,-0.44727698833156304,-0.5797118010573659,-0.6385925438746702,-0.6842884092368641,-0.7192259893642319,-0.7447335315716329,-0.7706341493401787,-0.8024099580530326,-0.8393322466796806,-0.8735139870025596,-0.9050855172872636,-0.9309577149475404,-0.9424831160518714,-0.9368045764009885,-0.9223449514551479,-0.9123535927704359,-0.9170081157586711,-0.9377467983787455,-0.9635967307678356,-0.9829820902194611,-0.9892654806011598,-0.9836048782785666,-0.9705130969262498,-0.9499317507689099,-0.9193883904768929,-0.8839803052268539,-0.8592881489506775,-0.8565558269439832,-0.8722218636770211,-0.8969930725856136,-0.9217088527902283,-0.9407244672356411,-0.9437916522589387,-0.9188755675368492,-0.882419979460777,-0.860061895730987,-0.8473251489020764,-0.823770533625197,-0.7507294758155694,-0.5461662005721708,-0.15444551692677935,0.2574875662553619,0.5525034997523762,0.7357013960410166,0.8393377777406369,0.8767321057504626,0.8682267058222629,0.8447450372549742,0.8374806438133762,0.8579763177202887,0.8941324822490768,0.9236092005369104,0.9372891236951983,0.940238297381444,0.9390336552770172,0.9368302360490398,0.9349277763623473,0.9339418316972649,0.9347965643754426,0.9368102311958925,0.9391566842286982,0.943407951528966,0.9502549658551254,0.9598852643257249,0.9701306459419183,0.9786393647438179,0.9848170949737463,0.9885076580928603,0.9892658052154423,0.9859753168449911,0.9771103527826457,0.9595325992434527,0.9269608046965098,0.8658373551121091,0.7586804829231755,0.6248101355556407,0.506042154321986,0.4155396498698461,0.3225088329118813,0.18172427256424983,-0.022080758339546206,-0.252016564174901,-0.4826975843448831,-0.6662552879034531,-0.7775564831781127,-0.8344108962600013,-0.8677079420122973,-0.8994127985980102,-0.9351755642679236,-0.9666527715943822,-0.9848722556750078,-0.9914715279882346,-0.9900950250590781,-0.980815720225934,-0.9680714633724139,-0.9589138899424607,-0.9567482487997334,-0.9620886402434148,-0.9725587295971305,-0.9851765575145007,-0.9940373806993777,-0.9938984807834913,-0.9858165901336606,-0.9762082055196691,-0.9689694858164879,-0.9632319514311967,-0.9568433086438656,-0.9516792341415669,-0.9453734814645934,-0.9295626097067805,-0.9024519351727331,-0.8727497272264204,-0.852304892042798,-0.8478240692388849,-0.8380061702862177,-0.5375494866499011,0.5084666302224304,0.798192665535272,0.8852031226144457,0.9241630503485896,0.9317973544405804,0.9154519020946413,0.8800189385617118,0.8276535486687538,0.7604238666555981,0.6994353322467107,0.6726277306714462,0.6958513047277594,0.7579072623164789,0.8296170538580371,0.8821290498266124,0.9007417324741418,0.8875151716031086,0.8639398990950815,0.8611764224637738,0.8849730346315395,0.9183937546110615,0.9359383621706211,0.9196830738044548,0.8763349469342369,0.8367740821440467,0.8302705830744683,0.857299443839342,0.8941810146057988,0.9130721009005198,0.9079587490036062,0.8853584122523654,0.8579659697103108,0.8417028585157644,0.8529150168355781,0.9013166576289668,0.9594227317236182,0.9724157658798954,0.9194890614636659,0.8253046674888691,0.7164749856140183,0.6118395647253908,0.5161986315208561,0.42964025857180005,0.3356373175736882,0.22619957947070957,0.10069890216638928,-0.026931491318243427,-0.14063399528966442,-0.2403996204130064,-0.33860782364768716,-0.4479698530931913,-0.561153621618978,-0.6614606940815605,-0.7363434234075902,-0.7830793517572834,-0.8127730552297522,-0.8389284634308121,-0.8657050323923308,-0.8893453274298467,-0.907675870464569,-0.9224188759025153,-0.939386266523306,-0.960846271320724,-0.9775858483201492,-0.9778834869588467,-0.9631537028644861,-0.9477625421232088,-0.9436604072899111,-0.9511918732566069,-0.9626419347371198,-0.9706801761799795,-0.9741878705708549,-0.9752714780187955,-0.9754292593181423,-0.9735970273732293,-0.9639450667056896,-0.9380857883902797,-0.8913111825367439,-0.8199886717001563,-0.7193686051577327,-0.5831846895737766,-0.414894161355436,-0.2140737251318577,0.013204758008824974,0.22393219445691695,0.3961990575143303,0.5298607512726762,0.6349828309061721,0.7197745604877541,0.7891254698879923,0.8436433243488685,0.8834801213413134,0.9107586594381907,0.926856059946004,0.9355171552006379,0.942462214871874,0.9489817536087787,0.9569901518433815,0.9671796758141781,0.9766755579204901,0.9829724937692976,0.985794133685251,0.9860236416226902,0.98394645570065,0.9796610117702875,0.9744199413227109,0.9703284167466205,0.9671906473674327,0.9634719127789116,0.957216127687932,0.9514369067975742,0.9495062338857906,0.9504890698863797,0.9492863270059694,0.9315827638232641,0.8727151151722373,0.7704631865227248,0.6663186073216827,0.5864015431370048,0.5323286530694542,0.5008464990752114,0.48612312296637555,0.455821505881065,0.28409446381629627,-0.056220881447874994,-0.32022445328839555,-0.49029565364858746,-0.6271574280774881,-0.7558187167019814,-0.8452636066235402,-0.8731570982441572,-0.8619691789544596,-0.8277833944327955,-0.7709395631266543,-0.7153555726268324,-0.6871999755258956,-0.6953221101386862,-0.7343976392591631,-0.7774166167160462,-0.8029794518438886,-0.8168596984363368,-0.83693563015461,-0.8735528947806015,-0.9242329487744222,-0.9703769089302845,-0.9924953093012497,-0.9929283560262353,-0.9852793864482149,-0.9782729775762592,-0.9723391937302553,-0.9640712912304424,-0.9543571478912872,-0.9469743960066559,-0.9476006372905671,-0.9573173209871714,-0.9679245952033128,-0.9718719146442224,-0.9614813203610207,-0.9282973021318968,-0.857932046086921,-0.7311631805758124,-0.5375238946678131,-0.28905847014126224,0.02369469517481394,0.353260324457136,0.5964618689497087,0.7482951941741408,0.8288204917054092,0.8516752011648646,0.8474756815263206,0.8437914111089707,0.8553459854579359,0.8815218948482181,0.910128793605391,0.9281196673813796,0.9348902926343231,0.9319473343259886,0.9208547562733679,0.9051246344979128,0.8939699279462765,0.893303257978692,0.9019764303855234,0.9131163834722585,0.9222345558832429,0.926947903563595,0.9267171683706829,0.9205493372909984,0.9143260102005366,0.9139890725699192,0.9252144956173206,0.9457190679407483,0.9575897099385136,0.9470760412840555,0.9234537212385798,0.905964290932501,0.9021263549461445,0.8975766796859777,0.870747104203161,0.7971033377912142,0.6535654453820368,0.435177922346217,0.18994783409307903,-0.028385285367481496,-0.20823364713894282,-0.3650553952845357,-0.5052757754622584,-0.6344313689985369,-0.735168192889686,-0.8008000300760495,-0.8317573180125724,-0.8421020576059685,-0.8507335157937213,-0.8658469943270342,-0.8888467766887621,-0.9140340379866633,-0.9336948011644831,-0.9461643418247802,-0.9514084062651437,-0.951994287265928,-0.9543625488193812,-0.9621771948057872,-0.9726486202704621,-0.9799630680403353,-0.9844478954981793,-0.9869410071740136,-0.9883754432664822,-0.988472787261569,-0.9871910970422905,-0.9836394659429241,-0.9787868255786243,-0.9738050614222674,-0.9691496749719589,-0.9658202417546726,-0.9639140169183302,-0.961247673773437,-0.9534695281228931,-0.9394269539302655,-0.9169104374112418,-0.8842654980807819,-0.8400566587947319,-0.7689821887357701,-0.6252701205358973,-0.3372363431600567,0.045086594207217015,0.3437424182049738,0.523509035041046,0.6293763982485223,0.70282207156184,0.7575912793622918,0.8047247469320943,0.8496865123768038,0.8901996635657391,0.9264616749841927,0.9549694222415559,0.9706246283648142,0.9746862141373702,0.9716146119895404,0.9673396036848101,0.9660554707374898,0.9663601552041171,0.9684763061267685,0.9721918923952636,0.9769970535036268,0.9808088512869712,0.9830782544036709,0.9831200499193197,0.9795244597986005,0.9726049263605758,0.9643801468663321,0.9577406711734255,0.953309565370795,0.9488686375593002,0.93896422720409,0.9211768113242937,0.9000701068927676,0.8863014041306628,0.8813771675565332,0.8813034064844671,0.877478559181269,0.8476384743809857,0.7702778451784662,0.6302150156417275,0.41090800719908965,0.10744258607380755,-0.18368855788210697,-0.3881788426631609,-0.5204227179747155,-0.6212027416973721,-0.7197482355920439,-0.8088274271356579,-0.8685241300294438,-0.8945516436429225,-0.8825204293017184,-0.8473412415350974,-0.8023516700934308,-0.7629081273759909,-0.7457210575539844,-0.7513455042934439,-0.7735821905103634,-0.8144908401533854,-0.8695733164354853,-0.9219980624151293,-0.9561392921428657,-0.9723344052716473,-0.9777297028819422,-0.9745205641283896,-0.9640996207517509,-0.9448634475574681,-0.9222723702831171,-0.9091689246658499,-0.916852688047773,-0.9439298879636849,-0.9704987141256345,-0.9766854607833686,-0.961609046811375
-0.20804170614324483,-0.22274448955748338,-0.24587458302541715,-0.2855789756345902,-0.3377574924564995,-0.3737187594062718,-0.37649418724988054,-0.35674536479585683,-0.325469534088034,-0.28404308722919464,-0.2381605731706399,-0.18805857386770172,-0.14175693896368605,-0.10468860428005076,-0.08159845373549005,-0.07046304857890076,-0.05930638450303117,-0.04291554146985338,-0.028406761608353374,-0.024440962937693853,-0.03552110585932685,-0.050781513862330444,-0.06395277097260968,-0.07342554384060627,-0.07785916624974476,-0.06994191062681596,-0.04866260102740992,-0.023500876355653167,-0.0020901074764779113,0.013158499568441171,0.028550045326667953,0.05336280499200155,0.09051060406323137,0.126919890478785,0.14306061559830022,0.1300237816495275,0.09446167588333587,0.05142666229493988,0.009538030384873343,-0.014993611926184217,-0.009550846446951736,0.03108923593978593,0.11045744422017904,0.23682298917338102,0.3897781692462378,0.47931704967035876,0.48647942477894235,0.4609205465608219,0.4276180209896244,0.3903278089945176,0.3561017068675977,0.32334262056845675,0.286042510550298,0.24607989586908738,0.2047820144257127,0.17493476802917196,0.15204081808875963,0.1308029667685653,0.11689625189000187,0.10869754129378954,0.10546376985742344,0.11095375029875743,0.1172012864464329,0.11711673844525036,0.1007993870314718,0.0710926226560881,0.03963227396788693,0.0173922704483291,0.007853303422685053,0.008454112051654932,0.015200446067889721,0.021692889889268083,0.01844156993714363,0.0027484488811636326,-0.023176317622372853,-0.04833364572929459,-0.0694224810282303,-0.09668771077181962,-0.13276787793531106,-0.18053409096080297,-0.23186212683923066,-0.2783006384362664,-0.3247055179561664,-0.3508690924937697,-0.35940761875690413,-0.3915110312987255,-0.49372897471318417,-0.6641845045913751,-0.7421190825120805,-0.6158158931223102,-0.4306498915751736,-0.26724059823418644,-0.1427175469869437,-0.07172109883188803,-0.035894229175048906,-0.019758956447925732,-0.011232311392582123,-0.009353131081270009,-0.011621852445965987,-0.014698080173423006,-0.01746002842329332,-0.021815390730091554,-0.025101387782829658,-0.02192876362946268,-0.010935027043275293,0.00589486719971575,0.024079238983290962,0.042108298532159256,0.0580673197682032,0.0734819751741757,0.08800617739197883,0.09927946212033023,0.10888365622103556,0.12341982422277412,0.14594774445411224,0.16983096428680153,0.19054218172732004,0.20902267716833597,0.22994391280502127,0.25079247618538947,0.26828132340141536,0.28071158352641257,0.2949548185612828,0.3104739222303498,0.3094249567449469,0.2727280490018715,0.22134045297294724,0.18879371453434252,0.18364218320786305,0.19441525730333312,0.2026695557646739,0.19678433185709335,0.17700218659898556,0.15218558882280434,0.12466899001980843,0.09888090556678368,0.06110650914229704,0.012341786496157959,-0.011810752840423735,0.00711684637744419,0.04945763922439521,0.0711906259164463,0.06833304957138679,0.048305098846331454,0.017237177445035445,-0.023765167578117783,-0.06713052261906077,-0.10371429161203176,-0.13262508116848204,-0.15321882392807526,-0.1633613596754893,-0.15881189953630057,-0.13672253774118176,-0.10397450379965341,-0.07494820441280955,-0.05492644994531528,-0.04795004390037336,-0.04828012061483784,-0.05533074427038763,-0.07512554525253042,-0.11543964649745914,-0.17338049293047264,-0.22753899480245512,-0.26715917603289097,-0.2890082060439463,-0.30221637649905336,-0.3153513174137242,-0.31875027168138076,-0.31254022562622424,-0.30930661099987194,-0.31146750528147943,-0.29909618333689836,-0.25381030498514984,-0.18795921690617,-0.12814965626055044,-0.08831200227780883,-0.0699082242002633,-0.06899238034754038,-0.07805051575901116,-0.0912282324706711,-0.1083091328568504,-0.11702905617011956,-0.1123354062582239,-0.09378771541097815,-0.06466275157842159,-0.03052681552622915,-0.0011269240570046396,0.017606851146019908,0.028368911498047832,0.03855188055527823,0.05699961191522167,0.09128522816569504,0.12395618172543647,0.136790250686411,0.13061415439694193,0.12491536786732155,0.12767769225983935,0.13795149751618485,0.14697383597824729,0.1504163786449303,0.16023019815596418,0.1802468502231746,0.21468483843753408,0.2650212279779664,0.35772814064646447,0.5754284641711634,0.7374877943002347,0.5018776837322222,0.35857945990269685,0.28143366834840816,0.22095348897703046,0.15866443859438317,0.1036708854554111,0.0680632219001365,0.044283694879371324,0.025366956285662604,0.008825159483348867,-0.001625258064655068,-0.0021302966802749894,0.0035392924637367676,0.012046316880747731,0.020297793887445077,0.023956714608300407,0.024012218789453046,0.025642267904138035,0.0306221579667628,0.03171314367959733,0.023303450048050307,0.0035494917891653838,-0.018683000658014863,-0.038687305114808265,-0.056484528087378943,-0.07405408991039884,-0.08970878251854156,-0.10044151521354773,-0.10699987824140061,-0.11684396026672515,-0.13754360304508428,-0.18161601288120313,-0.24457095625043343,-0.28959291242262,-0.2777508363882429,-0.2303826470614095,-0.19153863712705307,-0.188601715245216,-0.2176186127590322,-0.2590281752110567,-0.2961722465200254,-0.30826737303027235,-0.2861442025760444,-0.2357601845373805,-0.1785540747592918,-0.13400367390043005,-0.10818154754760724,-0.08918388277778354,-0.07221518985942671,-0.050548443488161704,-0.024748396674015884,-0.004000037580125067,0.005137554346836372,0.008858705604793333,0.018977391218047222,0.031480701952033945,0.05181526199092043,0.08340288529086624,0.12393269874384799,0.1668203749993855,0.19914098977277989,0.21331796476420062,0.2113265636558162,0.19886212230425365,0.17947582112677746,0.15802379158290514,0.1411351667228942,0.12710422710369115,0.11142933813341623,0.09283738165350205,0.08160404531266867,0.08834281215094304,0.11641117475433121,0.16144150821850536,0.21712743865536355,0.27727402377370053,0.3321573874336865,0.3693379580258276,0.3921463731138575,0.4187548449443781,0.4623291362031962,0.5378172575183426,0.6266333314043336,0.5912285508718995,0.40345501627396513,0.2551810848753611,0.16261942456230363,0.09932576614437677,0.05180543140964669,0.016012507066967437,-0.003818706005951231,-0.005179363611616464,0.002857517408714295,0.010745566262684742,0.011099416721866942,0.0050593308584713885,-0.0028999056437982633,-0.0055768248420568385,-0.003965945759077172,-0.006801877042149734,-0.015556844864470024,-0.02751575859396447,-0.03843240397322599,-0.04767483225766413,-0.0516243527913061,-0.046150354420794695,-0.028784830870948283,-0.002786525463579381,0.02640070241218174,0.03988825027070731,0.031436763524429576,0.004235859834129987,-0.03687617450838107,-0.08728129858353133,-0.14443081734370972,-0.20261061573640737,-0.257249431614898,-0.3080939789660551,-0.341432734732561,-0.36150516344843314,-0.3879691859415596,-0.40945587683437873,-0.38663990940575,-0.3211041404632646,-0.25105547588815896,-0.20364759306118302,-0.17818391348051751,-0.1668998208638223,-0.16527131772337353,-0.17033208786539716,-0.1800018067344656,-0.19350907592452446,-0.21419350206746748,-0.23802443474777152,-0.24536940841694027,-0.22279975183723394,-0.16971667825545353,-0.10268136468115016,-0.039014078814491086,0.007269619989604137,0.03721964505463679,0.05474582821292552,0.06428260362275882,0.0665369380274634,0.0669678457523145,0.06770204483117268,0.07114468306412762,0.07775318438697103,0.08541558072334998,0.08966201982563206,0.08937320533402891,0.0886979027786339,0.10080268723446657,0.1354614810054101,0.19354141106986705,0.2587751491117017,0.30932699456923296,0.33797715954250745,0.3604946520463712,0.39512415403238665,0.4101504165435058,0.3797996930640088,0.3233371790514354,0.2575405510719801,0.18744954942811745,0.12307551438745871,0.07566413499590699,0.0460039645240641,0.032876573576318055,0.02531781244818071,0.02129813899839972,0.026283029365325793,0.04821553368102136,0.07762082488491105,0.09971633593889169,0.1121816075175478,0.11673085330564029,0.11333688079638017,0.10273944203632909,0.08354632455106253,0.06039770968634298,0.04083633283830337,0.02749239364983082,0.027681328207805292,0.039610886908915684,0.07072728256156609,0.13128079143990903,0.20105643740602946,0.21666611748005432,0.1882178252996578,0.17990092822907763,0.20360809490606155,0.22212792431345899,0.1911108294564903,0.09599978574166472,-0.00454664491659779,-0.06681544507176279,-0.04436066072633231,0.026681550980244207,0.0408182026473107,-0.026595985720312833,-0.13740405048106213,-0.23953008677452012,-0.2806303141317836,-0.2491008353839254,-0.17873202197505253,-0.10266268796880955,-0.0561959046442207,-0.04671159228587845,-0.05300907780799507,-0.04916741329689961,-0.025990514529733694,-0.0013802023145348442,0.0061843057463312,-0.010377179381114078,-0.04085793250422724,-0.07226377880302452,-0.08945395548282999,-0.09643007147966849,-0.0961303979769264,-0.09063929505104584,-0.08065384394418756,-0.06259161743938838,-0.04024387749233819,-0.022863050953722784,-0.015578781456398754,-0.00823208390757048,0.004383426441143158,0.019012922872511797,0.027894083885495084,0.024855076210628838,0.013299974006377632,0.007944187958374021,0.03632152339388023,0.10754987183573794,0.21289443967390698,0.2955342728188226,0.34060748277802233,0.3627557936358856,0.3513703582146523,0.31909169911120217,0.29215767473962956,0.28503784714489927,0.2890110924019708,0.2904079753246563,0.28615170425885966,0.27596512600478906,0.27014931493622163,0.26630483260896626,0.2504806781035602,0.21555108752565189,0.17374390721982055,0.14375349030918344,0.125174942477878,0.11068791456021872,0.09852184531382686,0.08531555725646499,0.06512625078672672,0.03691702305994278,0.005239849949449919,-0.023840205148911532,-0.04580200415422238,-0.0633503945526834,-0.07761698771955933,-0.09150274703068219,-0.10723895434505239,-0.12494076104337522,-0.13477139997036422,-0.1325003341504798,-0.12022587944449324,-0.10752476763320114,-0.10377228821878537,-0.11267135005007384,-0.13867566311045937,-0.17503268923489596,-0.21021073254625716,-0.2200388941334935,-0.21470823953747473,-0.22175714872454175,-0.24527342666679455,-0.2749816439887489,-0.2885894576560973,-0.27760857874511813,-0.24864020766045053,-0.211632747626241,-0.1723870711797022,-0.13274380100567248,-0.09741154311005991,-0.06566650112268467,-0.04103397411406863,-0.024368705130341648,-0.02040759959770828,-0.025876815624055485,-0.03233171922907784,-0.03364910455465028,-0.027707906722638526,-0.01496016601028788,0.002692919421877666,0.02098779260816883,0.03966405610501154,0.05961799963071192,0.07339546077554629,0.08183151087705541,0.09007765254280421,0.10806432666302157,0.13730007184190876,0.1699640292364798,0.185032374009946,0.18240378209110314,0.169983803765146,0.15529494982667386,0.1451728403215037,0.14982658762873557,0.17867069848044392,0.23542676322131245,0.31042289076462143,0.38029049932859627,0.39473669520642385,0.37866992046013703,0.36418606673414505,0.34319363609641845,0.27175084241040054,0.1966327848110785,0.15036035630570574,0.1195620570573499,0.08933252866002207,0.0629778613958239,0.04705579693473434,0.05409155491757447,0.08175334598528802,0.11723784186344571,0.14212109577000126,0.14469697608352317,0.1319214674558984,0.11154299528642958,0.0880515985202667,0.060390641970403426,0.025823032712577413,-0.012085971678051597,-0.04375232357254114,-0.06137053649687357,-0.06775609039235571,-0.06218658196668522,-0.05295926620297065,-0.04884716069625998,-0.06029739252391634,-0.09064815672780988,-0.13124158006635403,-0.16636813800254455,-0.1972602689921982,-0.2222157583622893,-0.23719497275328702,-0.2566847518516226,-0.29264024436945485,-0.3268624156698591,-0.33416044184297,-0.321472568855223,-0.3482745907430253,-0.41421821102417455,-0.4891535919205491,-0.5404385952145928,-0.5477539156166747,-0.4998389361215826,-0.42862674992745925,-0.3473151150415665,-0.26253360405894755,-0.18539634500644078,-0.1214860229516126,-0.08011984278655598,-0.06866048003210312,-0.07938005987531262,-0.09758909882971563,-0.10321094592579207,-0.09067636536583204,-0.07123552720078562,-0.05075137478788611,-0.02990522782454147,-0.002419150844100944,0.031651779292709285,0.06511312034795924,0.09364764766490834,0.1140629239060202,0.1276498683515789,0.13702536343313498,0.14651645221366116,0.15548308748061873,0.1656966279174764,0.17998175917690457,0.19520492877251763,0.2066398932659126,0.21519258769299696,0.22636284345518629,0.25021136424180723,0.2942119306691468,0.3608851298477311,0.4522825780875331,0.5604268035670544,0.633922129510726,0.627257042727316,0.5718746606491819,0.5105513994149085,0.45358532806624013,0.40189528182476525,0.35468127858248066,0.3124732748996804,0.27439121850876064,0.2394997020294774,0.20372162021640144,0.1615471031039148,0.11292274079269209,0.05707656005207289,0.0012410454161022053,-0.03867921712314653,-0.058732581629052885,-0.06789894460203011,-0.07512601225652064,-0.085505394181876,-0.09810078808568358,-0.1117775335319506,-0.12845876446480262,-0.14402234678119535,-0.15323746851606093,-0.15960070180960192,-0.16283683487219489,-0.16731963416217357,-0.17661103232337996,-0.1937575594866532,-0.21548759918385987,-0.23811133092048656,-0.25050685806504036,-0.24423919539130567,-0.2276695650566885,-0.21441664772415167,-0.20801411488173963,-0.21057160689454527,-0.21385198153611829,-0.21537979256597753,-0.23391766726639887,-0.283669274983232,-0.37055185553992087,-0.45331021491147266,-0.44917334841634216,-0.3897053212102792,-0.3267289557830957,-0.27507649603709783,-0.238925363032635,-0.21501658468269932,-0.1954759835605008,-0.17829034674675473,-0.15090463588095368,-0.10710885638329654,-0.050795493989880876,0.0061982586502666165,0.05309503284041319,0.07800843029085443,0.0816591763060599,0.07232097553977634,0.054879379386949874,0.03301110004358512,0.012074201875201694,-0.0033563060042004875,-0.01254392025632688,-0.017945243081966874,-0.016242573816146924,-0.0060495215702090046,0.011591453742666494,0.034864138878644695,0.058125129608554205,0.0761507650332504,0.09497229789103312,0.12136175639501717,0.15275033247341988,0.18687538588925504,0.23856485095285634,0.3036304537376518,0.3384539056938822,0.3097667594850948,0.2673798101988172,0.24502229428468197,0.24489330871612192,0.25823090418342676,0.26579576996762594,0.2625902104100671,0.2544748640435285,0.25033585450435814,0.24740937018711018,0.24144711178847594,0.2244113203352332,0.18871884470860695,0.14172905536956734,0.09844544133020569,0.0668391461072546,0.04854969573245031,0.03434366792378046,0.023380604312745655,0.023523182307217984,0.033862336255813766,0.05223124827569013,0.06533232819064345,0.06751671573543712,0.050079610675783134,0.02467060372360482,0.017186395340948814,0.02399902487074761,0.021697545149244987,0.006577199962823594,-0.020152460204135973,-0.05139711839015383,-0.0751006516218079,-0.0833144730876695,-0.08201449722211908,-0.07847490530432248,-0.08362446347288895,-0.10252121147552441,-0.14424077066104246,-0.22032808392065056,-0.30252977350749916,-0.34501003995346713,-0.34039969413907345,-0.31510779882957646,-0.28634312765560677,-0.25942998478887214,-0.23375122970934728,-0.21653575348719115,-0.20648551725213699,-0.1963681474752651,-0.17914564791723214,-0.15306992540962347,-0.11631822370982334,-0.06604754302990667,-0.01472615628860312,0.026115440442988854,0.049848253425488556,0.045144712406592194,0.01666385737870468,-0.01657485363158813,-0.04195107108783137,-0.05175084700449294,-0.04500343750811374,-0.02596494214334931,-0.005670087924688254,0.0070473021966043475,0.014666740247414472,0.025152686441573365,0.042991378344480136,0.06314350565214927,0.08710933368150932,0.11206294184032457,0.1332371329562537,0.14489031195857455,0.14637017691492393,0.1519272838661942,0.1639633093149919,0.18999605555819168,0.24432480415954538,0.34406538565327116,0.5004883193362611,0.6157344158708978,0.6165548278960998,0.5534564445065894,0.4399485444591587,0.3122327836841098,0.21429785274520666,0.15704377186496732,0.13594362493021128,0.1448063801704629,0.16315782843520177,0.17382878538866744,0.1776353221767487,0.17823215331265918,0.19020295813022525,0.2135465645318794,0.23380520550110895,0.24212457694927214,0.24210621830434623,0.24467308062811613,0.25236897254278323,0.2610230874649092,0.26454109022897787,0.2625079405721979,0.2541636489368843,0.23807554514005988,0.21797598855304312,0.1925905285646194,0.16309432701577367,0.13219987063270244,0.09903529479440869,0.06110163883821183,0.021714747954743464,-0.0016457137164461158,-0.008877637001405772,-0.010973948038924227,-0.013333379157601515,-0.025629041007824076,-0.0573241166415241,-0.11890076748943366,-0.21611364271613484,-0.3137268837818904,-0.361347130904305,-0.37326695324019815,-0.38522729292667846,-0.43122614976000667,-0.5263371780262684,-0.6162876347385188,-0.588185853768546,-0.46724142729611456,-0.36158392567227804,-0.29649149378513995,-0.2600399864012338,-0.24774706404293298,-0.24705605997049845,-0.24465859581797067,-0.24335641193373014,-0.23825186949885405,-0.2268246149486325,-0.20906409973479545,-0.1904228802533046,-0.16930154850966697,-0.14222515913626824,-0.10408016276154798,-0.059769538421042705,-0.01857695348603903,0.009002602518164855,0.0223090994958768,0.02594835045105399,0.03050679557250569,0.04450662044890809,0.06893804624473635,0.0970180355264105,0.12405575760827173,0.14435467299543467,0.16073679418699674,0.1754752866364034,0.18931863364365567,0.20365192399373516,0.22656826960972337,0.26521350270335164,0.32250063666988094,0.3918185569632238,0.47750738450431685,0.5184499287898731,0.5093620152149875,0.5083173673268931,0.5099422281432564,0.5072859914968268,0.4763922943426427,0.4004778661754062,0.27852248415289177,0.15839952445521444,0.06877124968158421,0.01781100488047555,0.003593584846390154,0.019014888319105118,0.04650145710894079,0.07106049902852069,0.08842506332570867,0.09485392552487489,0.08776003544734093,0.06632017261107144,0.036027177779236794,0.006308233986708901,-0.018354519924874232,-0.032502266599944325,-0.03448727782444651,-0.024713423772250637,-0.0022384877498147692,0.02392687634099785,0.04155480943575996,0.042489486057053834,0.027189844775327307,-0.0010571868418514018,-0.03310000681780999,-0.06616516350898702,-0.1133492185578561,-0.18337320210075217,-0.2576018726416246,-0.3114950547981066,-0.33804722597077874,-0.35264272413054454,-0.3696440252175525,-0.3802513133219219,-0.38295121132971977,-0.3747019724192974,-0.36187522977805764,-0.34217833459154756,-0.31623248682902594,-0.283899543351605,-0.25353588739271576,-0.22747626181435107,-0.2082303451585818,-0.19705683998430099,-0.18627635126679176,-0.16881584600581181,-0.14281229187086453,-0.1166454844392069,-0.09482246027175499,-0.0877817365084682,-0.09164280528188704,-0.09742720750638213,-0.09152281234050938,-0.07105424031311319,-0.03817563799998989,-0.00011153407923002763,0.0365842001978136,0.06724694500847851,0.09538468600311165,0.12455696985768494,0.15272299258739502,0.17667876268465157,0.19367088299336616,0.20447945070771453,0.22237018885725846,0.25060756846816923,0.2894804928823657,0.336970643287947,0.38205757532506757,0.40971151683492857,0.4195780278558734,0.42597702168812934,0.43695232905823983,0.4611378621948259,0.493067716474143,0.4966798922807254,0.43991079083924534,0.33183297703422315,0.2202741219204759,0.13238819091951906,0.07582073002836279,0.04611943281685369,0.032359103525605365,0.019300181946254564,0.009845872585308961,0.01229974310838318,0.021684742597917032,0.033709407485507645,0.03672215456914345,0.02898158513500468,0.008154492887341816,-0.016189439798768922,-0.034042984181919124,-0.041638614337948306,-0.046399748461923906,-0.04880877194732512,-0.04524641683266913,-0.043559855974018395,-0.05201027917684764,-0.07631309123975699,-0.1089499752202045,-0.1343066973383168,-0.14550009772677766,-0.14599608110187678,-0.14018173375697307,-0.13870978671129208,-0.15201494830000462,-0.17953863240658927,-0.20754628497514846,-0.22530083636237294,-0.2199486866857804,-0.19671048270302482,-0.17310466776610764,-0.1697142102560842,-0.20594720464773467,-0.2456764682472831,-0.24696514500197547,-0.20847744492987658,-0.1545609927912635,-0.10751378662330358,-0.08019081169186627,-0.06936542004509647,-0.06649265067988633,-0.0706383400301155,-0.08070426943001559,-0.08761016713826504,-0.08634079377423536,-0.07060109079708465,-0.043582023853759325,-0.011279572933299328,0.01995205855007446,0.045063205563407406,0.06332784348350104,0.06820409159466906,0.062181639256973543,0.05534655736093892,0.05754149260242205,0.06958352192858076,0.08561650755401846,0.10309346756355373,0.13040010925659185,0.16035984561296918,0.19136100846606363,0.22346676297878204,0.25759758560827184,0.28970822929105905,0.32348223568628187,0.35886263614154196,0.3896700016166645,0.4168119834254162,0.4383132576863318,0.4379510888977426,0.4093828846744531,0.36960616379339334,0.3359210126527208,0.301330963859912,0.2668116445361539,0.23107691938801697,0.19314935509983847,0.15593019540249498,0.12192542594994853,0.0968483502865618,0.08266723064660117,0.07537264027094694,0.07016417190807969,0.0682880317092097,0.07328878063033252,0.08508071932614637,0.09741114857946065,0.09763174451350402,0.08098500843391161,0.05068629538472729,0.021230142698563943,-0.0034487531974336104,-0.012309672886049545,-0.003243073311722614,0.013151099508562839,0.025398839830097796,0.022955673564923396,0.010692024409222955,-0.007485327853135379,-0.028093275270242704,-0.0472742270814191,-0.05953000340895732,-0.05830499939643797,-0.06316461893200884,-0.08684014323525803,-0.1300406290686118,-0.193441561393716,-0.2626141797028573,-0.30995339179250425,-0.3347194849128515,-0.3553137799989201,-0.3929134595713014,-0.4275202825809965,-0.4180289503694773,-0.37622853656886407,-0.334596068854353,-0.31247332182921755,-0.2949292409069685,-0.25183526653573723,-0.18195215571222684,-0.11764716601831232,-0.08479401727969459,-0.0810221614302455,-0.09771141453667488,-0.1212753271830716,-0.13342218080132942,-0.1277332284049172,-0.11011911713050794,-0.085975397978173,-0.056043457970237076,-0.027126071029844295,0.0005231959302169631,0.02610519221063996,0.052563026835447994,0.07307669540830693,0.08255069322939616,0.08303466807376064,0.07763190044867865,0.07077448997914383,0.06653536679411233,0.06667606138672043,0.06521735240467215,0.049427215852086974,0.03771231816925273,0.041415886297860006,0.06495119154820318,0.09790354072515373,0.13663554449364013,0.17803164676413255,0.21777486484092376,0.2548376097162055,0.29233840700200225,0.30843085924551394,0.2875431314848854,0.2663245054054155,0.24345552374914864,0.22310581408183847,0.2015341104367583,0.17889027320641027,0.1510663302592813,0.12156044334096541,0.0912875980043679,0.0678012156317593,0.056944591585171435,0.06413391500645835,0.09053417370121111,0.13089119081684497,0.17193185771216166,0.20260382345288247,0.22285587075649646,0.23471739482624188,0.23336581224694827,0.2136653787341796,0.1824578532970537,0.1426179062958278,0.10158432221195428,0.07157124655612832,0.05455445209459623,0.04359085797868026,0.023495937298542494,-0.01682968825799078,-0.07842256344039025,-0.15291385887950895,-0.22833638678069526,-0.29672637018014925,-0.35791795494360473,-0.4264765599178281,-0.49532053131582365,-0.5540773289672468,-0.6079804730994417,-0.6688481467788353,-0.6737186601401747,-0.5442860463191191,-0.4085463997921954,-0.321302285551125,-0.2554921411424786,-0.2129756367785019,-0.19164755072931078,-0.18973186091528815,-0.19244211371847927,-0.1851912215085408,-0.16591192957100917,-0.14571713706293515,-0.13244423493074137,-0.12255540339565295,-0.11514105192312037,-0.10394417638661697,-0.08558093093876043,-0.0588185619523445,-0.029966920328614984,-0.0013843219861089265,0.023795715839302248,0.040290612267309504,0.04819281568738129,0.04985757176715246,0.04668330258773828,0.04204676260361247,0.035738640887701,0.032831106814443796,0.042843679979676155,0.06166052003894774,0.08409594278250548,0.09040827048711973,0.08201695810449483,0.0808529811460212,0.1122676101878845,0.19599538746083794,0.35766958647944685,0.5712022567439075,0.610248724358045,0.5443780776989967,0.4825075859167189,0.408973718647532,0.33201581624546767,0.2703289348002007,0.2354172660796985,0.2119850695469909,0.19571974043205476,0.19270621266658486,0.1932334134041971,0.1878097089244828,0.16407983024427159,0.12932826757719576,0.09590141827174503,0.07540064515515606,0.07767837643629179,0.09502655560274104,0.10933617625130777,0.10928770757010256,0.08968286727095619,0.05273057652734215,0.008974807861098834,-0.030570745789400038,-0.05454780884199301,-0.06047107903818729,-0.05550154589690149,-0.05635216085318443,-0.06944502731465167,-0.08755408392344519,-0.0977943208106343,-0.09376148885586437,-0.07130958584403141,-0.03702271782393698,0.0014861928887307848,0.006017947648201315,-0.06291815571631112,-0.223244862876157,-0.42265920782084154,-0.554754031505845,-0.5858160384947846,-0.5521167848240252,-0.49850448287961974,-0.44955125446488886,-0.40915808526411174,-0.37239663925061606,-0.3297338764304463,-0.27791560198670845,-0.21653804917518715,-0.13906979749808213,-0.056252045480528735,0.010002820663194594,0.04712637236946973,0.05491469250712754,0.03312991635234852,-0.00214309739085427,-0.03345365275062551,-0.04785361346847001,-0.04860223149132916,-0.03951128991070266,-0.031162671055734722,-0.028172340312335523,-0.025272910424100327,-0.021778410187921367,-0.01029513813398013,0.013496385640122783,0.04360084033321172,0.07354990031093916,0.10015725601984787,0.12777907603426122,0.15651719749075413,0.18622031592634497,0.21041624646164633,0.2262689829538715,0.2351606579226183,0.23993098609551003,0.24253960692466703,0.2427668646971029,0.2528261025280293,0.2867666435621038,0.3423378468560113,0.4166399620344666,0.4929928850454646,0.5309416589268544,0.4915647789764597,0.40007101141454215,0.32396184063440947,0.28110134498179473,0.26385417530386085,0.25321302588968564,0.23670235177114593,0.21138383632699626,0.17935993831057231,0.14317288697696348,0.11078190916455499,0.0848402567269963,0.06393737717808895,0.04798108708376992,0.036788667281738976,0.027247816709613293,0.015125854043270114,0.0039054885676079545,-0.008039915183535402,-0.022023163126380852,-0.04250815768872618,-0.0670397106258248,-0.09553803112537927,-0.12945775368161208,-0.1658604324188464,-0.20394703023700445,-0.23687529130367418,-0.2546216055214253,-0.2546676783251926,-0.24617556314994457,-0.25049623549161015,-0.2826699578460841,-0.3562364883055196,-0.451802866767044,-0.5211115353448073,-0.5275955175366098,-0.493070282120543,-0.4546919621541897,-0.42885491482657984,-0.3989652820723945,-0.35430521451780417,-0.3183650037152002,-0.2925997058186859,-0.2696880378273643,-0.23240414407613225,-0.18248367484384384,-0.1330163104329776,-0.09367909057342297,-0.06455664241694954,-0.04901569715832353,-0.042062448209988564,-0.040918551256577874,-0.03890866590208419,-0.034283464094107166,-0.026747816366633887,-0.020555183350450583,-0.013727669960827235,-0.0027897502559578774,0.015847789194796274,0.04091031605729658,0.06523706087634933,0.07862562216431888,0.08258166333472612,0.08036847426495874,0.07499128940524682,0.07050482765127655,0.07475136432126295,0.08753922364366117,0.1091979568133826,0.13435075310448902,0.16614195281702882,0.21648134070292058,0.2831397095186968,0.35062209120676924,0.3997477353054874,0.4065719704573737,0.40305384230176333,0.4377391070485176,0.46195758435235557,0.4285608659650006,0.3774306651523232,0.3182107821777875,0.2679818336245376,0.23132396213160547,0.19736129611503564,0.15676042205656407,0.11273924957674648,0.06875641700184427,0.03180005706570589,0.006115965711189151,-0.004929055848092888,0.002519600793490812,0.02155714457852082,0.03705670002432265,0.042709047587372546,0.036266820236345046,0.024827419739461353,0.014588799769266218,0.005470322202159728,-0.0048727404183799,-0.01928532879369195,-0.03753352691328271,-0.06031206023796855,-0.08238273131289435,-0.09410824007694879,-0.08794509484564415,-0.07327168101644171,-0.0687241911488458,-0.08354017765566397,-0.11886172441786216,-0.17757559511045837,-0.2610732494049845,-0.34249246358481017,-0.3997641509577299,-0.422986067936059,-0.4102168119997285,-0.36370780154208265,-0.3236093609728415,-0.30655144817141305,-0.2933150949764485,-0.2616548698439948,-0.21205110380385814,-0.1523866701639059,-0.10413560512603057,-0.08515953473915924,-0.08929838386034712,-0.09467432939175088,-0.08421213159091208,-0.05957341470253255,-0.03757691382664839,-0.03060524116829422,-0.03261193121666398,-0.036016984943299225,-0.029449628777988318,-0.009164026112569525,0.018940050357986443,0.043035823372783694,0.057667016673228995,0.06532313181575329,0.06561785357880327,0.0644965540638619,0.06448306684600563,0.060256138425292954,0.05522156248149007,0.056899034284611336,0.06810556745290644,0.08265426624931528,0.09996902403521885,0.12101751601570836,0.14688464424363476,0.17386403057614105,0.1980364492118228,0.22474896557788795,0.2676559059810071,0.3261573612770886,0.3945828146829852,0.4508260986950203,0.4892064395714586,0.5126464654621828,0.5055159126878689,0.4709518729750877,0.4160803939276711,0.3608198615427416,0.31538682730135487,0.2924244893308448,0.28945601864411585,0.29318607711731315,0.2923458991076217,0.2772823350527116,0.2525412163789615,0.22046122769137444,0.18581240062678386,0.15587214134983857,0.1283741688851297,0.09659579978965498,0.058868372798587136,0.014981575214273636,-0.031787318131377064,-0.07122831251622429,-0.09501794080440423,-0.10119136268209247,-0.09836882558901293,-0.09446576613490638,-0.09110127410382404,-0.09313993208437729,-0.10923350839010379,-0.13528617968882722,-0.16408844826619096,-0.19221917172600114,-0.21679524078289922,-0.2425433127919659,-0.2685451922461907,-0.28957465067932564,-0.28714834931362937,-0.27955771738871005,-0.29802250729315505,-0.35698209452469903,-0.44419242179185836,-0.5216258591278181,-0.5573615685636034,-0.5558584307736969,-0.5327287988327822,-0.48626365561599155,-0.40975201205185824,-0.3172909616411894,-0.24172865293388032,-0.18781935031130542,-0.14971010373609817,-0.12018271855707481,-0.09581548490873676,-0.0748097487118843,-0.06177374962892638,-0.06584365411363635,-0.07902804585422979,-0.10262429359376872,-0.1325122629400106,-0.15570724560986415,-0.16022873572717677,-0.1474066098809791,-0.1220082575295656,-0.08820717347133303,-0.05514188833263977,-0.02511342529782233,0.005514557075861339,0.04041797981837485,0.07523483190620765,0.10661471613227104,0.12670326557163572,0.13813204067956256,0.15540406713853208,0.19299222640251154,0.24849918579071312,0.30392265054225914,0.3459153258857279,0.37208288467695017,0.38295898982554466,0.38721322797435925,0.397158913827048,0.4228663248980222,0.45510508614498185,0.4785427719158332,0.4955540177139274,0.5116312953866845,0.5314920515619798,0.5314281676887644,0.5098355247832406,0.47264804382826897,0.4230142008577054,0.3721191174744792,0.32941853396229875,0.2872095283569706,0.24674906647264916,0.20441230723238105,0.16492640048819485,0.12819095213519072,0.09605207180823577,0.06493564297261212,0.03521913007317877,0.00979687367913546,-0.009840841865142667,-0.02804781999517836,-0.041975430599042185,-0.053967308535390085,-0.06499100419155623,-0.07330205758649402,-0.07321689396472994,-0.06720636239887433,-0.060534408649801634,-0.060243375492798214,-0.06683160056710857,-0.08870333678530819,-0.12655709267352147,-0.17734841805330834,-0.2346898318962338,-0.2844182957938278,-0.31614733617165336,-0.3392945531269943,-0.36411364603910396,-0.4001789960624336,-0.4419970919231113,-0.4714079632257558,-0.47893499290990443,-0.4771945440308231,-0.47005747159100036,-0.42846268985851843,-0.3503336929447778,-0.25036591379613876,-0.1508933498513209,-0.06658156220953214,-0.009656040585035294,0.01685264661138584,0.019636167237799252,0.012054545941762659,-0.005090234526830118,-0.0252622554878991,-0.03898714246339459,-0.041551920274251475,-0.03480770833506986,-0.02566704779910703,-0.012539712297342681,0.0003394553331858654,0.013115761569730943,0.029600279376982033,0.051540358500601506,0.07832622934167703,0.10770617815002785,0.14139203502176415,0.18005836674095071,0.21816431133225814,0.24515530488855955,0.25875871368389913,0.26448675878181827,0.2762913835684835,0.31051343224207467,0.37024668654140347,0.4341043315999459,0.4574937224461509,0.43439848645828766,0.40473399896393,0.38405546359437465,0.3743517935614792,0.3724489684168274,0.36263720244288705,0.32777167343953567,0.25829506057502527,0.1725302482074505,0.0957876263294241,0.04278556667145435,0.01390357191091314,0.0001983300448136008,-0.006425161359509803,-0.007916931695519235,-0.01083676793397186,-0.01642843097322244,-0.025066198526393295,-0.029290648040694398,-0.027632515007617087,-0.026216037204638255,-0.027453868019413682,-0.029809770355436117,-0.03257207175077327,-0.0372637307447333,-0.04079276860494463,-0.03432536010898891,-0.02464866328314835,-0.028228588678718896,-0.046971873091794666,-0.06961658970082847,-0.07853412057866736,-0.07062809711437833,-0.05636493379697348,-0.03807736000081861,-0.011803740971247098,0.010581734144436947,0.003964359865932914,-0.06016880662072751,-0.19104837519532977,-0.31005289211528936,-0.3459311968035265,-0.3221599153317908,-0.263640883215455,-0.19317367176881475,-0.14136805647207445,-0.1216997338469285,-0.12513551333622858,-0.14209262270255335,-0.1613526065210164,-0.16872191496777808,-0.15918344480739816,-0.1352183140435648,-0.10948691887575018,-0.09290686354592727,-0.08717858580949357,-0.08746873986367087,-0.08782387725139827,-0.0818578082148654,-0.06705236972672478,-0.043053793270083116,-0.012520570899026588,0.01626654180052032,0.033923441631751254,0.0410828390169442,0.045276472199400966,0.05554135579247436,0.07495940602824296,0.10050476064545644,0.12782664144937142,0.1518147731448572,0.162815709381311,0.1599163054232988,0.1441189285956584,0.12620657209459477,0.1189472230822615,0.12286940479479835,0.1214313899514916,0.09697691374651402,0.07066291143652474,0.15255857289647118,0.4507415560287504,0.38179669051114995,0.3142083559588402,0.2968168479997067,0.292759366261232,0.28618268255575624,0.25617652589760376,0.18990846579356715,0.13059782246357865,0.099725195518331,0.07562022710505531,0.0499659063952913,0.03126788088939176,0.03457792841131174,0.0514619578553235,0.06815262798125518,0.07344751164453231,0.06315520910532817,0.03682847291620399,-0.0030517656054836946,-0.05035534557854364,-0.09649531344799901,-0.1317260983750121,-0.15290496002695958,-0.1596997466943284,-0.15118265285926002,-0.13043186660153638,-0.0999364240339234,-0.06483819144306456,-0.038857993156156165,-0.02847642912762777,-0.033328175156106594,-0.0432575530024217,-0.05000694531470653,-0.05639466251049966,-0.05740106687223315,-0.04734234411917995,-0.010618268259358564,0.04375801391585572,0.07397797016250894,0.07162570316558563,0.054664826386997996,0.03155120774948143,0.008135387710509227,-0.008135826773221843,-0.008491505483862833,0.006706699991246402,0.025513240841154486,0.03901183167687716,0.04694867498763791,0.04581755987744561,0.03352320312907747,0.017531639735981205,-0.00012358918832652032,-0.01319796016520792,-0.02327964612396403,-0.027994434412792712,-0.021631822998481695,0.0004962554213948575,0.03778725754511527,0.08619467414039063,0.12663417213759723,0.1514766276389006,0.1617171382147004,0.16155736706514331,0.15888976970713975,0.1594182463804013,0.15987616198343227,0.16044388320453815,0.15716430018427593,0.15304038101935566,0.1546201005199376,0.1649419293526732,0.17541591428685027,0.1879772498906833,0.2059722041588453,0.23597116159270823,0.27348720208054866,0.3035832922781258,0.3111857204723068,0.2768234698398308,0.20217765223528683,0.14163054821474122,0.12293626197561736,0.12645113303887903,0.1409726599370217,0.16148979149031586,0.17810728161439773,0.18382422659126418,0.17833587980933735,0.16218069647458147,0.1451011122899466,0.14139673916863818,0.15273410120236586,0.1705355007179966,0.18199263410232872,0.1781416959566507,0.15949227852945574,0.12786777941880817,0.09029565046818426,0.0486600755410507,0.010011805360996327,-0.018352598377681387,-0.0389589115349089,-0.05830452101129647,-0.08866043007573346,-0.1259109066007563,-0.1575723309824628,-0.17838492451573876,-0.18876349074920062,-0.18538790493676086,-0.16946953654165103,-0.15466648633757982,-0.16944034697232713,-0.2167920448763827,-0.2755873867462731,-0.3218226917867587,-0.34812044809973536,-0.3495744077208698,-0.3170159246502047,-0.2595864552719365,-0.21130210534105529,-0.20626735373712465,-0.23049752466211748,-0.25041090999390764,-0.2646780655572006,-0.26886713375484206,-0.2623821600954188,-0.2399883232650893,-0.20860597444092294,-0.17591052609187297,-0.14933244621863248,-0.1310222077564361,-0.12138748325587359,-0.1178576919897457,-0.1208727024688867,-0.12670219506031669,-0.12352538568486092,-0.10996201993493508,-0.09071974807038857,-0.0750223750357938,-0.06746618493383838,-0.06462309018135834,-0.05132589794798293,-0.021516492947631437,0.017480767747098024,0.0575418125134484,0.09042960460772279,0.11183987851151819,0.1195365897278449,0.1133918841153461,0.09607648873599056,0.0792024515864516,0.07489858455560001,0.09219042747554813,0.11740730326480064,0.1458196176115014,0.17831330469451534,0.20663609454697224,0.23773513728875864,0.2826398079946639,0.3417108928175971,0.40642395367285566,0.44291242114902946,0.4399971236948525,0.4182301382335783,0.3797988624896098,0.3198632114006468,0.2526553484505182,0.20502415159385767,0.1905549165212403,0.21052727462486956,0.2512239942833787,0.29092120234209895,0.3054164066400146,0.28042383080605415,0.2236299237549338,0.15359900893809986,0.08908828916028089,0.041248793603307236,0.006758037706774738,-0.023988088759339266,-0.05133473377782258,-0.07537252690056366,-0.09703863619505348,-0.11953765865794407,-0.14555972567422412,-0.17070056167048225,-0.17954914418383555,-0.1662216015738303,-0.13560036890966848,-0.10637804987153426,-0.08707565799351957,-0.09094422379620679,-0.11621067559063408,-0.15322232501969146,-0.19443837105776407,-0.23092109669604566,-0.25821799581662785,-0.28272151750858504,-0.31101326889777475,-0.3483748863202048,-0.3896409150468167,-0.367529664555643,-0.3021177044211782,-0.26630422008960586,-0.23835922849192664,-0.19557106860059073,-0.138521426297349,-0.07327250970110155,-0.011515196777295372,0.027582385071493597,0.030938014676191436,0.011702093466774238,-0.008823092126206055,-0.026564163623514225,-0.04246977529108907,-0.048249119278093444,-0.0348621553830076,-0.0011406672001777582,0.04939626334718453,0.10069375467086032,0.13977802232788067,0.1656390344268061,0.1852493240441876,0.19684241411688597,0.20424195280045562,0.20709774980097187,0.21224199146392836,0.21858979969031253,0.22457628123182793,0.23067145751203016,0.23639902099166168,0.24765879528222734,0.2717479893926624,0.30461694880789936,0.34531717829073755,0.3898827081632411,0.41797274210178215,0.4050295222852177,0.36144392912595175,0.3360245031239974,0.34037998307572886,0.3544226726044928,0.36031494944706355,0.34731131630976436,0.3189402538174319,0.28464753026510514,0.25754370115068753,0.23426221576287126,0.20763119904592103,0.17391071974511405,0.13053417145540042,0.09125918995513421,0.06651528302062504,0.054032559497713246,0.04450858471176009,0.034078353897153274,0.024748479794923676,0.012195570606062552,-0.005835654160970468,-0.035242406403389825,-0.07545355474566058,-0.1159344092819512,-0.14489411091881074,-0.1599166735212967,-0.16203338165392905,-0.13792332310897315,-0.11179077247904166,-0.08498322403811477,-0.05982693072437529,-0.05029059896036333,-0.06101928593492329,-0.09037920034545568,-0.12742919778826298,-0.17059363670960376,-0.21128549664667617,-0.23775430351073934,-0.25728319834742464,-0.2818701250140545,-0.32043462992845856,-0.37051713677165554,-0.41384267787712703,-0.4281953323480922,-0.3985238808694886,-0.344782230121108,-0.2956793130219453,-0.24727917884962114,-0.1949490939521401,-0.14741008662036426,-0.11491748664210144,-0.0994766850973459,-0.10329944151325601,-0.11586798240786687,-0.1348046495778944,-0.1541452994689154,-0.1626016006082497,-0.15379418980212642,-0.1321360540880795,-0.10459506963844116,-0.07820357752055011,-0.06429211051894346,-0.06394640995192657,-0.07051019005913704,-0.07482951767286974,-0.06831145111070236,-0.04022056806213594,0.004591756296719096,0.05300971619085045,0.08772113275087842,0.10255067427428334,0.1014430222820583,0.10215323902520505,0.1129319124330098,0.13469627071515486,0.14979828350919627,0.15528982788882623,0.16915032350230613,0.20720768670900516,0.2649019771297344,0.33424720471344793,0.40017786995058835,0.4368613890522657,0.44432290285540055,0.4264313779625956,0.39826988598768714,0.3711523335370841,0.34720610247289524,0.3228718138455176,0.28460243001518204,0.23641156710070416,0.1880993326417068,0.14848046150977584,0.12470745507323946,0.1166361190058277,0.11878182217144605,0.11957780436231465,0.11253835008176465,0.10076042123634117,0.08572959328231154,0.06530625692438086,0.03618622862295739,0.0068649542776345295,-0.011706898491523583,-0.020363255040845334,-0.029536344950968532,-0.043253754080228246,-0.054143109828783266,-0.06440273169995582,-0.0795472751214773,-0.1041459881358297,-0.13303079450105756,-0.1567420724672059,-0.16980991453296088,-0.18261123500733126,-0.20834578336545925,-0.2561762465901151,-0.3188208206497017,-0.3715348361540379,-0.39194213087052326,-0.3659798100580895,-0.32748638826766185,-0.2911247830822311,-0.25605432697793623,-0.21348810854386235,-0.15917240596959398,-0.09730430167044508,-0.04844960063403453,-0.021976167432562584,-0.01291152202677674,-0.008685133277226283,-0.0034640755023348443,-0.004753987179766483,-0.012574851499591725,-0.017765104174122463,-0.017420094741411592,-0.009038019158172891,0.008293206249179957,0.028854038232342415,0.04924534630733008,0.06926905876581808,0.0852327414810406,0.10007963912767927,0.12004860425770414,0.14251623110675155,0.16406186556953026,0.17843039502561317,0.1845652839704379,0.18224954337282748,0.17323187854874772,0.15974293063899303,0.14907837094782114,0.13706547705832578,0.13318655854831157,0.14754443351581692,0.18566160503272316,0.25738002305888125,0.35173720928262203,0.42733591513428854,0.45818149286945636,0.462632011843493,0.46104333726449115,0.45486969770775915,0.43654839065894563,0.3832369854612729,0.2874748708963347,0.1725730038785988,0.08167685567369141,0.030242103066967268,0.004594248672555242,-0.008773477401771722,-0.018846284682585566,-0.0267266806184616,-0.027418219108710378,-0.01570692557297119,0.007749966253323816,0.028871998197436417,0.03701575376348867,0.02571528827436983,-0.004070024641706589,-0.04388019628423586,-0.08221873550264705,-0.10932162958539435,-0.12208123258711458,-0.1271732060832164,-0.13511475473298706,-0.14421290655212923,-0.15620813139144712,-0.17498556598540155,-0.20235188930629147,-0.23887083130150413,-0.27857926402425826,-0.3085466594477104,-0.3243885964545211,-0.32611485683208297,-0.32791124223959356,-0.34136647563271216,-0.36923841421586234,-0.4062765419153802,-0.44409586158565223,-0.48435668119125513,-0.5079296097772709,-0.5007683560275791,-0.47134699005423164,-0.4290029312561867,-0.3902101869672862,-0.35935544758813287,-0.3250296447769361,-0.2963861275327755,-0.2794181093124013,-0.2679167631541049,-0.24537829332798985,-0.20823298235953935,-0.16593373502957312,-0.12893415817722176,-0.09496944159285503,-0.06748602167848404,-0.041546146842270565,-0.02052112018124892,-0.0075828230187469274,0.00015560521023196328,0.010809625982479533,0.027650489883695468,0.04771739669231246,0.0653727966583824,0.08660975370296838,0.11640866501297602,0.1495964331491569,0.17854880958055813,0.2044870230755765,0.2320806501517218,0.26018367119405467,0.2868958138219445,0.307921200396587,0.33295835050198747,0.3699533644620733,0.42248699857053196,0.47571852050284913,0.5202348859195566,0.5575186716322863,0.5917473783933249,0.6190679163506924,0.6269952964657219,0.6080249875893916,0.565736234417536,0.513843295989888,0.4713281023099391,0.43649759040410163,0.4009814806963191,0.36315508756299814,0.32695170040290494,0.283880006913433,0.2366236138492377,0.19277623609941877,0.16189715420308237,0.143860575162475,0.1285153147835105,0.10885159412304667,0.08803349729006595,0.06887377026332415,0.051202941559215946,0.034497548496375145,0.01816971537757121,-0.0011029346230220715,-0.02599601560964515,-0.05414399104696081,-0.08166089508649807,-0.09891271289203557,-0.10870745768628573,-0.1132005972486781,-0.1173040925594101,-0.1203113431250351,-0.1280103188257085,-0.14208718539392637,-0.17233671344594953,-0.21659022375860962,-0.2607883086034942,-0.2940548697628674,-0.32139785950868227,-0.3662160293994736,-0.43516016785347766,-0.4874618083699756,-0.46896970412601147,-0.4014011208920947,-0.3403073191880022,-0.30089818009099356,-0.27614252149424184,-0.2590577212469034,-0.23296405889747876,-0.1970466441563891,-0.15528385319323726,-0.12209835801922404,-0.10779404166586515,-0.11101475323690951,-0.11845232865965948,-0.1232429927175552,-0.1240873386628917,-0.11761705169569835,-0.10016309687770007,-0.07638999338945485,-0.05127182356356038,-0.031807209760054043,-0.01973538343537668,-0.011718672129096601,-0.005448332083610952,0.0027201030585994692,0.01108110131154419,0.014493848887316446,0.01236183817911969,0.015325674804563958,0.034653308329514784,0.07569875588852266,0.127693028802182,0.17565576083114334,0.21493480330209166,0.247561601582885,0.28188198328564523,0.3305955964163047,0.3751255089695234,0.3805062619597005,0.36663898392227995,0.37891458498572184,0.4237959341508316,0.4671305093723249,0.44150892023930915,0.3671156526889628,0.3081894756674458,0.2727076830796232,0.24278537232894457,0.20158911136346366,0.15054060837564504,0.10681476546455881,0.07586096713353356,0.06290951583163144,0.06418719672475182,0.07633341502855732,0.09052512038471976,0.09817441032875875,0.09464032864756729,0.08034586479901633,0.05803078455043165,0.031174609560826384,0.0007235708298002288,-0.02777946312174032,-0.04842724026684854,-0.05682000325132459,-0.05150605578854191,-0.03348313474911844,-0.011826270069803862,0.011727234384224332,0.02847519540187423,0.03150149828005111,0.027691670367575954,0.019762851184217046,0.00727301905494289,-0.01595677999709346,-0.050405496608986196,-0.09285502267704579,-0.1302360366291351,-0.149880812925326,-0.17904013111309283,-0.21083645632611014,-0.22721215168944928,-0.2058339042451955,-0.16126288375250045,-0.11102230070376509,-0.07387972677991436,-0.05902901271447385,-0.059569943643796405,-0.06539457574065025,-0.06738717430789518,-0.06036077707367083,-0.046935884572685826,-0.03836245764045465,-0.045054600275263895,-0.06244463281367714,-0.07400253734533724,-0.07395132979679252,-0.06307987041685027,-0.04564186794824862,-0.02267087261514316,0.007795209896109161,0.043960771004101604,0.07828236421384178,0.10890886741363731,0.1451234580953249,0.18101994039852456,0.20646818802936434,0.21686991702450145,0.20824500605610327,0.18406578589877412,0.15513860460027223,0.1200263572993571,0.09856374288900828,0.10580184906924424,0.14178945312713637,0.1928229779417022,0.24524811217776402,0.28064712051523577,0.30269343327330117,0.30639721327414227,0.2922513925670557,0.27639716480369925,0.25894477471601945,0.2377731834800826,0.2098608170312341,0.169301746148403,0.13085941243958654,0.09648208545472398,0.06364002340469296,0.030853957101889214,0.00668226642514492,-0.000869299608768408,0.010198224106647252,0.028161662938845745,0.044775308494937605,0.05806272308050616,0.06555750283595371,0.06710303738851502,0.06383230308329169,0.056577700074807696,0.04781982873043876,0.03672043537437435,0.01973644734527747,-0.0033543856698101874,-0.02966527786441298,-0.05526852213899334,-0.07346079649787794,-0.08391055879209348,-0.08550490725246168,-0.08062182789792073,-0.07922046930414528,-0.09630079209458457,-0.1357225228892781,-0.19307164741337457,-0.26098608766593817,-0.33030837264919316,-0.3895918306035991,-0.45398024328429015,-0.5524325279019615,-0.6514356060340379,-0.651160149212079,-0.5603265170196705,-0.4677294641986447,-0.39371945030167826,-0.33352339695301586,-0.2878791902381528,-0.25918969718891094,-0.23756612829777954,-0.21220975694533062,-0.17921316922439778,-0.13829673371690918,-0.0904875964719671,-0.0399091693144458,0.0021544156235204686,0.02381545188049137,0.02953975351806676,0.026218694127685554,0.01741897473835125,0.0062388514687778075,-0.004175931517066526,-0.009651210366771662,-0.01332153262139585,-0.019075543087377123,-0.027196338367219176,-0.03744491161863778,-0.046188326402549995,-0.049109781652347355,-0.04630740871978813,-0.04093974100152777,-0.04372808527397084,-0.05708822161164832,-0.06951918838282868,-0.05480148726443047,0.024351394924237567,0.13749121526032482,0.2233003276140194,0.26792795854092555,0.28914626826298306,0.30105733788779104,0.3191748256426599,0.3450500721565418,0.3783828464273469,0.4073726343418968,0.4292543509142211,0.4393870418663622,0.44172400037740334,0.4386877893224293,0.441453026763137,0.4558374992924217,0.4684466045322138,0.4707904747725631,0.44990301307484354,0.3861194354628741,0.31721257824172433,0.2793574607249883,0.2601612596298316,0.2422123786549974,0.2247169161379398,0.21340163680913027,0.2005960833947387,0.18109791479742893,0.1519230153385691,0.11876240202299743,0.0896932967812891,0.06988898712383516,0.05459113673540933,0.04058165756867714,0.028364609309510996,0.019383970392024035,0.010011944714108099,-0.005759034683843845,-0.03379788807951098,-0.07671720073229082,-0.1330560460933109,-0.19366858938790601,-0.2443936931889362,-0.28210431228215255,-0.3168667572717906,-0.36313197302175576,-0.4332033387756121,-0.5158459236314493,-0.5673887205740943,-0.5557946863727843,-0.49651220807681484,-0.4274307752809978,-0.35882123126035087,-0.30351849856687746,-0.259505755555953,-0.21944329246166808,-0.17920351807162638,-0.15190837968063872,-0.143154220397696,-0.1468229226590523,-0.15338037633992496,-0.1539811155481796,-0.14899548612026803,-0.13917188422891888,-0.12282515235883149,-0.10204389083971827,-0.0809718752454129,-0.06578113476844924,-0.05193905840190017,-0.03919940042705613,-0.02967404185675063,-0.026770338715310746,-0.021387895651990906,-0.008562067594533639,0.0074049894023543094,0.017616205903029897,0.013531986773268195,0.005149067405501648,0.010768560412249757,0.046525927479789564,0.11063816108619928,0.1875806093864447,0.26321873953582037,0.3312912103012743,0.40562927005671234,0.5077829779798284,0.6341192436918802,0.7370192857740876,0.7687189992183511,0.751618982770399,0.7236625966652361,0.6785850145855817,0.5959710953496642,0.4972396378111486,0.41480464579448667,0.3518695682967333,0.2959088531459752,0.23428876304128013,0.17517831809014697,0.14079023056053955,0.13321900731963843,0.14242724972383486,0.1448970966076746,0.1338329033046626,0.11084303827913318,0.08108359376768241,0.045859685889589163,0.008055502220848436,-0.023929888369319058,-0.04523401054216004,-0.06511065972016329,-0.09128270354718239,-0.12609528285137156,-0.16550813201891354,-0.2008243150892458,-0.21618622223513884,-0.20899451243752817,-0.18528950769668528,-0.1534963955758511,-0.12562080698006114,-0.11608930224724827,-0.129228756748317,-0.17029529749232294,-0.23874537906249615,-0.3190239788744886,-0.3944246386999698,-0.4516863609949016,-0.469698079794455,-0.4264440286167039,-0.37383004110662565,-0.3343663696087192,-0.30418412503101433,-0.2833848291892373,-0.2602846308812622,-0.23840895206648324,-0.20943371316762469,-0.17863767430914887,-0.1519150573956992,-0.1397809800508958,-0.13890385834769212,-0.14607465924007595,-0.15421813892332428,-0.15034359178043816,-0.12378141973429238,-0.08411604757171623,-0.04251692850991878,-0.006614032423681948,0.025075214685966032,0.05165845024802497,0.07898669383782267,0.10529055665210478,0.12586130880805985,0.1292730839908502,0.11727505921773176,0.09603709091618305,0.0787580172387824,0.07390860196854714,0.08219120336446298,0.09341452148580418,0.10424609875548822,0.11761694694878437,0.13771609067978177,0.17257989969143758,0.2272612632851011,0.28761390510985635,0.3448192013431568,0.4055100377251267,0.4813074320354607,0.5315662497767983,0.5129155183261265,0.4660557141618528,0.4166985199700417,0.3620483823901085,0.3089534617589191,0.2622970843750167,0.21840615262088953,0.17679127612145365,0.1395773640612518,0.1134346178639381,0.09487703897074005,0.0849727249733811,0.08218271287093186,0.08438570789792456,0.08288729633392711,0.07259071845969128,0.05365497065918954,0.03003649311812476,0.006025921976309657,-0.01336032486844361,-0.030024146018058258,-0.04903273266798884,-0.0690726966787306,-0.08534420317546347,-0.09664927281422966,-0.10800941707834123,-0.12165341303337088,-0.1394319110993812,-0.15919014492019476,-0.17693580794630248,-0.2030994177993506,-0.23434715214172944,-0.26476933692455856,-0.27835964256264134,-0.28429089074079533,-0.30591986327100057,-0.36244463897402746,-0.45472702347918736,-0.537831424325544,-0.5358528875795405,-0.4683966715940935,-0.4018910180326263,-0.35771471262758603,-0.326994782816039,-0.28641962727425463,-0.2279383162523948,-0.15945411371435872,-0.09401222933034246,-0.04069368752520203,-0.006436860614150649,0.0012667633459121643,-0.01211880634515633,-0.03301223384232803,-0.04979261225589813,-0.054403442902174026,-0.04873953691473076,-0.039385474613176784,-0.027677008911574666,-0.016654758418080676,-0.006280707302781425,0.003953103922783189,0.017696063457053993,0.035413081698558994,0.055118147286834375,0.07247757446595118,0.07942532348045087,0.07587591808934169,0.08170590173146204,0.10440671012791253,0.14337632685027285,0.18397552884353302,0.21812988206203662,0.24518463543628627,0.27063511979852956,0.3019376975320286,0.3400481891986722,0.40149190608833213,0.4831217611760172,0.5538673150193402,0.5971226835076942,0.6282220712819995,0.6499003939533972,0.6494493236427263,0.62171067511758,0.574928180524031,0.5238751383859761,0.4801039078288903,0.442291964003816,0.42207225461264686,0.41911535730906374,0.4079769013900748,0.3724299272808599,0.3217383692184669,0.262039258924678,0.19492780302704135,0.13395401965317055,0.08918350179881734,0.05516375393732121,0.028268775429059468,0.01071444775969405,-0.00588040843157531,-0.02607183753202966,-0.047285033777553664,-0.06557845437837126,-0.08250712448526003,-0.09955328672979362,-0.12361993250849357,-0.14490093657493466,-0.15199468455874784,-0.15132773258454152,-0.1480414888520507,-0.1512602486369274,-0.17004633717018122,-0.216775772518626,-0.294857968890497,-0.3894334543355451,-0.46938565535310195,-0.5117803939369076,-0.5077928859107089,-0.45874851233952824,-0.3855428836330876,-0.3201774381387171,-0.2718102511611004,-0.25094970201111794,-0.251380228777654,-0.2546922116330358,-0.24373028732772714,-0.2184783618998001,-0.1835761191868307,-0.15093513496654803,-0.1331853274145853,-0.1301138480757538,-0.1279487537640787,-0.1193360013928962,-0.10506038206217629,-0.09214922948119385,-0.07905372406510765,-0.06126128814422989,-0.033067461230546616,0.001234045937812339,0.03749619391748237,0.07015263769780129,0.08711804096061973,0.08686186199468743,0.07466232995562092,0.06430258888801693,0.05987616348233873,0.06402080427178207,0.07777982199450549,0.09920477453932333,0.12253599436174023,0.14019526079532427,0.15505969424841823,0.16938524122076223,0.1887599379988266,0.2170232732374782,0.2475386456432913,0.27930012011556876,0.32649903123997515,0.41352868665460957,0.5699416927246889,0.6573905420471147,0.5124635960959806,0.3622861465581613,0.2696287989535572,0.22063480551627487,0.19423565496991907,0.1854968457749156,0.18172892202177424,0.18010256740679442,0.17978043318605355,0.17380227191162811,0.1576191450867576,0.13402919150313555,0.10868958192793726,0.08724432623219473,0.075436701122254,0.07037222098673912,0.06800343970207921,0.06726535660173263,0.06642814423737439,0.06966960705742913,0.07481261800358383,0.07236600680793115,0.050305534698615775,0.0056991212575906265,-0.04410213099387084,-0.07733633358372898,-0.0926135977830292,-0.09590611838805992,-0.09475520945917566,-0.09065319351588275,-0.0848960593032868,-0.08333062009705493,-0.09695659929448455,-0.13942253830922427,-0.21471690262749019,-0.28270507349403107,-0.32642917041252834,-0.34608822184440524,-0.32571416357738586,-0.2671596524568932,-0.2044543809950925,-0.1608528746601444,-0.14434538441913983,-0.14999335903208172,-0.1592052548325826,-0.16567025871311986,-0.1727671248615884,-0.19256246946805938,-0.2246422555102495,-0.2530746507808613,-0.26086129294347216,-0.23970708841188845,-0.20069930856344817,-0.1630576498118056,-0.13131873705252922,-0.10493430474572846,-0.07678754373435437,-0.04514477069001787,-0.010440108927493197,0.020637217568936442,0.042024951711659694,0.059083913001935814,0.07412668406886451,0.09328511575168695,0.1205099649797868,0.15989709282885234,0.20411476727644592,0.24287385944475742,0.26261090693136085,0.2709804851791061,0.2797345668417737,0.29475926088489496,0.3228310382928199,0.3681388405254596,0.43661352878170023,0.5188735537426153,0.6013294727462386,0.6691118077410397,0.7118942225855076,0.722908940615527,0.6780991884222272,0.5627836286275002,0.42620578077157667,0.32105961091457763,0.24796934204268226,0.1875990462014614,0.1320680704156234,0.08358019170779107,0.05761930707282148,0.0458814844518566,0.0398178061021096,0.03144436425533845,0.01670161478998521,-9.442652507751662e-05,-0.021266203667983888,-0.047342123010972265,-0.07522267597809038,-0.09778743285888017,-0.11200509676065133,-0.12483779834328151,-0.13508605856360897,-0.14675849041022598,-0.1612567782377969,-0.1721303919632947,-0.17617030012485338,-0.16999767864285187,-0.15856192015990314,-0.15613388339878034,-0.17669757036787428,-0.2155788448428281,-0.2611481835589723,-0.29246013676600563,-0.32301727837669947,-0.3581382226244344,-0.391123944235661,-0.42418071731838897,-0.4546197620347723,-0.4652574622543593,-0.44314309217828407,-0.4048777620225474,-0.36149531243099653,-0.31682252414306217,-0.27323821819470956,-0.2353004964915274,-0.2078574509094459,-0.1796433021108457,-0.15243963278994407,-0.12967555337240189,-0.11514818102333717,-0.10740429234983898,-0.09465347541872113,-0.07317575909145572,-0.03970056870347453,-0.0033332308544097716,0.024047536684698247,0.04008069947734698,0.04994196224713383,0.059981493994413916,0.06958536385206252,0.07845817062951814,0.08888592751954215,0.10216240253907442,0.12427511378489929,0.15830339592046924,0.19909671940587426,0.22840506881575684,0.2362025260833152,0.23139259230744716,0.22961609563149135,0.23632577931676332,0.25410396283996134,0.27536506456463455,0.29272449756859775,0.30239092075662916,0.3142752537407221,0.3608481541917769,0.4640332679264003,0.60434569151619,0.7106342982150832,0.7350720140884887,0.6959799824107687,0.6339065312258841,0.5756144217698105,0.5263305603278511,0.48588501567566467,0.44429367765887673,0.39498058008323006,0.3457326465220386,0.30945059400962077,0.2836141544872866,0.26738977310549233,0.24919019347629714,0.21914109394965012,0.17352967225112606,0.12046937538220776,0.07392089566771116,0.0392973630039812,0.015692316063142073,-0.004223999896610744,-0.02547891122657618,-0.042093527251993404,-0.05247404574183308,-0.060221340765619066,-0.07044380392279859,-0.08735405916558658,-0.11482979800519211,-0.1494802129291313,-0.18976825958113286,-0.23244947617841163,-0.27385311453752187,-0.3062254853347413,-0.32892043685733685,-0.34166237616434547,-0.34367952149572045,-0.34469711483602516,-0.3747738952644743,-0.4416783723158895,-0.504427133961442,-0.5280115486755828,-0.5124714433150985,-0.46574051218090323,-0.40454625937151795,-0.3478579718090711,-0.30794951001383064,-0.2824338358576013,-0.2629355969865109,-0.24514630880487157,-0.22523268716501177,-0.20388948121810005,-0.18581250428631182,-0.17006483270012795,-0.15353926433472595,-0.13045415648703776,-0.09825537539141067,-0.06125338451445413,-0.027550951198481225,-0.0037650127662337443,0.005528794963464136,0.0046100508849926045,-0.0009724843456599407,-0.00011315427050954075,0.011189588282367609,0.031227696384312883,0.053842919782420486,0.07585977715723195,0.08750487359330657,0.08757232445357065,0.08476000561636647,0.09258604510339372,0.11068934264177659,0.13945941713494017,0.17519437028702842,0.22239231576353324,0.2901486925283816,0.38632261101643117,0.49534787111764017,0.5765363321178365,0.5896638398537826,0.5377390728443586,0.4717239006676161,0.40657415211310355,0.3342850845610379,0.2663587256644402,0.2134471771916513,0.1846867233568303,0.1773941124160192,0.1837982283126335,0.19355898489773501,0.19635958487694516,0.18664239681136494,0.1707347999678139,0.15703824982994427,0.1408697957870107,0.12200142390764745,0.10151296069212705,0.07897588980565662,0.054178522243647144,0.035343390565892446,0.02593876482389315,0.024896730076105725,0.02218714004273873,0.013935364325360659,-0.0036627813924506028,-0.01856322996988012,-0.022412698026507763,-0.013926617107886822,0.002472813169004318,0.01367167275660966,0.005568463878171044,-0.032501157798605046,-0.09938552671988116,-0.18659063706118545,-0.26121885851585425,-0.27248588026568377,-0.23506756904323203,-0.20106699254081453,-0.19295538736817425,-0.21213232118815065,-0.24726292992234092,-0.27806101891853247,-0.2840815020749828,-0.25934873833884314,-0.19174637985709272,-0.10652868891184503,-0.03545900332433935,0.008316212185562591,0.027368090690730314,0.019680682604424724,-0.006431291309309975,-0.04062186755119677,-0.07225690110439424,-0.09222693095790045,-0.09461753522339161,-0.08476436041136355,-0.06902780093666439,-0.047933909500067005,-0.021699838105795965,0.006657324269190132,0.037329195644961184,0.06490076189038284,0.08826061957354316,0.10924128962804255,0.12437251954433651,0.13433065788163448,0.1412218369039862,0.1477005833358418,0.150182681407104,0.14648173535346842,0.1438648247145108,0.1549789122147568,0.182677758686053,0.23122245779736195,0.2920756158442198,0.3526694219779488,0.37202543664464816,0.3411107346104946,0.29817731765830496,0.2638996164858959,0.2356246148432374,0.20280477949018175,0.16910652281585453,0.1397904740504597,0.11598405814954821,0.09578958166614475,0.07449741834684205,0.06004542980743646,0.05705365840934774,0.0659218419020777,0.07800065323435848,0.09058136534731044,0.09737348601762948,0.09272407748250695,0.0773651121962894,0.056874011904525984,0.039011823279446675,0.021191072021967183,0.002710940545712981,-0.02417393709213741,-0.060584371312504326,-0.09288864830043383,-0.11684288164378973,-0.14438715508291014,-0.1755045293368847,-0.20271690553588964,-0.2108722188192967,-0.1966915338674559,-0.16717365622657313,-0.1263997586441546,-0.08597091635028874,-0.06829339547424797,-0.08069694376918178,-0.11148779554278843,-0.14910658397681026,-0.18082165004417294,-0.21525441998510747,-0.27692260880810865,-0.3760072088030782,-0.4756136668617505,-0.512982853237139,-0.48387877776009175,-0.4310823355474432,-0.36685118664927974,-0.29025301384389307,-0.2041297585711202,-0.14044827817448818,-0.10568666834328447,-0.08624747141126284,-0.07618941462478773,-0.0750295628395294,-0.08037709660897795,-0.08444303352884047,-0.08061369765993999,-0.07258186470860857,-0.060550186410055246,-0.05293989720715704,-0.05436080717990114,-0.05947494509914441,-0.05740056513686714,-0.039398472697835814,-0.004476989240614155,0.03816010160056518,0.07678154729436008,0.10681822341174178,0.1204319011049558,0.11863372661220842,0.11358731008037296,0.11897989190367914,0.1440133639592412,0.19137217085755295,0.2562816147284338,0.330151535515155,0.41237469624780704,0.5010725454800339,0.5852778244649248,0.6302621931819384,0.6255337138383458,0.6163964277081013,0.5695874064606588,0.4626570410802663,0.33327323439127027,0.23315214395014108,0.16944922634493534,0.1377745511472221,0.1316879051753378,0.1365745482717515,0.13773386054079126,0.12864880878794802,0.11093461324684238,0.09695260275628237,0.09467401379993907,0.09968075259150042,0.09832242157945764,0.09067716911681076,0.08004772399688927,0.0707050041051908,0.06800112579085493,0.06617512278429183,0.06750957407348981,0.06897653832519628,0.06870758483122544,0.06364686458989237,0.048421756153333106,0.01967311971393243,-0.030632169577192572,-0.09718528897069317,-0.1573579545554145,-0.1932529269770198,-0.20574990236167776,-0.2098698813771159,-0.21141127431691065,-0.22463808011914155,-0.25730802952904985,-0.3083436509363738,-0.36132384519233834,-0.4158806549119937,-0.4646978393388495,-0.4938934666959408,-0.48039852804657296,-0.40918140105943657,-0.3094094569495961,-0.21701540769629327,-0.15308507447162237,-0.1195483275681603,-0.0983790287550627,-0.07907022167358706,-0.06101112079980286,-0.04173557926469416,-0.024952553600322756,-0.012936615006445894,-0.007759559733747182,-0.00569266072418422,-0.004866284925668597,-7.128162360644794e-05,0.010885369300979062,0.024244518112521447,0.038526836965983136,0.053733814943842814,0.06718930885338868,0.07846574380748383,0.09048618071370056,0.10282052810991302,0.11628987026405849,0.13049067852888957,0.14600762828133515,0.16860841501957116,0.20141141241262892,0.2339489655717185,0.2627767544241839,0.29325166398711866,0.3291984572390053,0.3734351487180122,0.41675231554731507,0.39804765854624036,0.30844844404273974,0.22428011722725402,0.179847211184747,0.16309146498881757,0.15393269356202027,0.14331757934156777,0.12423463338260601,0.10282095515029242,0.07754069461967124,0.046348016376504576,0.013187637596593261,-0.016225014921385516,-0.04030148004178951,-0.050745567603368145,-0.044190584768595054,-0.02332624338443505,-0.0021974808350733875,0.011811441456640145,0.013441102600084165,0.00043278968202400546,-0.018856660543200645,-0.04018705069058737,-0.06297907005756125,-0.0909728948425246,-0.12148150446985728,-0.1462817626193828,-0.15934831806081948,-0.1561637984404456,-0.14116329450278675,-0.12632049422301664,-0.11934494922496718,-0.11531775216752081,-0.10363434243510548,-0.07755593293035286,-0.03197379291808913,0.015820760188818915,0.05097321665556025,0.05274272163144231,0.007589954142692743,-0.07491664257584701,-0.16311143809242817,-0.24802985977235212,-0.33604986158609845,-0.41088708047574835,-0.4479197446340875,-0.4480634407898912,-0.42135249093116967,-0.374464892453455,-0.3120500452783798,-0.24390935749413312,-0.18665916173054375,-0.1400559338854592,-0.08904585857797814,-0.038392733268401515,0.00018179537453827317,0.01635004914191959,0.013327527757605826,0.011323238647909415,0.017477403278625042,0.02458794800941853,0.033742636527938324,0.04441499680239769,0.05797324263091943,0.07512322637482914,0.09681632764168259,0.11880678396366806,0.1374394671330997,0.1456458262294074,0.14402357487697706,0.138709107418672,0.13798814264920922,0.14857121483409833,0.17249951149019246,0.20597132675481222,0.24009821697483338,0.27220603991593645,0.3136213880365389,0.3776500379276596,0.46447197033738197,0.5576070930544365,0.6242872449346927,0.5998556403458408,0.4953611788661376,0.4126851058082392,0.37069959154881976,0.35205170665410523,0.34109135886662073,0.32658622505851076,0.3053947061124149,0.27476411246174526,0.23437949450753154,0.19185915395534303,0.15583516093858102,0.11981318319173138,0.08155935439734639,0.056007053338770825,0.0542344933830675,0.06820547233737762,0.08208338519065196,0.08569086831369419,0.07608080033549634,0.05734069349927443,0.03386601392040919,0.010438844337634584,-0.015392981360591682,-0.04544846048979132,-0.07903550538367818,-0.1072423324128275,-0.12680117358694845,-0.135362884262718,-0.13288816724668692,-0.12157979973220656,-0.1069411634197888,-0.09223826192518676,-0.08634661826595895,-0.10057342514329752,-0.1417413805047644,-0.20082682800408,-0.25298432957116573,-0.3019640817238573,-0.3581416389733527,-0.4130782514802273,-0.4642708982583715,-0.4975274243899909,-0.46446889668599384,-0.36888042753057776,-0.2786455735918895,-0.21762950930797068,-0.18359337063398729,-0.16853849968214046,-0.1630713970878345,-0.17045867443601223,-0.1887860812073409,-0.19872283738090926,-0.1811278310439457,-0.13353700724829598,-0.086563514070216,-0.0596185043158004,-0.05300861145460173,-0.05265388969579162,-0.0496562717166686,-0.04306825266195444,-0.029603644460499588,-0.009216358184538916,0.007595816669855906,0.015442583488160641,0.01926049746818663,0.02470790040519111,0.034048806241459034,0.04631019698407691,0.05810577571746066,0.07241080878140078,0.09419463506755586,0.1214152267866148,0.15090868578870623,0.17035307101828565,0.1785031862575428,0.1861302801243963,0.20221410699937445,0.2194861157674584,0.2298207884500301,0.22610223785082195,0.21768407659483624,0.22759059163160877,0.25002042352984405,0.26878838609364236,0.2751777589455806,0.26480936868648736,0.23352445911600983,0.18532837256572607,0.13804094030644615,0.10930992801306495,0.0994920621752234,0.094568402079579,0.0843618200016709,0.0683869525963004,0.05127570920637631,0.03923869689339823,0.030951447465880542,0.023255800184899023,0.019456345227129773,0.022569015108468378,0.028964540928502976,0.03480549576449219,0.0274463503476932,0.0031462993599390573,-0.03711532802812041,-0.07845543875917851,-0.1096059139341101,-0.13354673889958418,-0.15233962693079173,-0.16795119579401727,-0.17906864919984583,-0.174731636320514,-0.16099235118794786,-0.1498403201571155,-0.15669143840198407,-0.18864345265082838,-0.23555541948406578,-0.28901023303032014,-0.34016701518672676,-0.37342322977493125,-0.3782234177004251,-0.34754543324490017,-0.28794049527889853,-0.24594367543993664,-0.23594491108129184,-0.2390719653128529,-0.23215580679476688,-0.21499425677656675,-0.18678916884529143,-0.14712505127047965,-0.10975606659822863,-0.08643354454993402,-0.08248194246709119,-0.09608080845308123,-0.11301490756543303,-0.12416058714696294,-0.1205589403957745,-0.10017073036781583,-0.06796330209482329,-0.026877360730374635,0.009727341877261647,0.03944560035768436,0.06239917961000223,0.08531140939788244,0.11540241392577628,0.14746218735487393,0.17740958808586343,0.20488346360572904,0.23496748557666935,0.27465231429056197,0.3224471509043911,0.37161813628801527,0.40866363678053624,0.4390266374504199,0.47582704888670746,0.5179910468643697,0.5582474952373118,0.5841124251267421,0.5873491758585632,0.5669320460264472,0.5270797342768244,0.46825629709647754,0.4011065292418067,0.33939038755357104,0.29659374381564574,0.2712782842603087,0.24914016336363096,0.20798807931691668,0.15913823750348324,0.11889584540007724,0.08769527128085595,0.06367304087138631,0.04814263504586819,0.04210554687738339,0.0446051705648742,0.052324984406746475,0.054494697969329514,0.05177555638324993,0.0455996012232318,0.03766147117032936,0.026390567329129644,0.00794915387282295,-0.015620557521239229,-0.04261816522277655,-0.063053551148217,-0.06607494732858907,-0.05363070267318914,-0.038122289700654614,-0.03370830344719765,-0.052325365023516326,-0.09365767445199573,-0.14144305883611033,-0.1752795283191305,-0.20135123713048367,-0.23822998968424616,-0.295586409152244,-0.36247320391014676,-0.4221913786940431,-0.45254158205855255,-0.4257321264649835,-0.352081435044456,-0.28138496510919964,-0.25848158767325197,-0.27380337722080883,-0.28398701594941145,-0.27313114251606346,-0.25455911374474033,-0.2338811028427531,-0.217953122942132,-0.200995023150359,-0.18103327944811157,-0.15738619226220282,-0.13937582373935722,-0.1317957853044072,-0.12764774807350404,-0.11668916527720256,-0.09967890757243404,-0.08284899033132849,-0.0713231284752409,-0.06219533095768921,-0.05093031794185411,-0.035158403119987136,-0.017640827564914367,0.0027611498588502753,0.028087051759309884,0.0524362423441889,0.07181874452721984,0.08875347759070469,0.11128000599175213,0.13931037535057875,0.1605921038151727,0.16955175718233975,0.16941376993697646,0.1678385676394254,0.1762220645408988,0.204662323026178,0.2512559953249273,0.3023639972936459,0.356054409773607,0.41937133584171904,0.4883335330422874,0.5258717039190738,0.5148776778812251,0.4729621800819867,0.419314040137008,0.3464244861293382,0.26494794603670174,0.18889126394503122,0.1327601074249382,0.0962380712011654,0.07590941580280168,0.061913949420630505,0.058295716089814466,0.06449539051746657,0.07800867144247026,0.08907310771346716,0.09202241068968725,0.09264753387121286,0.09510284147262989,0.09605456165781431,0.0928559611431231,0.07836340223308018,0.044499619205481095,-0.0030338754560199415,-0.051757384738234526,-0.08584943642889208,-0.09735359516880346,-0.0958749519767105,-0.09171435605454768,-0.09265802655434907,-0.09707150435583141,-0.10927656499647632,-0.13619957713736844,-0.17440997108760897,-0.21540735727326046,-0.26044472894343906,-0.31847610970489704,-0.3824206497410952,-0.4078629778645418,-0.3767788164348349,-0.3460701012773618,-0.34136741803123294,-0.36019193944733496,-0.38689760775877047,-0.38143450482063707,-0.32714751305084117,-0.25969446874975327,-0.19918159922143738,-0.1597247592104644,-0.1375979515459289,-0.11772226706194056,-0.08915123558157279,-0.05152799364014618,-0.01710938163073127,0.0005782704932051117,0.007070526503295696,0.010600198216801898,0.01486355575318228,0.018464290658892622,0.022565311937439013,0.031493690584851686,0.04715553351516097,0.06901293088356651,0.08755452711782323,0.09801790520202566,0.10656155299149889,0.12475368786190033,0.1529276363568734,0.19247407608975434,0.24001589399820644,0.28338363754954643,0.3047547727432365,0.31224536970402317,0.32504563669668357,0.35883481137907675,0.4069465836126314,0.4437311662853211,0.46571012564658343,0.4732472056246034,0.48495261509121956,0.520794239619168,0.5702467625177778,0.49447433033088417,0.3890927028349355,0.32992583188681474,0.28211766503883184,0.23258067718888692,0.184797680791973,0.145365826309633,0.10982692519438317,0.08017071630944249,0.06227089712440465,0.06084791932093842,0.07553028397863198,0.09528960951460519,0.10352455324084764,0.10203120583021547,0.09873122579287799,0.09449427987572467,0.08588680147177873,0.06837662302670072,0.04732044666308241,0.028815274552876403,0.017282434877665943,0.008775745688418941,-0.005794556155918885,-0.03043550462923546,-0.0643671176799738,-0.0976361529884142,-0.11521765945940411,-0.1127385902490149,-0.10097326436353994,-0.10117499404653858,-0.1287322680692584,-0.19604299979795542,-0.2802884058990642,-0.3387082061800353,-0.3650841349638337,-0.3895479732515209,-0.4375394997367354,-0.5408362879840934,-0.7036280843468755,-0.815735941440278,-0.7674870263516037,-0.6376968593337533,-0.49774530712869686,-0.38449903379099115,-0.32274244431394367,-0.3031850537276291,-0.2910383685753312,-0.261996429164862,-0.20743739695425104,-0.13996422217482485,-0.08572761746259097,-0.05643394085825093,-0.04595944476539576,-0.0444582172181018,-0.04315424063106078,-0.04155186305637619,-0.03912029595533596,-0.0384563298134829,-0.034786712797160675,-0.029377854943771414,-0.020804404075925303,-0.009194451906273587,0.0034597065234180523,0.01744720330390584,0.03422831320945551,0.04783896767957954,0.05081050831736322,0.04193319729585052,0.03539275417002196,0.04355558669968041,0.06835002584753906,0.10190316400201767,0.12538496892341344,0.12936495933475284,0.11528923487751301,0.09930171451193474,0.09433284913349137,0.10361112233898734,0.12786167580554414,0.15551455435372377,0.17221554257156546,0.18228791825091267,0.18881970079610616,0.1963701721793841,0.21082805915989544,0.2250782513149484,0.22373702778888474,0.20312912828014615,0.16964162841331365,0.13118840267739382,0.09867182932715399,0.0782347552263043,0.07091311070970711,0.06776559198925873,0.06638069388019513,0.06344974695138841,0.05448307341708972,0.03658667714821594,0.014289855393421596,-0.011497878127266992,-0.03324175291059373,-0.045765219785519375,-0.05472461143158972,-0.0672725593796939,-0.0813036600251381,-0.09123937069463167,-0.08856833495846705,-0.08138122353630305,-0.08490045102312732,-0.10404373032502533,-0.1278465292915007,-0.15041728912146424,-0.16683870587999666,-0.17036557386376797,-0.1068581514693026,0.07971081143554204,0.1263585614157924,0.12543428366877754,0.09964831321116593,0.061729828974104006,0.028624276777820413,-0.0009327109580580417,-0.023918254625992574,-0.03442759536920083,-0.03266863476794745,-0.021267068670201318,-0.002540502360634796,0.02532826862321355,0.060125717212854916,0.08644623034237449,0.0784620399731013,0.03803930563174758,-0.006331962573451577,-0.03682018553899702,-0.049860543770569116,-0.05011353341640332,-0.03636612433104964,-0.012481859823393586,0.017354090256374022,0.04128097133569149,0.056778279818500005,0.0650132036787126,0.07245021945069662,0.07768826582046749,0.08061063375786942,0.07473047466951145,0.06090538190952305,0.047429585379891365,0.04316185309159346,0.05098356962575967,0.082308007413936,0.13665058344723763,0.19861301327949427,0.24527939236673849,0.27497956035463433,0.2984026503352738,0.32771230596082235,0.36009195555678103,0.3840356783604888,0.38930434869613056,0.3753909860834072,0.34908440034355565,0.3201511015490341,0.2942349681584612,0.266966856242582,0.23710962619237044,0.20513168212208002,0.17729475320801694,0.15568211332237503,0.1376576422767051,0.12107211822138231,0.10984499632611995,0.101590648012673,0.08413219314774537,0.05815956521551742,0.028887276470076006,-0.0005986564772312561,-0.026719893702707186,-0.04663019185308025,-0.06275284026242499,-0.07871654152253088,-0.09522023591353547,-0.11112937871747361,-0.12458097171169054,-0.1349444607337586,-0.14159899208391363,-0.14941084259088777,-0.15914241444551616,-0.1744977279546254,-0.19800725333918,-0.23833859458206857,-0.2929027342058667,-0.3463373841193722,-0.3948167251150626,-0.43938899810310655,-0.4751852253379455,-0.4930629839546671,-0.4890781243391058,-0.4607069185820079,-0.4089391588670787,-0.3585477021541879,-0.32380518754190746,-0.3018867649912447,-0.2827049356416822,-0.24786667033335752,-0.20120966680515442,-0.15778458390105454,-0.13030861206066155,-0.11524038223120117,-0.10574770114747759,-0.10307207274320074,-0.10577338529147098,-0.10929604028187476,-0.10562311271220923,-0.08946739310916092,-0.05912565814542979,-0.01933788033063648,0.021434486745950894,0.0586209830638358,0.08740812162823196,0.10749225288597418,0.11974803050021753,0.1308375091025792,0.14137927186384303,0.1512251783537929,0.15770908773663325,0.15801214735919436,0.15617274947667267,0.1581483553772423,0.16546376863461879,0.17408319354367788,0.18652551009617352,0.20542100219273837,0.23013617185609736,0.26144019951164493,0.30879074102124954,0.3938064773200589,0.5433402906160066,0.6722381709786773,0.5714943862666452,0.38815490910837785,0.26970103580924326,0.21782342993303447,0.2065084602935938,0.2134010636500811,0.20884728181461076,0.1924960786662453,0.16129189055006274,0.12252960491603462,0.07654946420561415,0.04081304345159053,0.02675095114319971,0.035971765568021515,0.05889048509105395,0.08327865600574524,0.10259199855113844,0.11072809204126757,0.1037421637771353,0.0775389653654654,0.03361337508899219,-0.01693556429659358,-0.058184960864307404,-0.07877170886907525,-0.08253856739693383,-0.07940936548318045,-0.08375499801096806,-0.10042779017593134,-0.1203296826533695,-0.12895985413205222,-0.12598230009180786,-0.12078801562187487,-0.11801987480796605,-0.13507790159829222,-0.16845989001399958,-0.20279776890960058,-0.21614537646918996,-0.20552395912826715,-0.19439159143682602,-0.1889028235291717,-0.1694447758763157,-0.12797240979500887,-0.08471998528526584,-0.06780838229498297,-0.07276709526102915,-0.07734381044293408,-0.07576850466077063,-0.07096034422475077,-0.06128511652049333,-0.04121732541770706,-0.015836315311260993,0.0010093704383234872,0.00438100200204275,0.0012928387443186442,-0.005322683152594287,-0.012322651327197265,-0.014412437806486194,-0.015367800934493876,-0.014790940702713624,-0.008413550081547021,0.008035888655909375,0.028231448822027386,0.04678048285642174,0.06160604857781503,0.08063160996939664,0.1068470492384888,0.1404229112218346,0.17682144326899274,0.20803574053648738,0.22842815943494751,0.24474167079139092,0.26016951658630616,0.27893577117014745,0.30750068744729514,0.3492384350529261,0.3869901312276952,0.40889990088711026,0.42056986335977226,0.419629964516503,0.41419754182997454,0.4063482226343381,0.3871852854103449,0.365460397082164,0.3433973515387816,0.3218664091584173,0.3017798781559674,0.2807883233448137,0.2431905269028667,0.1852940376724289,0.11879102854006063,0.05332821629379742,0.003399278751938571,-0.020852402471192074,-0.02512120055828384,-0.015534276809645038,-0.003637911381385821,0.0011878405850524684,-0.002548265182850611,-0.012240934740340038,-0.026361842454568903,-0.0464805025615572,-0.07012686551804856,-0.09186271659993801,-0.11092943076791727,-0.1288870114255443,-0.1404123000075288,-0.15258868150122398,-0.1676775698874586,-0.18226501554867588,-0.18487243712855347,-0.17160843191114028,-0.15499901464534388,-0.1538371508683417,-0.17862783518194592,-0.22902904771996066,-0.2980458613300382,-0.3890919043449095,-0.5219659249176936,-0.6655504078224777,-0.7007668802898752,-0.6316035807707054,-0.5406867897357207,-0.46494763252509336,-0.40732323016350896,-0.3554394383170384,-0.2973188356978374,-0.23383073267923676,-0.17142569628723206,-0.11791774309344967,-0.07576730756807036,-0.03990779699449831,-0.01433510274225748,-0.0040224756771000654,-0.0050843943152515895,-0.01313714242998692,-0.020362354882201637,-0.015579800153694348,0.00045903158090918267,0.023476693562177266,0.04818887291179273,0.07502006171803846,0.10774001557565313,0.14764679540659256,0.18938225701922454,0.22407706259878843,0.2416742981791696,0.23743774944178336,0.2163739063142602,0.18978832701711484,0.17606840226202075,0.18265167779005886,0.2025559281166635,0.2320773349993943,0.2627224614468925,0.2957187293538915,0.33136700518035545,0.362348917301338,0.39912924261888716,0.45674033913259243,0.5279790673918736,0.5692824087592562,0.5720152263136222,0.5483811270388235,0.498541249758728,0.41972744110298044,0.33670557408400337,0.27853609960511777,0.23803388624760627,0.20119871099003203,0.16629014380683232,0.13847982676987572,0.12405232924457187,0.12021475914445409,0.11525062801459274,0.10892784220628467,0.10382792944894635,0.09018222546981743,0.06205627290413394,0.02877685915545425,0.010007199567937355,0.006913954904594284,0.004209427759769285,-0.0013883381882208005,0.0007904682923875,0.007145916925181805,0.009893312259239088,-0.002748505665606552,-0.031844786848088606,-0.07285287378517122,-0.11485939063432139,-0.14612173872901024
-0.17440410750306784,-0.20735934476895437,-0.2528027426329972,-0.30405681096247533,-0.35362709793074193,-0.37964569567874235,-0.37727147820868395,-0.3700519770753391,-0.3426874322412655,-0.29805892386373156,-0.2542749672401243,-0.23947565582210667,-0.23783025101526198,-0.22314756336218305,-0.18890838269759558,-0.1475807252053684,-0.11235903000944769,-0.08257820437480654,-0.051434157042156536,-0.0173239991310742,0.006924470090319123,0.019535260375685207,0.028047946854112694,0.0392506477410156,0.05314003167557888,0.06646161082012533,0.07257648801667174,0.06950925144299734,0.05652578741551987,0.0455984881071588,0.047982917777959835,0.07096047174899346,0.11152168689806029,0.1467630734204796,0.15281620174988045,0.12820284404930918,0.08373899589606723,0.048968841825838355,0.03714705330002916,0.047118121695651424,0.07324468635112152,0.12193172427573108,0.19621405328897137,0.3038901742047505,0.3997864789964642,0.3974618854023801,0.3258277677936946,0.269197172195536,0.23990130888044528,0.21449370364351664,0.1782172193761436,0.1331467003893889,0.10072894327906792,0.09355620111601186,0.10836367678394566,0.12216878999958057,0.11817774267293024,0.09942130967890923,0.0721782719528052,0.0518114327694104,0.05053819688440751,0.060286802171719826,0.0676138886962307,0.06242991921125984,0.04644121578670438,0.02655331631911892,0.018869793176499866,0.024809796889188936,0.03942127146031644,0.05365084999258482,0.05213638554567562,0.02823640281082454,-0.012726051128947511,-0.057495607908851096,-0.08748755806233349,-0.09650339353686253,-0.09005921471949499,-0.0720703656042802,-0.045470636757213204,-0.030179436034450075,-0.03104680987762179,-0.05483056006219493,-0.10960100475190195,-0.1889505013673696,-0.24310468029392074,-0.24471359304935114,-0.18836434496690876,-0.10979883954868037,-0.06756236569941128,-0.06184817994164801,-0.046219246994280615,-0.0009479047819617604,0.05799343535169155,0.09479366787105362,0.09864025356721708,0.07657201522117528,0.028809617145664806,-0.03182690085119192,-0.08346807596572542,-0.1166767366875208,-0.13535626324609779,-0.14390662297444085,-0.14448421324229696,-0.14101698361229842,-0.13598159646760502,-0.12675521722032485,-0.11219631677905234,-0.0888643107332043,-0.05650274684459655,-0.022738883751374808,0.0013026080936065867,0.003500450458693492,-0.010249170836610833,-0.024286999629450932,-0.02758820735568586,-0.014317279509169894,0.00772851270264235,0.035004878997691,0.06977977556718556,0.11669543757074301,0.1703931516573736,0.2217998267999509,0.26060897213923234,0.28182181132456824,0.28489290660041205,0.2583569859314931,0.23131009565996719,0.23465674183870866,0.24694630328037545,0.24513774042294204,0.22027148160520924,0.17724452981439637,0.13138493413349128,0.1051928305883143,0.10216545638209396,0.11138415691100025,0.11694708706812736,0.09135276607054493,0.04120653637835167,0.010500755311400666,0.008009536880990143,0.017984743404288146,0.02466838729182052,0.019893916776424377,-0.0013826440426162156,-0.03686489164220682,-0.07736276015073419,-0.10889340492540195,-0.12173575925424503,-0.12093273673416714,-0.10685011533238255,-0.08460863551364455,-0.05727792430136096,-0.032183154186638446,-0.016418411495036332,-0.013229083596541976,-0.015057086018854186,-0.02580750642854812,-0.03560248196954419,-0.040155824101800325,-0.04608850608128773,-0.05226211164797124,-0.06160601095293569,-0.07255103400017121,-0.08899072344706128,-0.12646041453920456,-0.16902397105704622,-0.20756834259626927,-0.22682930211459115,-0.23232196550860448,-0.22585922772781522,-0.21871547136096006,-0.21958598704632748,-0.21861238376094602,-0.2053415357499717,-0.16680876831976013,-0.11497015966251879,-0.06458057961828412,-0.03264836102416139,-0.02853820207201588,-0.041544003976600935,-0.051497547768753746,-0.044259802204912706,-0.017919947219004903,0.012514276296183199,0.037544701599877585,0.05586692122525848,0.07934474308884165,0.10824778829642455,0.13235933571650407,0.14290462221281025,0.14094412439545345,0.13299749449213658,0.1325238149656245,0.1445176496629706,0.1658897861356691,0.17906836769492648,0.17461141386905776,0.1582922829397025,0.14373355942414856,0.1331199296354936,0.12315160911275205,0.11701826906444929,0.12804070677923873,0.1838189186307034,0.344365501102819,0.5092943259926865,0.36407823581552895,0.25190338474303686,0.17425192328125108,0.1189618625099145,0.08435907472494054,0.07291975478071985,0.07956449993632657,0.08724969921223362,0.0828191279224733,0.06729983111402106,0.04579324499288974,0.03019441288381191,0.02485548728454926,0.024750238038738555,0.030906562763268874,0.044807508566414626,0.05845965109951623,0.0706951029932181,0.07685207702823815,0.07356965768494216,0.05739064801507259,0.02737801302163543,-0.013963572128902596,-0.06322919917600621,-0.11097085053855436,-0.14135372173919297,-0.14943949638716092,-0.1402106482206084,-0.12208469784661319,-0.09782001926696106,-0.07044498205900349,-0.042230311351926925,-0.023740252815617424,-0.03194903982367167,-0.07781123114239644,-0.1368295788589019,-0.17404396058867885,-0.16078458385068273,-0.12571759809701896,-0.11520682842762678,-0.1254024686248397,-0.1457269805057777,-0.1552741365265776,-0.15606764904752035,-0.15510737263843666,-0.1493974894103875,-0.13002978031894616,-0.09504145246759065,-0.05381456254165093,-0.012746262566201753,0.017536094885696643,0.03260515813842635,0.033807658520137826,0.02721025301310101,0.014541736673116442,0.010953815930315683,0.0230322785093661,0.04678802184497967,0.07034740142669114,0.08821191118862659,0.09523400099326934,0.08841875780971821,0.07228375653811114,0.05549773499956956,0.03954799821001989,0.027071454353542836,0.016553854095635753,0.004732628617588226,-0.01718803591228515,-0.04391222335971723,-0.063432050599467,-0.07389021553811485,-0.06897539648076857,-0.04035081310742093,0.009361415345843529,0.07730226559443171,0.15895855920912616,0.23238957763391918,0.2905333560184009,0.33999695762206467,0.39259437299548783,0.45627080369556955,0.5123360008503204,0.43710016418263986,0.24340499463531948,0.10587324168898926,0.0358430358301284,0.0002576031286277826,-0.02516066046166849,-0.04571364753434089,-0.060858686031831026,-0.06525329683034917,-0.050615861558374255,-0.02041805550566401,0.007453334884857929,0.017573397167321935,0.009045295910688832,-0.0106089994286306,-0.027696166045577248,-0.03365643973211465,-0.027691821635337767,-0.017477196436627113,-0.015380150920850261,-0.02632955886136544,-0.04521739365786609,-0.0650758652304323,-0.07941233190541974,-0.0892302077905637,-0.09732091709540466,-0.10513406186402013,-0.10426342583566875,-0.09588796512571103,-0.0998288467184238,-0.1250772513757781,-0.160205892330032,-0.1995830639098462,-0.23433556676578984,-0.25233271268066093,-0.2367130228597525,-0.19090141296218022,-0.13526623532772955,-0.08170770810310474,-0.04343663200103107,-0.031033256804828834,-0.03686315764154825,-0.05357603814318425,-0.07144623031116253,-0.08829497222223628,-0.10497545698818316,-0.11911201912628985,-0.1260056128411095,-0.11936538210856437,-0.10071032007709371,-0.07388826830984421,-0.04017259800880277,-0.0020504108118475583,0.03374100834226818,0.05765643966562625,0.06911908114099416,0.07196700182038293,0.069380100740871,0.0632078292126433,0.06134219559095179,0.05958242562936979,0.05444368463201343,0.05075128444765815,0.05115581265555534,0.05360135310566638,0.05699901328147578,0.057704077549569334,0.05975774583386957,0.0693688039072683,0.08844832391768973,0.11293506428016757,0.12914415289416534,0.14776355947258177,0.18673376145810133,0.24738621621402576,0.30733320500915234,0.3078025209029006,0.2385698039081459,0.15189793431505347,0.08574796997041864,0.04020160078972177,0.011247798082601908,-0.006469307546338932,-0.008862459213966752,-0.0029294105476959462,0.0058146419225701485,0.015778179871802432,0.029988867681123018,0.04838537154653826,0.07344512022594887,0.10234093745545039,0.12633676688393028,0.143011676836172,0.1510784348321148,0.15143870230087153,0.14268816213172703,0.12442915128417471,0.102355162869515,0.0765049102876768,0.043234217852858046,0.010569602227646819,0.00036252733903888867,0.012292626718397766,0.018157180384505017,-0.014158320016759275,-0.06198855564152785,-0.08877508662162596,-0.10397401465136766,-0.1190173703047914,-0.16448552090560814,-0.232918923040858,-0.3036658278642781,-0.36223910383940694,-0.41861002774419503,-0.4731561826821076,-0.4928364560483693,-0.4697615235120138,-0.4167704419864035,-0.3785934882761852,-0.36082225755772546,-0.3475988236880992,-0.32564040897035046,-0.28495162860725504,-0.20503629980690824,-0.10202546786188844,-0.02048960038140953,0.037134105979548714,0.07159158795411769,0.0897580481222174,0.09209906729285626,0.07428330413721362,0.03949153488732487,-0.00106774664283369,-0.032477024377708226,-0.053886468172777875,-0.06367426648300337,-0.06603673373456849,-0.0648108088001054,-0.06278459112483385,-0.06259161743938838,-0.06199215060616195,-0.05475811824273863,-0.03590818452595961,-0.00823208390757048,0.015941723417977574,0.024847808555365995,0.013648938917066832,-0.014823213298693115,-0.04558566470698143,-0.0518629521469508,-0.014919206238062931,0.07104135672355914,0.17547102005258705,0.24873273654056877,0.2682237510640336,0.25105240747183344,0.22149388128207517,0.20889141736811379,0.2065869247982723,0.19937607688477052,0.18892897339077863,0.18524675792278725,0.19256327521192562,0.2034788148696453,0.2120946983978072,0.20515693307809352,0.17108139748920093,0.11433369536573768,0.0702237937061644,0.058794104995785766,0.07279786875078853,0.09574603390256005,0.10783654575582037,0.0970130989159227,0.07088189852452273,0.04053582543923049,0.013964085714449605,-0.003780571485267719,-0.004963744899894889,0.0007738830409409863,0.0064173814547756145,0.006471888504918024,-0.0015384992586249273,-0.019513737544094013,-0.0438523088162289,-0.06835735671671413,-0.07894026173304483,-0.06955655098864424,-0.0570158655993251,-0.06240298932726377,-0.09252193922091674,-0.15611949739108869,-0.24041124446513848,-0.3190402476897615,-0.3470989920072991,-0.3432140910511995,-0.32557838289329966,-0.29899599261573967,-0.2736280937876715,-0.25174652780259194,-0.23668596092941455,-0.211632747626241,-0.17092732288061804,-0.12404226801811664,-0.07678669234870288,-0.02832019386018414,0.011754253618360959,0.02843313723263727,0.012653770563065471,-0.025876815624055485,-0.06298472712678689,-0.08391893188040403,-0.08791238264135548,-0.07979242548326194,-0.06167071749128038,-0.035290512192720926,-0.002870677828221018,0.02943467331162073,0.05849241443172789,0.0821833046822129,0.09119147866904273,0.08179503559703377,0.05987650126394028,0.03859922307760149,0.03282521734420228,0.056317874817195135,0.10522696486090326,0.17034199458090507,0.23975017564274628,0.2939483780959406,0.3253101671590006,0.33860792031252385,0.34092951146645617,0.32449717159462504,0.27367241681271104,0.21030350866103392,0.14841425178737727,0.12530847400709647,0.12021625570083742,0.10982663765597898,0.08107199186446697,0.05253420399603917,0.030536829947871227,0.014977175019087685,0.009049141953892009,0.019067511297682055,0.04346784361506629,0.0723161900162901,0.09215894645327613,0.09759126166872852,0.09679070680835097,0.0978270891572489,0.09834482217133737,0.08736257641641251,0.059153707109763524,0.017209395596611884,-0.023646174833959102,-0.04953721394782313,-0.05385089445175538,-0.03991556470768265,-0.02048362269320973,-0.0087200490931587,-0.01682568592226498,-0.05088705650672172,-0.10364433871009382,-0.16118777561470649,-0.21454000428323805,-0.2682755323200996,-0.31161958750598395,-0.3447604875932157,-0.3729839874228492,-0.4129358742001885,-0.47140922817422093,-0.5117101662233547,-0.5111452552702481,-0.47803349242230353,-0.4233704044313916,-0.35083587655176945,-0.26960889171025404,-0.19559976927322675,-0.1316587015580694,-0.08542895754965062,-0.047384178356273184,-0.009925318475359268,0.028533686467085713,0.05991710500250677,0.06755382644091726,0.04512627426182469,-0.0035569686811226632,-0.05691846101593481,-0.09976482592053357,-0.12295783454639492,-0.12004084767110991,-0.09836472612394474,-0.06370692349386704,-0.02678475964062087,0.00908505658414028,0.04020629515146553,0.06364782378578959,0.08098006000194592,0.09294058320671568,0.10198514507708609,0.1123589163203258,0.12443144437076825,0.13172381353823814,0.1323995967101581,0.12503746527041842,0.11554287436222938,0.10731906172567733,0.10791583540880348,0.1256744888395372,0.17389982213743255,0.2548797793367507,0.348310461937038,0.40869521222734273,0.3987175301440508,0.3452011315770287,0.2785329862949409,0.21972364059484617,0.18229264125447542,0.16076752064643574,0.14666333181501992,0.13851434484108868,0.13282802095576177,0.12231835235923565,0.1058209619096125,0.0794408393069356,0.04465725307353076,0.019780699917348182,0.01117897261829451,0.016766144628901403,0.024738238055783658,0.021386112158397703,0.00036390195994796863,-0.027349789306994485,-0.052088218125754135,-0.06858192865620089,-0.0774323720414814,-0.0825176380801139,-0.08652312189308875,-0.08719723421722506,-0.09076935984720368,-0.10042807671120145,-0.10957963849074627,-0.11168582476596292,-0.10521319960138484,-0.09013949662462561,-0.07127657140554382,-0.060613501717849044,-0.0705588832579834,-0.10464718088063972,-0.15318355006802697,-0.1918004555161281,-0.20210413121321857,-0.19171675541671288,-0.17973750971772934,-0.17197496458107336,-0.1842942644977839,-0.20830275687135158,-0.23099065434375102,-0.24614817932362296,-0.24674951106776957,-0.2435612503584062,-0.23582267540587162,-0.21758768109750018,-0.17994354814145305,-0.1138577960573271,-0.03537868254344823,0.03004763527042549,0.0617564763496186,0.06381272588103831,0.050805623216399844,0.03445391474536797,0.019214579348797223,0.009387223751599175,0.0005936834238159394,-0.007897916555264237,-0.017083833644429322,-0.030770452959215315,-0.04621806378371413,-0.05404088799390496,-0.05058071164254964,-0.03467157725211806,-0.00356556767775931,0.03797910930892639,0.07673966726250846,0.10619616644192167,0.12779162618717352,0.14486150456398206,0.1647205624950479,0.19447964805897355,0.23762616279556775,0.2637115205163813,0.24345635673907354,0.19087671754125826,0.13389064310710677,0.09466228514736216,0.07981401978151145,0.08981324955950391,0.11541380513518361,0.14079596901257044,0.1587776745606065,0.16870552393923227,0.17522640039878742,0.17821233227734196,0.18179163067947826,0.18532399025764876,0.19428053524825104,0.20243938559722785,0.2011567962164143,0.19135446620753868,0.17136184927236126,0.1447450153362964,0.11596920103158505,0.08714851074205816,0.06282945491333372,0.054622953842277444,0.058950314722505996,0.06444676465746663,0.06083423898715076,0.04688798989073292,0.02591297178480587,-0.0043736943762870285,-0.035838913762847265,-0.057238404041925706,-0.06484717720570625,-0.06486137819355471,-0.0558061769890019,-0.03758793403283644,-0.022494860575155085,-0.023580978404278523,-0.04352375699373217,-0.08449784736578562,-0.13311984342226776,-0.17041503304025932,-0.19241554543996447,-0.20984999483761627,-0.2287968288879534,-0.24681799434035248,-0.2645485377534472,-0.2778583823387583,-0.26950924557330797,-0.2345657341710498,-0.18783854689255647,-0.1469222365419594,-0.12045390441496916,-0.10402705200214017,-0.0835309762256537,-0.056786130492016584,-0.043465260550669,-0.056200016378654204,-0.08821602251795074,-0.11496367735862795,-0.123196897087107,-0.10571202553917322,-0.0684515051518632,-0.027114070733522316,0.005739636088328123,0.028232002959324033,0.03759349058826596,0.040493562273285474,0.04628415955274215,0.05799804805640231,0.07794389302462255,0.10348544734111313,0.12253593226231477,0.12563543687488646,0.1080779895128043,0.07948703885148674,0.056039402315760746,0.05675567593013397,0.09193202576192612,0.1882399963122724,0.34613725917388133,0.4642346670981233,0.4622836257514489,0.40217340546996017,0.3413566281664247,0.2942028257561817,0.25240957854433055,0.20625050839917566,0.16581395003683086,0.13790248470659952,0.12341851156743106,0.10979396186372364,0.08686460085052229,0.05285250478639225,0.018088869640745603,-0.005131558677495755,-0.012869306492878266,0.003755881923846115,0.031209028478144437,0.05355274020838981,0.06511788140284915,0.06928546511037609,0.06229473105525247,0.04524239384074483,0.02968293313558053,0.019359633633121914,0.0040943080665508365,-0.02697058827804894,-0.06541751226604965,-0.09529715631306354,-0.09322726464988118,-0.05943386668199114,-0.014460479635725599,0.0027348894927947914,-0.010709861259782953,-0.03951010586892082,-0.06809797320022747,-0.09073165757630715,-0.11194626028655334,-0.13804887398264856,-0.16199893259027942,-0.17228739626224596,-0.17576059043540235,-0.18318908853077598,-0.20161055565453292,-0.22078274015454283,-0.21884712086817537,-0.1822484029668625,-0.12758530824267791,-0.08549139399964137,-0.07078592443375967,-0.07357199858713649,-0.09073826023955564,-0.11641714498126829,-0.1281692066087269,-0.12156541405836968,-0.10252934264482391,-0.06941707537179563,-0.035104139559743994,-0.019624265965611835,-0.018368876782181017,-0.016813343208518454,-0.004044523119061279,0.015297381819150323,0.026023487293425806,0.02047066207651784,0.006808528066543606,0.0016722580992929099,0.015228676565506668,0.038345605389996845,0.05200659553541857,0.050423445620035395,0.03893791456257785,0.025812640468862166,0.007671507266275303,-0.013225550772606506,-0.03387523058871694,-0.047320884909626305,-0.047843729886392274,-0.03102063655272268,0.007476657521006647,0.08059993879163453,0.18953350950080283,0.3419216060638617,0.44897667631991645,0.4469417464600242,0.4128892573438244,0.3872485797921534,0.36746899319105336,0.33143369098736064,0.2646368788167916,0.1745769393971651,0.0959142779013371,0.04102323066849209,0.006234754429757651,-0.006493553902727526,0.0023472509270389616,0.028386465731897313,0.05950945397839175,0.08265730655683662,0.08861387600599038,0.0801085186212188,0.05973082898683546,0.03921499089238296,0.026606654043030576,0.025397126071134587,0.028449182040699378,0.02756475691837293,0.023192482487211164,0.01810777605953757,0.01640493454445843,0.015736684811577722,0.017401919905287583,0.023281929688585695,0.030021675901423406,0.02644118735524744,0.0071576136610930225,-0.028000553084080476,-0.08051445462982694,-0.14438280194353154,-0.20721493412940895,-0.2597269248479214,-0.29119266494076673,-0.30122716816587436,-0.2933948305878713,-0.27980514166581677,-0.2716139149968499,-0.2661582347094217,-0.25486718765579086,-0.22821495393154054,-0.20003949013916414,-0.18228730484442504,-0.17044349478042006,-0.160240498731307,-0.14673339679853803,-0.13159034489726504,-0.1149726494837665,-0.10043682000050984,-0.08448991223443901,-0.0641641755077694,-0.04147061500804436,-0.019945272528328215,-0.0012217089594564474,0.012397927941609493,0.02092494878537334,0.02908481613816663,0.039101479086669264,0.04930977375982069,0.06155868082348276,0.07628426498211686,0.09428192840414992,0.11141967140603143,0.13285988119245437,0.15877287196066858,0.18242690212700663,0.209226090155935,0.24402030855076845,0.2899807720499363,0.34242676501256336,0.3911023087263277,0.41292968087699183,0.3759265682913975,0.30880002734810647,0.25267251438153693,0.23101568300341507,0.23965356822596634,0.2664360692333689,0.29241562650900826,0.2851824338103631,0.2476454957653841,0.19364119294399937,0.13377490397105676,0.0772428060656905,0.030376765672685536,0.004519373955810285,-0.0043740135809478805,-0.011078879387459958,-0.022689447422289406,-0.03089362889593724,-0.032238834401384385,-0.03153074596407955,-0.0375476600335415,-0.05560320103546796,-0.07974326544300234,-0.0956614607655094,-0.0999012890942878,-0.09750964291188663,-0.0909612233692448,-0.07986439062470806,-0.07146999742067699,-0.07277681742450691,-0.08090973465222237,-0.0907344358121733,-0.0926081350575633,-0.08598434062187547,-0.06833159779153605,-0.04694374938810089,-0.035564590522821724,-0.051520961054998614,-0.10006749659471893,-0.17216106995167021,-0.24457600577307476,-0.2972696389954481,-0.3212559864176125,-0.336256107100286,-0.35711880628744447,-0.37450316053168853,-0.35339705189945886,-0.2921499905990461,-0.22435656122847608,-0.17294929877408619,-0.13236564862480735,-0.09386747897456908,-0.052853708520010236,-0.008410438034191775,0.023954814461424626,0.02913511952692103,0.01129331232626754,-0.013352255032759776,-0.027975321877879895,-0.02194003004473188,-0.001599078140452526,0.021243722622487325,0.034612701403172116,0.039113139998178115,0.04150708131849964,0.047389252556267324,0.05649822054888481,0.06740578251236333,0.08444214804238911,0.1144181808788405,0.16249913804350086,0.20385441620876815,0.21372486329231505,0.19401937002713107,0.16540966436727078,0.14665853989047278,0.14326477558205453,0.1500069539671986,0.16206875771402093,0.1770790571722518,0.194900471503097,0.1977194662711702,0.1979864970905668,0.20552479020950393,0.20860132501111497,0.19711707088910105,0.17197663355791132,0.13647419449455545,0.11488349774681396,0.12146557771608944,0.14700244476154445,0.17464271913240453,0.19363741011336905,0.19397779301675339,0.16875077216207546,0.12525658993450883,0.08273881751854117,0.054916269891908134,0.03921444829635216,0.022973335804775386,0.010799325598236128,0.006521593107664798,0.007568197979920709,0.0012236330886204673,-0.018129584663317683,-0.045426000306357385,-0.07338735060901554,-0.09186461147780076,-0.09542644907222562,-0.07487578237991303,-0.03839703138836136,0.002398842544200642,0.02258142025314098,0.026991078292009623,0.02115677018827947,-0.005989868173353766,-0.051156936700891664,-0.10085102755683424,-0.13277239836114454,-0.15046178287765427,-0.1756092749236966,-0.21394758064653316,-0.294304782655797,-0.40437467455281023,-0.48360309208997604,-0.45753057169264527,-0.3724915521263275,-0.29559082207350856,-0.24894890756595198,-0.22343222888467806,-0.20458197837296319,-0.18656756969883,-0.17662944331092362,-0.18122546541851128,-0.20320409879186327,-0.23194196298795447,-0.25243999018442603,-0.24011700439458045,-0.20391875122969466,-0.16140301791490166,-0.12140203936490998,-0.08166245641790189,-0.039059117106557316,-0.00529417772691797,0.0090694438680955,-0.008439726566098387,-0.042635695977143326,-0.07024886739930752,-0.07641299276022473,-0.06000506827575777,-0.027638563628865898,0.016365002896797046,0.05253812345284454,0.07213163681909784,0.07001823392316364,0.06060132961472523,0.05580491164176971,0.07125228418275113,0.11448782732527117,0.18914065024903717,0.29554036688473784,0.4227922385432694,0.553711807151943,0.657456912392694,0.6420903901768613,0.48469181998264954,0.29542505333445584,0.15326759351813374,0.06947393361186323,0.045568856847975306,0.06342447440275749,0.09660821966716958,0.12156044334096541,0.13757816967051656,0.15131016227098884,0.16122835564649785,0.157904196094421,0.1325541454018726,0.10027077033547359,0.07914895535606478,0.07168525012391212,0.07326922226540358,0.0750599442021157,0.0659465853509068,0.04724246136096569,0.023362304459185523,-0.004629397885435777,-0.0315332236835339,-0.0479954637526105,-0.04508722673201863,-0.026557402324633973,0.005591807383589296,0.0402273563610616,0.05828573480415335,0.04339275526161627,-0.008000042288612973,-0.07615739952655892,-0.15447471858967046,-0.2237261843702148,-0.2573496792234474,-0.25399617585916295,-0.22893481063875382,-0.1998555381512052,-0.19313041226954372,-0.17245062776777148,-0.14112974843697257,-0.11079973058777465,-0.09249625962737047,-0.08588735520129208,-0.09971240982140392,-0.1310920444357717,-0.16090932816569867,-0.15798495228494472,-0.11648451714549497,-0.06869590609873107,-0.05756407150794187,-0.08853310357367175,-0.1352559296972374,-0.1689998482190874,-0.16788814069835178,-0.13583621781465063,-0.08616452604229974,-0.03431290164286309,0.004339250236615126,0.02499814131259129,0.03225688678405929,0.03957355505220035,0.050865024030078,0.06630137111194338,0.08464257081817407,0.11012915163668908,0.1408925450612895,0.16223736392176374,0.1627216251711914,0.13822500687749628,0.10362549758075155,0.08751581136314446,0.09797146362570866,0.13312200108861655,0.19701071252177282,0.2867580966804441,0.28739564708076554,0.27779309130611557,0.32948954345048914,0.3962798865984872,0.4345502351556624,0.42611118225103406,0.37330121875315625,0.2900159684638562,0.1967455042043665,0.11159036367966331,0.05169908580414217,0.024431268355310853,0.02847956697743533,0.052396052108339565,0.08647256231390199,0.116775642030374,0.1317581283420633,0.12074970320905627,0.08235223676523773,0.03625555624673005,-0.0006897102006990898,-0.025519753302736464,-0.04349254725094846,-0.059217289739582596,-0.07331626559486089,-0.08772473742915113,-0.10040759174624368,-0.10903386182597234,-0.10782250731877356,-0.09852866894740157,-0.07710858493380712,-0.050260061004806775,-0.02910646371236268,-0.022500162548974245,-0.03653601974468754,-0.0828229655600377,-0.16217244785277551,-0.2518069318801887,-0.3264418405636801,-0.3622792709190162,-0.3519445964431467,-0.30220628957338547,-0.24198708515833153,-0.19333661061945148,-0.1711145642773198,-0.17074360931368202,-0.18091776838916002,-0.18669622990495194,-0.1763872802894673,-0.14382975442016344,-0.08917863934003709,-0.030581359616196336,0.019969052155630034,0.05559847992325405,0.07181928037084825,0.06200401900144264,0.03417775476321999,0.00511820594692386,-0.01676182639162944,-0.028212988278363365,-0.025680935404021072,-0.015778459584912984,-0.008234614064195536,-0.011341619000525462,-0.02804480274665873,-0.05142226022151966,-0.06989183734071777,-0.082636640713208,-0.07880421140007414,-0.055320138101196056,-0.028137993776704215,-0.006803286957914526,0.006697506991088485,0.019975354905162473,0.03129285905650905,0.04127360876794438,0.053950345512769685,0.07855593220212756,0.11552915596496648,0.15692485886172758,0.19514480646345012,0.22303082107601507,0.2332780893309163,0.2279516536413542,0.19855373649098343,0.16096128039699145,0.13836351613410472,0.1383612451261124,0.14297608130696565,0.13882403237202914,0.12010603358551869,0.091906591531406,0.06151200947031719,0.0364316302143972,0.018841317301556602,0.009690471452803821,0.014318373998825575,0.02416901453620607,0.0363599560448286,0.047585346286909115,0.057963842998649845,0.0668583973991341,0.07100026922399529,0.05796488133676907,0.027728668014757655,-0.012989236187394568,-0.05742695210781904,-0.09908044943745574,-0.13204423376816551,-0.15552423739085253,-0.1707938288116794,-0.17642051619671018,-0.17513664477714538,-0.16933345707414746,-0.15301006650098534,-0.13238977060305704,-0.12944516413318133,-0.15770740160929816,-0.21293828795792125,-0.284114534087859,-0.3281279568630321,-0.31850222190590877,-0.24020392183301403,-0.13785159785032497,-0.07186526783126487,-0.04904054668686877,-0.03889434390859093,-0.031193943214098303,-0.018529882988144356,-0.002901116305992876,0.01660391678450199,0.03725926946630533,0.05276597606320233,0.05691580658297853,0.046927778759862905,0.030362693033243682,0.014419398260945944,-0.0028401631873210863,-0.014133298749344665,-0.01636884020531116,-0.013727669960827235,-0.008917760527126423,-0.0021911089365387686,0.003569670623075476,0.010103364665767124,0.027262931830546476,0.055388776858865,0.0812206510282726,0.09515778998163635,0.10374000499168312,0.11360274951719534,0.12014502148253192,0.1269598806103163,0.1442070712468552,0.18577668295008082,0.2643616858896039,0.37143104547033584,0.4614958503249201,0.4964396119274162,0.4730015492738572,0.436339010669696,0.4040239113056808,0.32929060886571065,0.24750019902783388,0.1878122941284412,0.14136369484920844,0.10036230137258706,0.06686829154633017,0.04144101582778304,0.025208398876042346,0.018491195965971045,0.018033619017391356,0.015512193837852122,0.005180748393410707,-0.004628158144516979,-0.009466158249943549,-0.0069504816720623655,0.007936909052805013,0.034092863717132244,0.0523421930864948,0.05132920935469003,0.03488854259502279,0.01773882950139271,0.007323138862699572,0.007543706918835471,0.01925243887506221,0.033174954978155154,0.04563025524370617,0.04549253848629842,0.029771142530117214,0.004313431397903857,-0.031056935791068843,-0.07137290322916576,-0.1115058757028518,-0.14611567062597655,-0.16932785738937345,-0.17170694293199829,-0.1797866546809609,-0.21075254255740222,-0.2813290143011566,-0.3464108389793435,-0.37387769001892357,-0.36230996349941147,-0.33216682510510276,-0.30268515883491554,-0.276226211230741,-0.24431470090664312,-0.20479918266428818,-0.1643957634932912,-0.14150695053070955,-0.13883730244465695,-0.14796579527596404,-0.15648216842612145,-0.15642625425270687,-0.14879609236809743,-0.13903652916753745,-0.12494290404779096,-0.11200920853103927,-0.1019896897062087,-0.09424721845718291,-0.078877377919335,-0.05521343080976955,-0.02785483587309984,-0.0026900403270833065,0.016480996907652826,0.029886236673880805,0.040316169434739035,0.04595331127245555,0.04962735297995088,0.056634847098617394,0.06711410696019764,0.0769735425285193,0.0856806606742257,0.09103625495075261,0.09257837489111106,0.0956780976323932,0.11250753032153109,0.1516566782758317,0.21630394357562904,0.2940628157403438,0.34926779558281285,0.37305129760444333,0.36775479375942444,0.34280978646378574,0.30001099013372157,0.2527222924887318,0.2088703646766896,0.1801495883251167,0.16936336797062723,0.16625245878036687,0.16480607636273312,0.15992747496754225,0.14864565643654448,0.13075344831994803,0.1060156563226895,0.08563927868166965,0.07214503053404757,0.06322475359059364,0.05066828082995595,0.033710824552054146,0.009781342741896312,-0.019009121754753746,-0.04734697925081819,-0.07043855151539322,-0.08389965015859631,-0.08544615397920839,-0.0873130574530642,-0.10057360345253465,-0.12817523815703255,-0.16520533889383582,-0.1932134115541558,-0.20532656601189384,-0.20300662952411436,-0.18942888430864682,-0.16770277814293638,-0.14889707280964395,-0.14273072684792737,-0.14368013006408473,-0.14588447813847027,-0.15680854089725077,-0.18268271850217715,-0.20912081809307428,-0.2231444893185873,-0.21499469814837072,-0.19546337694367277,-0.17321138118684118,-0.15078770716490486,-0.12845817382780117,-0.1088966346627628,-0.10097257084766455,-0.09192167968225762,-0.07261568347303245,-0.045941395652060416,-0.017402365114163938,0.005149390944915491,0.008773494768612573,-0.008997226096944836,-0.038799363681791654,-0.06553269745149838,-0.07552460048821728,-0.0678095683655463,-0.05319083614264305,-0.04000790196338512,-0.028274156354301867,-0.01568938246332186,0.0032866427439452116,0.0341187615946661,0.06247506553539955,0.07939654660107184,0.0847103027668282,0.08909714498938882,0.10241930961421318,0.11904241631669855,0.13984716856993443,0.17259130521945615,0.206118170503926,0.23557855488627724,0.25525418402214667,0.263583887723052,0.25835060345268934,0.24618610354214251,0.2383235757576428,0.23644387195133382,0.23003775292723194,0.2213794665216862,0.21502295531144608,0.20949844867375417,0.2123429721915612,0.2001535623065057,0.17657702393782554,0.15373816376361804,0.1398771319996076,0.13473192575977586,0.13458744366664627,0.13756895153670237,0.13835463092792866,0.1362362286346425,0.12715816861796017,0.10756443874892642,0.07959086054022038,0.04949810415139411,0.021801773600937314,-0.003468590669259161,-0.023834516262059593,-0.03658785792243371,-0.0441091388386882,-0.04631163853219054,-0.04065935318622759,-0.02546777081171607,-0.0007163231400372756,0.029624957994010652,0.0646186436666609,0.09372104403213466,0.11175043265925733,0.11765600795012483,0.1065216393157087,0.06994197989980833,0.0058342737379423,-0.07307528744068433,-0.1406810784716157,-0.18972832681214827,-0.23557954623695881,-0.28865833483836956,-0.33277619722064733,-0.34143013145127665,-0.30883107667119764,-0.2470080763792609,-0.17570785005182235,-0.1143880334642778,-0.07395971533247025,-0.04029383531551642,-0.003062750932391184,0.03994482336849694,0.07145414719184975,0.07906166037828427,0.06637726962543411,0.044442049930060096,0.02038238969429323,-0.0009676193029591677,-0.02017561005428921,-0.039282236593775895,-0.05568657067353345,-0.0645501488725933,-0.06601041924532183,-0.06550245812138371,-0.0631817720022363,-0.057786759466139564,-0.051478369407299336,-0.045531409129604586,-0.03768632243195306,-0.028561900297282596,-0.015479279863089102,-0.0012949774343568102,0.014921919606684039,0.03219896159188958,0.05208724348291426,0.07311242791062517,0.09702829859698098,0.11143060019127476,0.11323002864779547,0.12038152074164278,0.14313800463776502,0.17056693311130758,0.1923971534335815,0.20682697114332657,0.20752093971965888,0.198689665404529,0.18423903460792784,0.16604991210200423,0.1442550691353124,0.125644276113274,0.1077111951776791,0.09240980275757425,0.08576524050131404,0.0805839473975041,0.07193505123086019,0.05838400063087835,0.03548410780947424,0.010385649962597386,-0.009378236439292894,-0.019535558584330447,-0.02209321901031135,-0.022611471564669212,-0.028339581235402877,-0.03287261315504886,-0.03603574216559483,-0.04524122300830773,-0.0671818554743456,-0.09421745198638685,-0.11997593684665671,-0.14587757403870444,-0.17375798541787363,-0.1993294627819936,-0.2241658854749273,-0.24471868791599943,-0.2737767179264995,-0.333898140320235,-0.4066625042206292,-0.46895782920457246,-0.4961387329750703,-0.4591955909356614,-0.376814504948032,-0.3083963516560764,-0.2660602499665979,-0.24060675845120796,-0.225871280398887,-0.21569851175620872,-0.20097175029231185,-0.1784950564626565,-0.14988132182184127,-0.1139651684665281,-0.07701304596720353,-0.03289392794164302,0.008330360302147115,0.038486320973513705,0.05284558381232458,0.052240957590755976,0.04898413438425094,0.04865204325709013,0.04720814561568309,0.03961756272879016,0.03210189515022713,0.03279243697345907,0.038493835808897675,0.0425820282961579,0.04545273872100311,0.052675756018186366,0.06844776773311424,0.09232431725945803,0.1145112123534817,0.13249833636062402,0.14409419097195938,0.15124177285784543,0.1631835422761479,0.17762261242413127,0.1924871677341374,0.20105543781411617,0.1907407107507222,0.13556783015846413,0.019280586765542524,-0.10307896187971101,-0.12098185625226844,0.15245011394644922,0.33881802179295956,0.35508172890333733,0.3534693602556091,0.345681009242412,0.3207999990356606,0.24831875695861136,0.1318419986119029,0.03673437112002928,-0.019798776087624245,-0.04659421561629836,-0.05131231557330487,-0.032911074544353346,0.004878360673023215,0.04509365892151457,0.06994913642192745,0.07062932094317295,0.05913461366618099,0.04246996514540246,0.024061589447716306,0.008525478340111275,-0.0062642075870236215,-0.021307662901911998,-0.0347452298396372,-0.04555036061232847,-0.047858806776211606,-0.042438241123026216,-0.030812699125799415,-0.011051211011187622,0.014405691561989408,0.026336804675379744,0.02396998083872479,0.01961310151098428,0.008805344441805488,-0.029196895571474837,-0.08869297309796474,-0.14939190358603763,-0.17015625094818307,-0.12602195742716618,-0.07762429274314206,-0.05999388530346098,-0.052678397056302784,-0.053982965135834296,-0.06762023291108013,-0.09108792146735593,-0.10945486460081791,-0.11396620995794271,-0.09529343134247585,-0.07018100628145442,-0.055702644938776594,-0.06341286305881265,-0.09284925056965407,-0.1372366390114615,-0.17879288719578945,-0.20276219669303902,-0.19599275583718903,-0.1648641317930418,-0.11967729067598344,-0.07123546270418597,-0.030256550170740998,-0.00012094908341101411,0.024113309096132306,0.053599387651181704,0.08635276702911707,0.12160327435957559,0.15260674204400207,0.1731188552691237,0.18008658647860873,0.17259810518098734,0.15763821512177703,0.15094120140729234,0.16895700324940824,0.21069000551955144,0.2485988316076881,0.27580139673601284,0.2870773888914059,0.27880804841255447,0.26240742997736755,0.25132106061951565,0.25075615287389996,0.2523673734481524,0.2574827698257547,0.2598907655325619,0.2519227337016014,0.22362383223329063,0.18785486623370737,0.16778250534260705,0.16140769444807945,0.15084494216868555,0.1313394447982224,0.10586472445501866,0.08374353332645561,0.0758136064972932,0.0821648178547729,0.09726808004341982,0.10797928477662583,0.10820168398146222,0.09997347912491812,0.08334273998991606,0.061733262501798336,0.042670930640823376,0.02698659649686866,0.007917879309034478,-0.014961102296072592,-0.03668448301855185,-0.05818532971950066,-0.07931116846735374,-0.09658273694491107,-0.10476525693755882,-0.10289349943171458,-0.09814763850663373,-0.09381005834197621,-0.09097187430629622,-0.09670397062134702,-0.11480112693363866,-0.14795089660977034,-0.19897372617093437,-0.2767576417852875,-0.3719301273447346,-0.46141948610649336,-0.5016051318148099,-0.4732159683434759,-0.4074602487920651,-0.35540787834406506,-0.32123021788546696,-0.28671826205081014,-0.23854630333913357,-0.18802230009469323,-0.1413542043603093,-0.10592070286307229,-0.08398041161970024,-0.07116495843452475,-0.05764041081780708,-0.04577753210392283,-0.04150170279331849,-0.04500742357645126,-0.06088766944937433,-0.08601371761468204,-0.10823659269180265,-0.11494109323469877,-0.10073005701976749,-0.06780455177550432,-0.03202155000334481,-0.00574642666891551,0.01511957612655605,0.030509290842869005,0.049192449656949445,0.07030258322892217,0.08707847474337044,0.09723627297963852,0.10735677830565611,0.11822283080964906,0.13389949753247196,0.15461148583384204,0.17378583211840826,0.1838209519007443,0.18358806824685697,0.17179947903234846,0.16148147381231348,0.16955088629219453,0.2144592465455436,0.29006411200012155,0.3616648369033489,0.3797851868548271,0.35241752673837345,0.31428495601805834,0.274247193005853,0.23171779607089232,0.19390009921747497,0.16698690312247919,0.1527124413655405,0.15459736909821928,0.1701003819087586,0.18941274762552504,0.19871345209629446,0.19383243240231954,0.17369987207269383,0.14088246830846402,0.10399257150865572,0.07186518641241194,0.04274047186711434,0.022311679179011612,0.009728428808933274,-0.0010258202937880022,-0.013673661330169123,-0.024262972994709867,-0.0302233743291595,-0.032544330173442465,-0.0354764290464126,-0.03881579992700986,-0.03756188733265258,-0.029304413091131833,-0.031169279800001632,-0.04717060739345581,-0.07034557344232348,-0.09080125514315925,-0.11503152832828718,-0.14776340294303641,-0.18023315626682382,-0.20165353560373275,-0.21598443369290987,-0.24861302932383575,-0.333766117331565,-0.3966404397685665,-0.3768287741429305,-0.34979060995020556,-0.32030816868429945,-0.26968822962442895,-0.20973937930640352,-0.15142734508344907,-0.10513424759953023,-0.07961425145122825,-0.07414508723753258,-0.08320859412066889,-0.09536631778129652,-0.09973762433646809,-0.09211886255365073,-0.0732258401450126,-0.04964953205719256,-0.029259395153044165,-0.01497158619010318,-0.0010902933415127347,0.013991636513906246,0.03122359831436583,0.04532680710231978,0.055443416603713214,0.06306701660270012,0.06743388054370358,0.0637870997953401,0.04958272786380477,0.03175651873437025,0.024589147258538686,0.027702743564193263,0.0400330641265448,0.06190797575497369,0.09551065850529401,0.14285204602547827,0.1973774913134787,0.23681933806506075,0.2331578681417898,0.20911811159248422,0.19796681762550353,0.18467173679974402,0.1560494033610481,0.12505880358275612,0.10053361983959777,0.08281858220442591,0.08460181022123826,0.10121623643464335,0.1209936060185667,0.12707694895748195,0.11922689058501053,0.10761994797205182,0.1035332539915457,0.10373660230081895,0.10124658096579335,0.0851310064794758,0.055024118195263184,0.013502090513372174,-0.024097851676555745,-0.04430983034660875,-0.036768360055865444,-0.010142420092539536,0.025804092492967057,0.05301799723079693,0.048730299163484585,0.006114873302468121,-0.06571254072986853,-0.14704968672176014,-0.21795165720248685,-0.2588672861158936,-0.26822543211165634,-0.25906897009697166,-0.24744481624768042,-0.2476543474213857,-0.26022036284078814,-0.27960673596777635,-0.30428658760540567,-0.33687700066094833,-0.3665947680385191,-0.3771067144296237,-0.36510341166605925,-0.32835881092434976,-0.2749871964983747,-0.21375576437572646,-0.15223772493971818,-0.1088344138043803,-0.08584307573027115,-0.07790725700161767,-0.06048464427106897,-0.023772301662045494,0.018003824227168733,0.0387264129495614,0.03399381321908099,0.02032373333744872,0.012040932922178484,0.012900147098815306,0.01826640542893626,0.02881648205075244,0.04313137287402409,0.06401906999176782,0.08742074313057543,0.1090759886553749,0.12444930637505155,0.14011015288751405,0.15344117990622838,0.17103066958227484,0.18519741931880873,0.194920967267578,0.18187895381858155,0.13622643356295527,0.07418437192606432,0.03101891387316213,0.025764870517892422,0.05418442104083783,0.0956030951700109,0.13338355548202807,0.16125467764785664,0.1744142627096122,0.18478135133904733,0.20111075173774803,0.23383090006656146,0.26950245949096374,0.2913695365724249,0.29880148925176464,0.2910965068567288,0.2627018099262037,0.22658930340266023,0.18982638811856364,0.15024811055988394,0.11257328402636327,0.09056160624236036,0.09214504779305814,0.10728712554527617,0.11628961592298312,0.11462658556654932,0.10123133849370318,0.07904308230923958,0.0534342735866298,0.025116106821250418,-0.002396720031080748,-0.02660364482248531,-0.04755155479675602,-0.06278463085571424,-0.06946508164055255,-0.07223075620086164,-0.08035641062349054,-0.09690719111199513,-0.11583156419107844,-0.1297604981141467,-0.13131003841049563,-0.11200805383626221,-0.08512794368431349,-0.08550240554468619,-0.12614188119037428,-0.18936966955901244,-0.25689509400095556,-0.31798707041742275,-0.37344322657261964,-0.40512923929075884,-0.39461813769974263,-0.35085555860119366,-0.3033635349578016,-0.24915733868688364,-0.1876026380999055,-0.13683286402060632,-0.10643947763086328,-0.1016027527771686,-0.10805239836469772,-0.0968446565173767,-0.07024881720532297,-0.04090156054640066,-0.016942853786599366,-0.0046413942425666205,-0.004030892500395297,-0.014069061889028843,-0.03164623091708459,-0.04882628872126929,-0.057186044569729304,-0.05199847266125858,-0.032955807995125215,-0.00667351934916087,0.017164300047384635,0.03422039606347935,0.042148328553879275,0.043607211716756904,0.042020092706123696,0.036942658578978896,0.030165179086778984,0.029715534861774213,0.03791603784394371,0.048043341411387074,0.06265599728572832,0.08015042423327438,0.10090466946143008,0.11836440050815245,0.13088803183171238,0.14305593950942738,0.16430868789146785,0.20679194781739826,0.2638626496971966,0.3282309477944684,0.3803023356600733,0.41606224228689015,0.4235719264173672,0.38432988222271797,0.29941661837687333,0.20019888245060855,0.12267053907399776,0.07340495479892473,0.04505716055272886,0.024770465830711116,0.009980738444820393,0.008447423003848988,0.02179405757430118,0.04566186126839366,0.06954094919731152,0.08451217013220179,0.08619569011688094,0.06599514446834127,0.028933207495082113,-0.013331545074696414,-0.04891355873998023,-0.07213242018672915,-0.077380816942943,-0.06855993208735914,-0.04957322852776222,-0.03307067701236042,-0.02627113895426506,-0.03085039162562263,-0.042269666190183554,-0.055102798834353935,-0.05706109013265632,-0.046430690325925686,-0.050298368367047985,-0.07833502075042408,-0.1316485946693742,-0.2054431551699421,-0.2981913032395862,-0.38350669599174636,-0.4178874863413164,-0.38691020323971925,-0.34369631478885615,-0.31157573370169717,-0.27374760720843516,-0.2262248510003985,-0.18171169369849588,-0.1447504534572166,-0.12119028544200662,-0.11411677337061882,-0.12037740905435892,-0.13164826601807625,-0.1398479253740602,-0.13823728448388595,-0.11988948268503784,-0.09076125292150065,-0.06281935638483531,-0.03912411622405024,-0.023074091196965588,-0.017067234424678404,-0.020462275742147276,-0.027890000267288724,-0.025953187104631643,-0.01041906596734592,0.013703926302315707,0.03918976534413338,0.061645918050210045,0.07779564444906031,0.07975695172977346,0.06398124296123472,0.04022443438527442,0.022003569090751875,0.01713926391505306,0.033899672862083355,0.07266593094039635,0.1336228175103731,0.198890154098696,0.25405658864597475,0.2974864732193506,0.32145254255762445,0.31951152534801913,0.2875175010275266,0.24187334849663034,0.20612242247038007,0.1867275360241783,0.1775239762559863,0.16662280770425247,0.15899438493621154,0.16438961114115427,0.1812417031330887,0.1961933453044718,0.20167780758348308,0.18016156013793821,0.13126280662082174,0.08630625012935539,0.0615449781687193,0.05129077910221969,0.045960053577221896,0.038389494956905676,0.024556629820511072,0.0023273635456179482,-0.020602116876356505,-0.039878210158647696,-0.051452159847325075,-0.05265700246854082,-0.045351912254231276,-0.03914327292146359,-0.04417657874691233,-0.061141728898883745,-0.07902141363320303,-0.0848866771357284,-0.08131611605143413,-0.07619199207105096,-0.08886083405137063,-0.1245795704580042,-0.17392821055859942,-0.22803661142664253,-0.2636884886488395,-0.2747638488214081,-0.26533358428144177,-0.2515484958807191,-0.23318274756678017,-0.20990777373539013,-0.18822048783832152,-0.16412279047720738,-0.1468800436783693,-0.13115712325425077,-0.11249290697824374,-0.09281061648995378,-0.07248962960494437,-0.06277951605548163,-0.05845011551346523,-0.053102651136806414,-0.04835221935366857,-0.04028353631285601,-0.023107242767283803,-0.0009357138078696648,0.015353988588113264,0.021733099559671874,0.02464503712147846,0.03101771443171048,0.043119843964646666,0.06417318537432705,0.0835673807674593,0.0907876764410094,0.08303202861072506,0.06706327383012077,0.051200407070294204,0.04151477800905848,0.04441652160813975,0.06085284475324266,0.09195396486134746,0.127693028802182,0.1585352553073911,0.17660652194621768,0.17620064843322833,0.1687178424862185,0.16426016403112265,0.165258173239732,0.16067353952853478,0.16263473735162692,0.185665730343448,0.23198899278194612,0.2788614132940069,0.2732829093425139,0.2214211695990403,0.17129738665114433,0.1441098052955876,0.13056339839296444,0.11561700046922944,0.09269617629331177,0.0639119674895974,0.04368351411242371,0.03730897089660644,0.042214464958164784,0.050409571190457005,0.05810160588371231,0.06049800553267976,0.05622550737825175,0.041280496000704915,0.02263652898270657,0.005995076840512392,-0.008946651309412435,-0.02049829320305522,-0.023653278016081386,-0.01613451436208287,-0.004117102368156072,0.002203497683778799,-0.0005755129971285576,-0.0035587120472506707,-0.002976250282440762,-0.004810902282755883,-0.018024806861690126,-0.04589361119428474,-0.07802430682689994,-0.10678228007778273,-0.13289252415697628,-0.16112234997714042,-0.19270412932396055,-0.2362232874647338,-0.2716241794267467,-0.2642895910557686,-0.2354399598919892,-0.20023118046919353,-0.1671786004547934,-0.14339341622987564,-0.12096062419175291,-0.09114323001974702,-0.059305644692654855,-0.03552330322150444,-0.027403977919466506,-0.03462321039235148,-0.0530164115796356,-0.07751984713677111,-0.10021235814154145,-0.10768214400889833,-0.10414014121856426,-0.09330625050596157,-0.07146067382505766,-0.034773585624634354,0.007420420970258532,0.03940634765821336,0.04872554755159075,0.030861277084557322,-0.0076502190642488,-0.04706376793228673,-0.06939536275334796,-0.06535932576840586,-0.04204404633770314,-0.01029391818894998,0.03155315534015282,0.07435822947140888,0.10813698370126974,0.13824350670367558,0.1726877161641583,0.20906045646437213,0.2205455912710268,0.19426430854870566,0.16585648719344417,0.1539343237892345,0.15652798199821497,0.17140889603825712,0.18291983692823116,0.18727803897167974,0.1781583494798298,0.15663751442498164,0.13078483040950545,0.1006894931352939,0.06810727473415781,0.04026319569929979,0.027366266723553127,0.02830052478470242,0.044400294347697614,0.05943529827824177,0.06351685599616921,0.0598391221883828,0.048652636004489394,0.028622751630182238,0.004165320368767381,-0.014426440610839152,-0.02320422618526982,-0.0280851686948465,-0.033171403907723614,-0.03982211127469546,-0.05020724345897549,-0.06297729771458269,-0.07086459067592236,-0.05940538972438619,-0.032060042233873216,0.004508687547874236,0.04050666364680318,0.0566161274593622,0.03469065947134045,-0.03248522153698958,-0.11555629481402735,-0.17027197795220286,-0.17351945019114368,-0.14643921535879253,-0.12545534455202534,-0.12531306854513805,-0.16381687790117985,-0.20934972809258104,-0.22415598957599903,-0.21730838875029734,-0.20752874286633577,-0.19372870146294502,-0.16866460440997535,-0.13439390479755614,-0.10143011758211101,-0.06527831831867914,-0.029683052462843234,-0.00012659104560796752,0.021719254409854012,0.036954775826388155,0.05014772190036465,0.060251491141615945,0.06491172786346396,0.060927210576048225,0.053273268878995715,0.03951962309281654,0.017747502873910064,-0.009260324582235737,-0.03319862064636406,-0.0488971174539359,-0.05704122108279238,-0.06127866730603678,-0.06361917533073579,-0.06438240815546259,-0.06733721390826794,-0.07333627634229713,-0.08180028718917612,-0.10018672824624597,-0.12615751028987882,-0.1301392661606397,-0.06808302963929236,0.0452321630792555,0.15271362810245373,0.22564767538999855,0.26887728855648374,0.2946583416151202,0.3105693277414551,0.3220352216644827,0.33056568578515294,0.3249979688863176,0.3139591923210899,0.3032806079250082,0.29426912924132503,0.2767690739619508,0.24820129580500852,0.20757733999626143,0.17746331328718334,0.17001224303660534,0.1703073644981728,0.12971640283910607,0.06472218249604102,0.0323179667620563,0.022577620453364353,0.0128796443848757,0.0005481846954487277,-0.008142457858047174,-0.004222989040319502,0.01327355517256517,0.03470850036191552,0.05073470648045346,0.054283283113065524,0.048256946296633144,0.039699309281496675,0.028921667010268243,0.017396780983003773,0.00490237983102604,-0.004891985672668002,-0.010607356227722391,-0.012256697078305862,-0.024104075459497974,-0.06104754447594907,-0.12001667920173112,-0.18717377443841782,-0.2415439371538011,-0.26889582988769284,-0.26894238182237024,-0.2556362836263239,-0.24247078796070765,-0.2428797600092342,-0.25280064588539164,-0.25384363943862104,-0.2291392158852573,-0.1924456545322106,-0.15747367716909488,-0.12530690561481866,-0.10661103185517481,-0.09538996019686072,-0.08902913724866819,-0.08827687343352539,-0.08907638867405684,-0.08285321082845655,-0.07130081232371144,-0.050720595306399656,-0.02671736552185169,-0.0024030344635595753,0.015812554296515333,0.021793891196807292,0.01993906260798359,0.017259720221011056,0.02101810308179625,0.03277560521576852,0.055242844446093516,0.08851693066369049,0.12380275571248715,0.14183244625078165,0.1412057357207591,0.13379212185026382,0.12125814951464954,0.10058687091852368,0.0941639405783465,0.11159764844718693,0.14164690587746412,0.16312696159465107,0.16583593600319965,0.16113313742982058,0.18164529410236646,0.2496750409362657,0.3304107057231989,0.3704638955738285,0.3677576389051998,0.3352130434389981,0.2753444309184931,0.2044018382718373,0.14999501251928027,0.13084787475455456,0.13915298842440288,0.15670833546074217,0.15760554191385467,0.12090719048148932,0.0609648025294942,0.013166839162714359,-0.010790240828923303,-0.014795085248462734,-0.012514580810111255,-0.012068479913939072,-0.01170085832509074,-0.01323683639442173,-0.014462521083137957,-0.020734631443968733,-0.027006682440302167,-0.03261374471684527,-0.031033450715870905,-0.020738067477487226,-0.013855033785892973,-0.02372709813514947,-0.049054091347747714,-0.07398331776073376,-0.08712998166108274,-0.08655849550096519,-0.08112497120660986,-0.08375675180112872,-0.10745886595247749,-0.1466576711248722,-0.19410587738954763,-0.23897871765017933,-0.2657160764810028,-0.2571488550198802,-0.20289022138382956,-0.13211424243456873,-0.08869684136084435,-0.08541786290013322,-0.11114934720702467,-0.1415573222373663,-0.15564652826155748,-0.145072756347008,-0.12316502295294794,-0.10142144189256447,-0.09287204883829235,-0.09148785473939793,-0.09327345161985903,-0.09382263482585847,-0.08471756009111144,-0.06384945355764778,-0.042465899090794346,-0.028846625990343655,-0.023800034341699732,-0.023869654393319034,-0.025573871705892082,-0.031055758466871506,-0.037879130729665166,-0.04227691310283543,-0.03923910133500297,-0.025813878957902766,-0.006749697805562108,0.013029378115059763,0.033254005259016166,0.05180118019052917,0.06111843869168749,0.05791523500346743,0.056599080431959464,0.06720360376788606,0.08716931923863244,0.11110480083348422,0.13534065411940252,0.1568430253442389,0.1809707723034038,0.2150756977422004,0.2675176726805381,0.3189764312534255,0.3207337036424871,0.2774653500330997,0.2184329389119767,0.15887835625167984,0.11982163139720384,0.10889477733665504,0.11044796903800032,0.11158961697953433,0.10997337993325239,0.11280550825099127,0.11951511017330814,0.12652985242621892,0.1302710653254841,0.12598553910962065,0.10681011409799054,0.06844433503201562,0.021885103246925577,-0.01821249915488239,-0.04172257464114292,-0.050800710872764034,-0.056365090876218105,-0.061146698221973904,-0.06140842956864299,-0.05210782243668083,-0.038197496952926395,-0.03209559341358434,-0.03683610776264247,-0.04852247294198258,-0.06965585030963439,-0.08789069304474657,-0.0809513942337424,-0.04525935233634398,0.002764432877702404,0.02892556145998738,0.006951413459753293,-0.057773994313392134,-0.16583471565462563,-0.2973824367321734,-0.4072067370589971,-0.43763415217122065,-0.38936176150824847,-0.3212798004251595,-0.2762475126468912,-0.2511706467323674,-0.22238068084086865,-0.1757230042486862,-0.12598571334105133,-0.07709350339481977,-0.03644595508852952,-0.01273257042310687,-0.00923457588894144,-0.01925111303545193,-0.040718371763698545,-0.06146820187164907,-0.07183226189500043,-0.06848764027816505,-0.05287841912613787,-0.03367387080232143,-0.018912825292562767,-0.004131724206734458,0.015854046824375547,0.039261814090163855,0.06391286301281993,0.085257189967806,0.09655664656389314,0.10082006821140077,0.10266372740720281,0.1125546072227774,0.13966777630733768,0.1811039156436516,0.22245902884018734,0.2510184980788441,0.2783350039135528,0.30259818320727755,0.311482175817538,0.2953711652972373,0.26755749763497394,0.2534139850577011,0.27451812165982553,0.3120345872921568,0.3375016722125033,0.32767186816822486,0.2968013968518001,0.260401216432418,0.2270308386863463,0.1917551402016582,0.1443460147258816,0.08353766073066063,0.022988080586229767,-0.013752157177905611,-0.009906521581334976,0.023888653880319504,0.04973797465695063,0.049305169243097136,0.03860678215894778,0.029642527873781875,0.026337947483663242,0.023699276490838094,0.013548087847355778,-0.0019469981584487243,-0.017440946099990383,-0.028191901404719617,-0.0372521433051807,-0.05046958509792004,-0.06862975423885297,-0.08139212956211175,-0.0774219665866855,-0.06575545262269913,-0.055937059389593737,-0.053372055460733675,-0.06012139479964506,-0.07629713185543073,-0.09397830283958905,-0.11243597703274019,-0.13880119125000717,-0.18181826454914823,-0.23279921786111485,-0.27414098663590947,-0.28826909305857434,-0.2683700663346013,-0.2301191960091886,-0.1944396766438578,-0.17284914807823248,-0.14720295110381365,-0.12373954969936263,-0.10419139427999097,-0.09626126856829359,-0.10190302130259808,-0.11178583296073448,-0.11575419856551712,-0.11128944015614108,-0.10075438311430679,-0.0916389946948894,-0.08944945453653512,-0.09011586412621041,-0.08418832859950141,-0.06691033730409464,-0.036871389298197874,0.0008713836033399997,0.03192439379477606,0.04875009521126277,0.05022485661380075,0.04440929562791414,0.030587596708599413,0.015335991707346825,0.016798937339179577,0.03815238813009902,0.06952028005236095,0.0907660367707366,0.09745585710835879,0.09617828073478221,0.09661318139785764,0.1046411126347888,0.12229940966751092,0.14218600922693198,0.15171264847984578,0.15474981546700808,0.15929801472642655,0.17654897867922262,0.21880222226653517,0.2775494868162175,0.30450436545207155,0.2515480879186745,0.2044360842778303,0.18159548542708076,0.16194868822510783,0.13245619498440275,0.0951981488588735,0.06514179376771438,0.0606234509472832,0.0822658851562701,0.11452607725934905,0.13595972176542961,0.13197360750312462,0.10482178054043176,0.06389317216695661,0.02716554593388316,0.002004265868631404,-0.010055385476010351,-0.005462162731611759,0.018046914733122282,0.04344043257920589,0.06010642289093214,0.06286053574981698,0.050305534698615775,0.032223408051706405,0.010321062469240173,-0.009692032410667233,-0.029630498971084163,-0.051647716127481695,-0.0771769481366079,-0.10531265670020509,-0.13361575411682067,-0.1661218825719144,-0.21495486532079,-0.28176713765447786,-0.35272634155951554,-0.3925351844989125,-0.39696978606019667,-0.3642903550226962,-0.2855371136107895,-0.18910691030748453,-0.10695065479043765,-0.050200490863116745,-0.02166040370412888,-0.01932234716706281,-0.02759373460249489,-0.024467713914619982,-0.0025916774108263453,0.022427026435755417,0.028693978181685058,0.006141733098030181,-0.03334992822163727,-0.06240812992616805,-0.06488853315983126,-0.04923171120426698,-0.031208600224293854,-0.009982608861228173,0.016285921530450522,0.03963651221612754,0.04969650868476054,0.04320177672329147,0.030558769061155844,0.016247580771861468,0.006542609354279975,0.004696980633830525,0.0165497347447972,0.04122891764611037,0.06660421988639877,0.08381584771876982,0.10366467779875245,0.14602691594791511,0.2064206289550066,0.2632057993791633,0.2991202949848921,0.29751442476921874,0.24789629074301026,0.16695426500290173,0.11895316126139825,0.14411138803775814,0.20677032489384486,0.25216487351946937,0.2564966888557951,0.22424318776291075,0.17667449044574438,0.14373522567434843,0.1221731350728419,0.10560693822442586,0.08590576385348939,0.06112144421390286,0.042408860248910274,0.037648769826719546,0.042990152911536426,0.050116351093208104,0.053010104517921125,0.04326164588218428,0.017797755682422037,-0.014990073978548431,-0.04590641328907862,-0.07155956619267716,-0.09367916309898319,-0.11045763177986476,-0.12117860518286816,-0.12932716584104004,-0.14990532661485012,-0.18065204351910005,-0.19923446569568534,-0.19539026576697655,-0.1816173365408594,-0.17502559489520736,-0.17942732030317327,-0.1893689869906331,-0.19666480348891768,-0.18765918029157988,-0.16781731082810586,-0.14301326837783518,-0.13055456491027642,-0.14454071194181237,-0.16918298611004712,-0.1817073934061604,-0.1762998896365056,-0.16228856089773305,-0.1436395088593917,-0.1255691989013745,-0.11288045346687822,-0.10837079720804027,-0.10577044501182585,-0.10930515777927192,-0.11961431908186522,-0.13312456837505873,-0.14551215782123403,-0.15228057997192312,-0.14861722645323444,-0.1356087966429192,-0.11795609669713399,-0.09617404910577056,-0.07143069811653005,-0.04319253524642355,-0.020374122395328768,-0.00767194255652565,-0.005570783277462003,-0.0008828122689273524,0.020987165424615383,0.06507238235990725,0.11649632471131213,0.16189396252843474,0.20063368835389045,0.22018938866553084,0.21812196045167798,0.2107837126514837,0.20717253341204847,0.20918402791854515,0.2171361158745512,0.22879379305028993,0.24132782240382888,0.25125516427020694,0.2689656882131054,0.29873918982555686,0.3347465513289977,0.36708809928248576,0.37873524838826,0.3670472956292025,0.34854568211221904,0.33311945909948226,0.31602670925047216,0.28176930152536506,0.24381326657310678,0.22806724115702937,0.2370169587666602,0.24880119618207133,0.2429907231922065,0.21344542364460817,0.17031517542933533,0.1248738575961613,0.08276807769733392,0.04642596398834992,0.013871156223733484,-0.011608188613647683,-0.02661117946174899,-0.030186706134303437,-0.026582027465575402,-0.020401562393491057,-0.0187866184383255,-0.029603771926214228,-0.04794564737993971,-0.06428211147468965,-0.07915754575683474,-0.09525566678347966,-0.1100388695776104,-0.11987908921122181,-0.1296280909698383,-0.14260350945320577,-0.16614869270542154,-0.19970437116078898,-0.23789395130744984,-0.2834248361102466,-0.33561747423475935,-0.38677852639803667,-0.41413026139264203,-0.4150979358651426,-0.39938678534897043,-0.3772119288377575,-0.34705584222872804,-0.3034587985223303,-0.25353208554532003,-0.20208148406028437,-0.15642520801753462,-0.11508918496964679,-0.08014627766358758,-0.0593531548366142,-0.04936817813341471,-0.04281993251287295,-0.03872003162455177,-0.039640757560088405,-0.03412446630204418,-0.022753379007276323,-0.01107592770923105,0.0027501093003861835,0.016393757071404027,0.029929780066965683,0.038452695832845975,0.03900674788570124,0.039372608072335016,0.04480216763245454,0.05972622492692595,0.08313061454610267,0.10591744043758476,0.11885065784936147,0.12614624040969002,0.13079351407754408,0.13560760375076703,0.1517219306291059,0.1848677549333927,0.22940122358195172,0.28450532871943884,0.3515176005277618,0.4215312808854121,0.47609050129220026,0.4782866656141886,0.42591961637392556,0.3588786327196271,0.2985364945137001,0.24335849213882343,0.2017484858168444,0.17114797879939464,0.1545900961186791,0.14206276775213458,0.12682471290297698,0.10590813749925136,0.08665095168161994,0.07726781510954875,0.07837508882649816,0.07982997428595873,0.07142763302037275,0.059268050643772684,0.050967308218116875,0.049356478455361806,0.049883856951367524,0.04624191487896435,0.0356098852941615,0.01893727470736135,-0.002171694509373034,-0.02089239062393063,-0.029789431541575612,-0.03327105995800115,-0.03938583198900252,-0.054705973158086355,-0.0807624521015314,-0.1137113227937889,-0.14492985647453893,-0.17901812038720863,-0.21442877565836954,-0.253738665810944,-0.2889027081589766,-0.29996500459315834,-0.2689284115716507,-0.23099191132024924,-0.2329958245976564,-0.2729991347105694,-0.3102360421006972,-0.325364385122758,-0.3217681306061307,-0.3060587821902283,-0.26785371710392647,-0.19392839429231412,-0.10815274055559262,-0.04576031683283785,-0.010262699457477225,0.007778576710897849,0.019080835347037736,0.01569490642735523,-0.0009319248467603828,-0.023011380900884257,-0.04490938439329335,-0.06397937891807719,-0.07844172634474121,-0.08545366344146983,-0.08382434760259656,-0.07522465916610171,-0.05791808093412504,-0.03126906111546943,-0.0013247914636025377,0.025889083017253435,0.04925138332812297,0.06327387857219569,0.0734382738411389,0.0837204084640219,0.09728014672503026,0.11031624265459583,0.11177402269920363,0.09433072933240522,0.07160871511587209,0.06253909082864346,0.09322532055144203,0.17772053197274082,0.2937352288599726,0.3814332965052246,0.40344198180293034,0.3811715377299399,0.3372276561289717,0.2735475226203939,0.20739122109692915,0.16379557619916735,0.14504553179978674,0.14171615041106014,0.1417054814275182,0.14065632066766864,0.1390456733429634,0.13641090949101276,0.1299679614636454,0.12527930179403535,0.12347880606512932,0.12087378484299671,0.11091033834450184,0.09122423895781093,0.06251070704973591,0.024376679299090744,-0.01445000584400213,-0.04852709007607434,-0.06727283795583308,-0.07405833383969933,-0.08064235113279637,-0.10024460053073612,-0.11974423057121397,-0.11846489005505223,-0.08472615643521833,-0.037312532348160156,0.004133360432737942,0.02306873737133636,0.015017341781694176,-0.03937626963122677,-0.1209230946223046,-0.18749939637423113,-0.2140416575094032,-0.20932268206590074,-0.189968361171088,-0.17884314870584214,-0.1906880541935281,-0.24489613090158294,-0.3359722744030136,-0.41949485068505127,-0.4524192017628894,-0.4410847158728783,-0.4048719631078877,-0.3351395590695276,-0.23298146796975178,-0.1393858119626172,-0.07751918252108003,-0.04815880458316979,-0.05071788397830623,-0.07233043409236112,-0.09265172458394957,-0.10419882203836521,-0.10596380851103987,-0.09992805730000405,-0.08334796376434592,-0.06250213837607213,-0.040983951612318735,-0.017319868436651724,0.0036127467739427255,0.02037116909293509,0.03423533628344955,0.04495132210310852,0.05103574862389507,0.056906299964534175,0.06321483325308935,0.06859599457141477,0.08163514762933073,0.10380723772776224,0.13133193274301172,0.15928089138629156,0.18419537501242356,0.21268781235499237,0.25059002565918065,0.2920545625845771,0.3254943181866753,0.3359574469670033,0.33198706425703695,0.3258910694080268,0.3140238526465725,0.2755355033288927,0.2210182330003408,0.174149013671787,0.13844287362993118,0.10391101049735868,0.07243951145360805,0.05150475096690021,0.04384595329310782,0.05043043361252529,0.07103508423823097,0.0948343201143087,0.10554755789067352,0.10160003096171631,0.09084245298628509,0.07827180752472945,0.06914272918047662,0.056488478943133434,0.03564920965640824,0.004962371891176267,-0.0312609007323673,-0.05859853540856684,-0.0710826888076339,-0.06872120385397959,-0.05895544692710426,-0.04931009468574003,-0.04054039607797713,-0.03056757393515561,-0.01945638753818052,-0.013247245986795338,-0.015779326162911504,-0.027918546497694787,-0.05466990171987028,-0.09288590190431743,-0.13897956530216832,-0.20650373020678495,-0.3071303147097479,-0.41511391177381896,-0.46630472764186315,-0.44357629039302854,-0.3711438902538177,-0.28210668780980047,-0.19386056132743248,-0.12047761817460655,-0.07400434401274351,-0.05652750740933655,-0.05959383992138486,-0.06990287923363085,-0.07693572216702542,-0.07584795975320056,-0.07647257571063804,-0.0818414852767668,-0.08446918522322906,-0.08574900195948067,-0.08091090626521076,-0.06852177753201896,-0.04747509366323344,-0.019765806580294587,0.008548194703993569,0.03125405159164848,0.04457689416873127,0.04817935337987397,0.043476874193226316,0.03351415446694447,0.024053180848202377,0.024504009428984577,0.04066998067221379,0.07555454666724569,0.11911189321542542,0.15378948935388015,0.15451683095397545,0.11846895465342698,0.06819487596180553,0.054729646779319074,0.10650880993933724,0.17437798771017088,0.20463225739549123,0.21060533273253484,0.20815362884139943,0.19437170682334806,0.17738498859482837,0.16294302532542312,0.14695909767249454,0.12077493677196324,0.0907107061148054,0.062046544926744066,0.039197092566288894,0.029864640380028677,0.03210735490104105,0.03392969926241824,0.03046062865036272,0.022588857073293882,0.018515814335140282,0.02113241142274352,0.030887311315303284,0.039999394702911875,0.038512732358084806,0.029649087499136563,0.019603848364152618,0.012813652351432406,0.010597484665696764,0.010058463391908365,0.008251171471601114,0.002805698391826216,-0.008305413749760052,-0.021048654728016262,-0.02840167088327909,-0.021042602581337347,-0.0012321562855691216,0.017953862579614725,0.026359804552583438,0.019277066888311094,0.0025891741716388052,-0.023382660820347352,-0.06764715195883576,-0.12430649543141947,-0.17059986401462213,-0.18987534589404176,-0.190681243820356,-0.1919147609265107,-0.20864298561275268,-0.23373039766386317,-0.24661480011640471,-0.23936015913181333,-0.2111492171608555,-0.17130455451405532,-0.11790390223707321,-0.06425067007946876,-0.021709199731877446,0.011124272908204889,0.03631395962528316,0.04586130427288303,0.03454677465499967,0.011323238647909415,-0.0037366741863937504,-0.0028212821906335437,0.010999529146089582,0.026809449380100416,0.03955538358968358,0.04437027723973579,0.039336188468625,0.030680380170353846,0.023743756048339764,0.023701640375880212,0.028364479905362262,0.036429023662686896,0.048142705937715496,0.060720599202344454,0.06607571735052356,0.06372112704033889,0.06575350780313534,0.08024944806659358,0.12159348741739208,0.1979641516497451,0.2906330495822139,0.3591644565880332,0.3617181186170131,0.2904887036107454,0.2102699851692199,0.18220331538943393,0.19376128856840383,0.19852120172970947,0.19003130827115502,0.1742168398563142,0.16112040385935122,0.16762895884321408,0.18733523304794059,0.2018371348567059,0.19474021680291498,0.15943927109134956,0.10675210887090088,0.06437572479020229,0.05257716434441646,0.05970413427148803,0.0676837759284563,0.0657374970325709,0.05446837643413237,0.03628811736401461,0.01688397225976219,0.0017439490507474749,-0.007054594088528341,-0.015921198034133787,-0.03448714314819974,-0.05732083882539855,-0.0690385418963315,-0.06998367600352194,-0.0710766280739128,-0.07653438940751894,-0.08864346168352566,-0.10595361575407342,-0.12985856583479805,-0.15599797778949345,-0.17925483535677955,-0.20194445164784425,-0.24289975740856157,-0.3069099100579714,-0.37987631254629617,-0.43480240749871757,-0.45634789154116767,-0.44941245459941825,-0.39701273881054977,-0.3101758100876335,-0.23858957222648727,-0.19049275313804437,-0.16007218201997572,-0.14764453978342781,-0.1533721190721003,-0.17115530259022735,-0.19871451066972798,-0.22354348648097067,-0.23036365568009878,-0.21535146039641626,-0.17855021819071526,-0.1403685787357665,-0.11270695651251882,-0.09220750751736809,-0.07101015154686013,-0.04671409938725614,-0.021209493079083867,0.0026900542053628594,0.021444230474464487,0.03651782328920322,0.04735258448202977,0.05657309804085107,0.06528923321503496,0.0748332609437395,0.09083809796153687,0.11418276190369814,0.13718930006712468,0.15649041675086808,0.16707934602248525,0.16996022030769836,0.17639629322286762,0.19299657785692909,0.23347225140297548,0.2929186274173208,0.3477883060498873,0.37133826503982414,0.37685037952466993,0.39187961626833673,0.4056647750813751,0.3994096696740883,0.357355986917852,0.2796475101009966,0.1855243039371254,0.09401926134825177,0.02444431452387652,-0.012301611414176728,-0.019359164437830405,-0.008890426953297614,0.011051987445526339,0.0330064441421089,0.05344291942065858,0.0612633044834106,0.053412405687858364,0.035465112478185505,0.020760065622751095,0.021251016570516097,0.039385541834773954,0.06593928172508666,0.08474315124060736,0.08263081507054082,0.05585865358308788,0.017313214005807816,-0.012630802105133593,-0.02721256648467775,-0.038688975201024496,-0.05327560855583325,-0.07526728888049716,-0.09834928948359814,-0.11755295234018268,-0.12781583605515937,-0.13920458172430106,-0.1510399113863409,-0.1608665722126923,-0.17098719607424495,-0.18881104341601102,-0.23295218481759905,-0.2988903864421006,-0.3895652108236583,-0.44838131878220755,-0.40754381091435693,-0.3228461057905472,-0.24685384729288137,-0.20252197947278122,-0.17589445511057802,-0.15332524871851436,-0.1271208760118535,-0.09871663170923399,-0.07632804238055357,-0.07049898129824353,-0.08167140950226212,-0.09745813664781308,-0.1045053320838121,-0.09545448886434757,-0.08269110532715049,-0.07749162124705364,-0.08153496648094916,-0.08203267256203009,-0.07183868208005643,-0.05066552981288536,-0.014393216340295906,0.034190676677383715,0.08010993037498766,0.11433677777116467,0.1327165036641256,0.13851817858078697,0.1367267036363239,0.12021468030585813,0.08625851321665058,0.051047616083619574,0.030106885111024672,0.029662423337813663,0.049951760114965216,0.08786020152224619,0.1384892958023839,0.1992879158224737,0.2485374948614084,0.27000397883078225,0.26897690138760605,0.26265675654178755,0.25281391466716596,0.23119561608412462,0.19378998047288098,0.1427826907709758,0.08992502051036348,0.058222487028541665,0.04513398364438605,0.03684937405204167,0.018016821741349585,-0.011924628181598465,-0.044726907697302934,-0.06780001548232512,-0.07342805438503464,-0.0662123562718079,-0.0528661227434279,-0.02946768222709014,-0.006080749128226838,0.006724418291457682,0.01044898741526803,0.010610608921064909,0.0078796119137967,0.0001795071257946135,-0.007644492181101585,-0.012049303591072782,-0.01666597920859337,-0.022521215563890737,-0.031041511718420286,-0.035888155877602336,-0.047567274463025354,-0.07716685511806029,-0.11700672581656626,-0.1585478545129937,-0.18827067384586796,-0.19592348635681509,-0.17858994684501214,-0.16173364369889354,-0.17195413883437558,-0.2116368172793759,-0.2541122710798779,-0.2768289673430295,-0.2731744770811383,-0.24761944830215285,-0.21330585425605328,-0.17505669270588153,-0.1401715459813584,-0.10689737616697764,-0.07849756031847063,-0.05137524046713322,-0.023434653296525727,-0.000900895909913545,0.008858946614859588,0.007046809963343753,0.0032592290279692526,0.00721753996486443,0.01860572631790533,0.03049305010937373,0.03829491755362627,0.041775062389493224,0.04516261716752533,0.0552092597214063,0.07308981630382513,0.09689527770522166,0.12229851785087306,0.14306929106489147,0.15986687174262224,0.1723220924519405,0.18443786982064786,0.19429425212343687,0.1986421528531975,0.18974561612914623,0.16865605677537196,0.1485611810578705,0.14523695903340744,0.17270401640393995,0.22970392330013717,0.3114074794136484,0.40721886086018905,0.47825690142499905,0.47372243967945854,0.42255511364637416,0.37150452131941664,0.32496164713596354,0.27320627489795746,0.21707393103810746,0.1688078498131181,0.1336737428385807,0.10384854758408306,0.08488036208013378,0.08125989923210393,0.09293331260383267,0.1164694858263108,0.1383716274335682,0.14311228845394508,0.12956120834659643,0.1051903810886397,0.07849673606430585,0.057537805177932895,0.04557078496448492,0.040633325102072765,0.036876871741361505,0.03349723295547007,0.026307542976527022,0.008517329209924446,-0.01745065543704894,-0.039313798832139014,-0.04885738142197116,-0.055892292080154414,-0.0712295647887145,-0.10311027884914481,-0.13724976374667414,-0.1576276181894824,-0.16667855138155838,-0.19383857312487232,-0.2512443948176798,-0.3159328760557666,-0.32617925483195764,-0.283999046517101,-0.2588278541092328,-0.25894329594362997,-0.2730133621536074,-0.28919372121682624,-0.28227139960285996,-0.2507589738987247,-0.2303571377745378,-0.2312953093306098,-0.2364959758784271,-0.22496022817412634,-0.1964876285337502,-0.1645230198405497,-0.1409723373238275,-0.12682082436627873,-0.1198008243323828,-0.11590161251176377,-0.11022569487100534,-0.10710778141778013,-0.10316201026262074,-0.0926645064553806,-0.07181940304938575,-0.05102720462838059,-0.03886547667518202,-0.030026428450951853,-0.021788189511185406,-0.012685267493581101,-0.002333452738403664,0.012544106697169448,0.030274441881349916,0.04336706522838618,0.05000002419526828,0.05442449727008099,0.06671880400078707,0.09029182343037656,0.13206443423183745,0.17371801052621638,0.20700115563411073,0.24140254975346317,0.2857034141160979,0.34924595060359037,0.45083242176289107,0.5303148916058683,0.4259543412682963,0.2775152939243558,0.1985602875337391,0.15565172156041435,0.11764397633763565,0.0727915774705434,0.026379417966380835,-0.020765376176599543,-0.05293968882139534,-0.06729373091355459,-0.06441303502952773,-0.04826043368746814,-0.018934073314846915,0.016000977878651537,0.037948196619455477,0.04401437348093934,0.04159610626731791,0.03544928024842136,0.029124329498440776,0.020462862024022553,0.004315217879357197,-0.01598890519293099,-0.04206339292595686,-0.07013725521448226,-0.08998088120316253,-0.09050511647077812,-0.06434854671836035,-0.01954753139479666,0.03192491962677292,0.07662676021227792,0.10448993630011742,0.1040888083042372,0.05850970965801674,-0.01593714337813978,-0.08310637802605311,-0.12973355138870504,-0.14861273990379112,-0.13684949968571342,-0.13220348190097927,-0.17234413792960643,-0.2591918489498481,-0.3050257922926066,-0.2753804370411695,-0.20885915290080526,-0.14684702312369832,-0.09760839491779266,-0.060153603050794195,-0.03605669582117368,-0.020138688707862683,-0.006669625953083,0.005958737857998259,0.01498468716491916,0.02168382263931157,0.026131029715830638,0.02352265879511769,0.023415407648189838,0.028110563411365308,0.03508199225492361,0.04462322400211811,0.05470576412152246,0.059763888662110645,0.05682282473876928,0.05014998698140992,0.041871559298807655,0.0412878033660188,0.05536939253812792,0.07958923003928914,0.10211308359719734,0.1101179209377925,0.0972996562481107,0.07503203465622535,0.05888949898916513,0.053624362106289986,0.057245194572558986,0.06758382653313734,0.08248563879549246,0.09718549701470512,0.11167196292123871,0.12672455318431516,0.14628835748004934,0.1749770435996648,0.21041655839744383,0.24363156790049142,0.24713173700829627,0.20054216305360104,0.11968085514573916,0.0363420693908827,-0.01814332881973893,-0.037497079217441685,-0.03215044717831336,-0.011689795852607841,0.013268889986542779,0.04015877312393147,0.06366579317061752,0.07708066376404918,0.07675968188650328,0.07079952811485371,0.05731803487080002,0.0339322991413306,0.0033775667925192176,-0.029486619200804174,-0.05739304797969185,-0.07482559569049056,-0.08058526390598238,-0.08070617279442711,-0.08777545445179719,-0.1103026858472972,-0.13844483537337737,-0.1610993012129992,-0.17607417067363232,-0.18460540734475556,-0.18938601467928276,-0.20280496445137514,-0.2179300614242996,-0.22664603974316913,-0.1885790526079847,-0.006040343503255915,0.029174995365784388,-0.00955005441870487,-0.07840714352030198,-0.13746714553880135,-0.16761178514896385,-0.16740863285325147,-0.14744761866610248,-0.12132870786951055,-0.10114983138104348,-0.08532345942979935,-0.07347088940702072,-0.0644085866903304,-0.06261067879835777,-0.07177428841080688,-0.08958856224356153,-0.11612810593883946,-0.1413599177639697,-0.16083820766496057,-0.16884579135523653,-0.15247604302387513,-0.11662948055563496,-0.0711495774413994,-0.02811314034809494,-0.0001360828086664202,0.020657660888029797,0.03969579313918557,0.061808007118727214,0.08161949996313263,0.08881032725657866,0.07430493595385054,0.038334514914261944,-0.00442206744900238,-0.047739450049038075,-0.0853793328398935,-0.09470005655257603,-0.05747582709977287,0.02264601165070885,0.1010403154102988,0.14616124102030822,0.15764101782390685,0.156862003528268,0.1592910620649285,0.17068765671519026,0.19526594226997396,0.22318459515326367,0.24246619466049882,0.24444745883459082,0.22540750796721287,0.19476715155554863,0.16179622349515996,0.13489635225041924,0.11505026670272898,0.11521376595093505,0.13514426177950312,0.1558236130135652,0.16714832041787545,0.16583906268143303,0.15218490984002606,0.12283996895528006,0.08766241895453998,0.05772989093257296,0.03910533406296715,0.03374903816651468,0.033013689626542164,0.029512390806134662,0.022865657858204668,0.01163889726646211,-0.009395087466148021,-0.03545442097833761,-0.0646987096310769,-0.08877891849454385,-0.10205728109616224,-0.09896912404381164,-0.0814037607642262,-0.06403524064336419,-0.06939615576195911,-0.10377984401615545,-0.1678230524975019,-0.23483811313331757,-0.28333517160711075,-0.31157528513317373,-0.3129138628189187,-0.2865124126809639,-0.2558157801334326,-0.22694256524559903,-0.19288683844265908,-0.1436722422737849,-0.08859308433702236,-0.042653953227165115,-0.018769013216049502,-0.015613980956016455,-0.02471319216196046,-0.036355257801881924,-0.039983619842418806,-0.028986679137055195,-0.02015424129854444,-0.012903804586181148,-0.0038321219911842995,0.011264519842709833,0.02942336703350758,0.04273105979077725,0.044896155100296216,0.04400407251275105,0.04660624321325981,0.058658832243920135,0.07904229254062684,0.10266938773230805,0.11763767251193985,0.11796101465561597,0.10834012281452311,0.10003529491585587,0.09784883951696365,0.10566823031744034,0.12357041882860496,0.14308936284102353,0.1576828432557723,0.16213500459247265,0.1566288505008485,0.14835583204672817,0.1551460567537675,0.1960830175040777,0.29934856843649693,0.4406210913762441,0.46640179363430856,0.4099859210947607,0.34544175461575627,0.2915424530154042,0.23817215766451724,0.1696105804804417,0.1074750074226773,0.06873467117685245,0.03716648150642378,0.002944814565551816,-0.021107681717531954,-0.027008923306162492,-0.01439606682196095,0.009862508815179038,0.036581140586299354,0.05398085410007932,0.06428150502069226,0.06301139807138209,0.04936166335249829,0.025056175504045316,-0.002941733340822535,-0.017805823044544672,-0.02445559292027702,-0.02822739559042653,-0.03588571954001659,-0.050999457736505924,-0.07094522435976472,-0.09657084422021883,-0.11866639120737478,-0.13029675810435123,-0.1255128998201719,-0.12127430072149811,-0.12720106160120603,-0.15228309437377818,-0.19829477079798605,-0.262492864743477,-0.3448998274958455,-0.44659395897948806,-0.5695955848287926,-0.6830484608208061,-0.6921496202356181,-0.6016412070356907,-0.47096520054039925,-0.33507273049203684,-0.24197598219451424,-0.2042914432172412,-0.19922797124028951,-0.2011182260482671,-0.18525881285349322,-0.1591191501646415,-0.13270331044585357,-0.11230508859940623,-0.10044152307893875,-0.09802269535744025,-0.09727719557214479,-0.09257182994520664,-0.07616359381363721,-0.047665120813908564,-0.012586305338623847,0.017281435702827006,0.031193458640135122,0.0322070406675178,0.032163065120558935,0.039050059240245905,0.054081204578683414,0.07273636278865406,0.08771948612952717,0.08306106667748235,0.060227702961912995,0.03743176254788945,0.03780351413385519,0.06134492035684357,0.10097700442189475,0.16147382435656155,0.2502430368522878,0.3563101149605584,0.4539479112015753,0.5114210500090653,0.5213825125814519,0.4878495228638951,0.429274383362307,0.35951208775803295,0.2912634791384897,0.2473644194133593,0.24148325172944382,0.25832854646291187,0.26585334102606434,0.23435963944400326,0.1726105802563058,0.11536371064597409,0.0785291773833595,0.05822086106611034,0.04060096239729336,0.02108241592916346,0.0036721755340793556,-0.0063565993346760994,-0.012956603257190707,-0.018994808677664073,-0.02105573999546245,-0.014291090773018118,-0.004873547334080094,0.0008830761028006587,0.000656627029879694,-0.002954045510997458,-0.012601526239686255,-0.031096502337652814,-0.05836071222909315,-0.0860071267832274,-0.10093653892058631,-0.10038078139606663,-0.08531718725870616,-0.07238536960243853,-0.06601716172007664,-0.0666647961404122,-0.07418801680748859,-0.08934629531616829,-0.112699449303209,-0.15892656525800147,-0.23496047538388004,-0.2937847504721993,-0.2897906322157291,-0.265972657703381,-0.2409128189309473,-0.21792690336611423,-0.19901083240253117,-0.18102499289017787,-0.1598365574254917,-0.13127159750505643,-0.0988724949368663,-0.05879742435525226,-0.014917278087965138,0.022195084076662135,0.04308620202399714,0.04426619112042113,0.02475180205820063,-0.0015350360340887841,-0.018674314912028738,-0.021658018296700377,-0.009601684919124484,0.00794016635562762,0.018603096688136582,0.01950173482870621,0.01578416707655209,0.009437651426165077,0.0027610983971570104,0.007385310697222062,0.023825833598088483,0.04972727401378636,0.07902798538996374,0.09555721882639583,0.09558441519762413,0.08125971914746784,0.061881420026652326,0.06197342291372091,0.11026691545500532,0.20699256335860655,0.31335976789751463,0.3753727425988031,0.3822628527658917,0.3449476604484926,0.2793184236318446,0.21738449311433405,0.18498780214782648,0.1996698377438228,0.24002274044583655,0.2717250290572203,0.2663261400744357,0.22228452186962153,0.1546586259656766,0.0959078202968009,0.05053509701834442,0.021880670865331568,0.021265613921082407,0.0384571892344347,0.0551223798300189,0.05429617005767701,0.03691533838277492,0.013164666021063627,-0.005045255478564124,-0.007286221055218646,0.0002180955002274478,0.013216145463903758,0.02111084800769344,0.017693316578542544,0.003953035695409767,-0.012397378622493547,-0.028823915421439847,-0.04139379433983913,-0.050549117519092406,-0.05115629055802472,-0.03791677254017148
-0.06696454490880681,-0.10625701800806113,-0.14825061475133972,-0.20205930953962997,-0.26425588787604376,-0.3017490055425553,-0.29876734549893547,-0.2685011987972622,-0.23045239292848194,-0.20462007302417126,-0.1898174241060093,-0.1801482676466779,-0.17669267848646628,-0.17306379360719312,-0.15031074543682738,-0.09815722935131978,-0.025822346458466035,0.03332498276981641,0.055447743923974606,0.04086762787703331,0.012426672449039377,-0.011797600345128483,-0.029325198695260648,-0.03309259473511813,-0.021541754410554646,0.0028460879858220275,0.026896364367763412,0.03906956629792215,0.039535686881425315,0.038520670110012874,0.045434348208675965,0.05969797892325412,0.0807832611247877,0.10454354023513902,0.12487976044727193,0.1386732492953738,0.14527788747198758,0.148264388406948,0.15516206924166814,0.17318649210603895,0.20671676769466527,0.24503600397183456,0.2809248201477717,0.32581589287004775,0.40121627534117377,0.45790878789317,0.45611232116207917,0.4054824841585975,0.3382907902139069,0.2794884927140487,0.23034653000840435,0.1809473007782872,0.13326492198941112,0.09444039462931521,0.06787635042105966,0.04581800119496358,0.016977794244938473,-0.017969346612167664,-0.053809779208484586,-0.07409648587118317,-0.07136111288289605,-0.05403861359066597,-0.043655408621734344,-0.05305236821375386,-0.08164746014209114,-0.1140971675671804,-0.13210312038106117,-0.12472745999938979,-0.09806166384476102,-0.07248644303990114,-0.058070842389826474,-0.059945017705132234,-0.07274030697191852,-0.08382981328054524,-0.09304530857409678,-0.10553521461631254,-0.12261939831640567,-0.13312139741714776,-0.13492336126683316,-0.11643867698167876,-0.08258939286334134,-0.05634560843050065,-0.052813440448475336,-0.04036642981329477,0.014784496487933382,0.11317206813195,0.21095867141564914,0.25364645996813684,0.19673764859466647,0.1114724627229314,0.09318018330673133,0.13631639185660732,0.2010476145225981,0.24364106695996163,0.2539314685406963,0.2164302849549356,0.1169691405391837,-0.014894607778126175,-0.13090852829991803,-0.20281411375875938,-0.2342593985804907,-0.23418690514082785,-0.2107593776609778,-0.17143164957948429,-0.12867503130592717,-0.09379867569139468,-0.07007477487556586,-0.05234310624077932,-0.033156386500632865,-0.00905712662116494,0.019848829285357104,0.04707989449285606,0.06752151785489247,0.0840484862107261,0.1031026827879077,0.1289091284355043,0.16339166824576412,0.20967335047123106,0.2698957168040275,0.33470126124290134,0.3918167078311659,0.4324682225576334,0.4548774352049572,0.4683790950411891,0.4796159629720165,0.47223227391457945,0.407696041620975,0.32886183456102003,0.2758130102822675,0.24163964558176815,0.21147049400085513,0.1783939382783143,0.1500119853406945,0.12908082730047288,0.11023275051300027,0.08397317368010822,0.06439124305910969,0.07040287672875863,0.10153657978018528,0.13288546407614946,0.14440270661822976,0.1413256709523922,0.12282651326485984,0.09447326547666551,0.06520687878906038,0.03757986150216735,0.011756806341348649,-0.012906795134235708,-0.03280631188596244,-0.04268643277035212,-0.04283041398998022,-0.03664294945870671,-0.03924182998997562,-0.044072170014348155,-0.03756781894868248,-0.03407777802725157,-0.03574782793817863,-0.04984795769511341,-0.06544780906353805,-0.08361819225806592,-0.1072807036083935,-0.127695490039322,-0.14733806398479588,-0.16153114728053353,-0.16059461222913513,-0.14759946108348407,-0.1350225863318817,-0.13364739015266017,-0.15051137289715194,-0.1674020733955181,-0.16859802140443114,-0.15078812241024545,-0.12588995004592468,-0.10421041860396854,-0.08955374913919378,-0.08122195324906598,-0.07322858658218288,-0.0584040313749101,-0.042645171631280364,-0.02972104247375717,-0.02028359868943501,-0.008990620505738872,-0.0008145598212958476,-0.004156324556833121,-0.017092430406388394,-0.024909264725691795,-0.023457838104270677,-0.016843575151705502,-0.008931352572481191,0.007161071244049838,0.03353657058662586,0.057785159628425356,0.06313267813993478,0.0420751934067285,0.004613727543212081,-0.025180342107715466,-0.03668747626986581,-0.026591691381002487,-0.002777866584736803,0.03502637043146237,0.07935124341388382,0.11310284081508523,0.13607514702647763,0.15041602029579534,0.17363179253578845,0.254310202918318,0.35349339020509785,0.24628189374918186,0.1460542796352282,0.08768208813744582,0.07330282723588874,0.0910209379868922,0.11392128067984805,0.1263627521956233,0.11819977851104965,0.09777708070795918,0.0740100564645391,0.053948012408944625,0.047222600102698804,0.0526226512857867,0.06562372646719512,0.07796595405075721,0.08116271875662913,0.07435846852727064,0.06104092522749631,0.04750852689403299,0.029419640909354578,0.007593698180069166,-0.010197733086300714,-0.02025614414817519,-0.029125527697029644,-0.03800926527315209,-0.052023261797853194,-0.06812292442517907,-0.08808897668814242,-0.11566561851104563,-0.15342844308834355,-0.20282872359416887,-0.2631779371708828,-0.31734475196515305,-0.3411216856446518,-0.3384467866694035,-0.38942295371724195,-0.49040507594988564,-0.5012134817125408,-0.4087309024706914,-0.3226732686156881,-0.27128269176551895,-0.22791033263764027,-0.17561949690006395,-0.12198530449136763,-0.07097508522036441,-0.02496413110093869,0.009960712857978591,0.026405471551637007,0.023238008173744485,0.014364395936870769,0.007157173842000015,-0.005155991479507319,-0.02315531005165447,-0.034681216175562884,-0.03766250090611121,-0.027493365241945573,-0.009504997681064602,0.01017314346179571,0.02712389163895126,0.046993980223725015,0.061877484947370456,0.06486974349006498,0.05653163801952728,0.041284876479207956,0.027679106349213892,0.022695967297613792,0.031969232438931384,0.05232157126615191,0.08481885711399272,0.12865276236740597,0.17201613863541534,0.19934438388094347,0.2019435953643998,0.19148705860563492,0.19519198873129404,0.22843877061637177,0.2775529746835669,0.32713376690925755,0.3682894631444172,0.39977704782453816,0.41438640245742886,0.4175032434083998,0.4014005517149669,0.30524454753620783,0.16337998381599667,0.08510484407520774,0.06344378930974574,0.05728425111811518,0.049496453640038685,0.030367423136897168,-0.002476589291652222,-0.034900138646257836,-0.049724649390603726,-0.042121280995937274,-0.019892266840423098,0.008494566914335795,0.03504367891004603,0.05526674394977076,0.06813742833536275,0.07052074360946181,0.06700860432158243,0.056465478792833076,0.04024595537675368,0.024076148519621008,0.011377381821907166,0.007236572079450953,0.01574297881651169,0.03212343445167916,0.046124457134831966,0.05688305465866046,0.051323857544520124,0.02617533746813457,-0.014277798126825544,-0.04948532124240056,-0.06440120684968575,-0.06561467201157786,-0.07588032678333524,-0.10086178110805492,-0.14393500989382643,-0.1893551436828951,-0.218727702555396,-0.22163820169352916,-0.17913585125684783,-0.10699109393691594,-0.046154601998820814,-0.02665144309279794,-0.05332096195109257,-0.10445670684733055,-0.15153727846926965,-0.17720305977052256,-0.1872822334386926,-0.18918394515125017,-0.17905245616554788,-0.14632086253211807,-0.10206259480248316,-0.061495312957041345,-0.03397562293401554,-0.017207174705322372,-0.010979561354588514,-0.009472247459496335,-0.002406617792808811,0.018855323779128165,0.05046272578847112,0.0760993769299293,0.08478000814640911,0.08226908691648843,0.07396362754322913,0.06362179779142153,0.05324589047146709,0.053636694277780325,0.07277551941666094,0.11100072857609308,0.14766412062486747,0.1697407792744513,0.16812146458592292,0.1411557413176252,0.08614444695563003,0.022757614939325876,-0.015724677117566553,-0.00039154807181933534,0.04577223049133609,0.09224577806682936,0.10549397211510744,0.08989468743640507,0.05839368274116469,0.026337508203950217,-0.0009025538743124929,-0.009919892700804525,0.0028444289432793682,0.03072359959783725,0.061647938427789734,0.09627379223354095,0.12998371921760005,0.1532703324253862,0.16308452423860403,0.1591338439920365,0.1507968890198637,0.14714152020293395,0.1510356589031362,0.1539027688628285,0.14947131948685308,0.13456126443685787,0.10960511756427466,0.08390555519945546,0.06538595644208428,0.05297496968878896,0.03473563720171943,0.010722005460317267,-0.03193756519977657,-0.08470162818011355,-0.1716265418978724,-0.23489916574258235,-0.27780332576295114,-0.31989938079111513,-0.345807486402968,-0.3514814570631748,-0.33877974682477185,-0.26629317839744554,-0.1596377345925169,-0.09649173714701513,-0.09314749862453185,-0.10599919756830722,-0.12873429918333132,-0.15493549780975321,-0.178028418372004,-0.19200949840612258,-0.16257023011306107,-0.09865567394562552,-0.015126011295370433,0.057936386756398145,0.11038963877252463,0.13116043811267233,0.11169298864605642,0.06981780417662564,0.028219830924962382,-0.005488878058798926,-0.03485234862500633,-0.06242268127972949,-0.08893508913417919,-0.10898859644177346,-0.11837095499400799,-0.12518949932411003,-0.13135129621963235,-0.13121910908463977,-0.1168516995610321,-0.08673172123681204,-0.051854031803028264,-0.031529843353737985,-0.028916516177344663,-0.031244816337322536,-0.02804931077334413,-0.021815307611438798,-0.007794528419640928,0.012897192170754947,0.06689264204346375,0.17111950209293997,0.2746407270748746,0.3382725515760027,0.352467303571554,0.3416987247231295,0.3184655431463977,0.28722089354476615,0.2577600546216045,0.23705355135609618,0.21757406655196815,0.19477399793573827,0.17579554601517025,0.16421853744243736,0.1602071294614584,0.15005129013148738,0.11640783085625642,0.08385453891490721,0.06725749311587789,0.07071468415239494,0.08390531535441778,0.08811129974976442,0.07661041192681803,0.04703704802277738,0.008523351837783764,-0.02937566150104012,-0.05463596952780745,-0.06522159350293359,-0.06689643032366863,-0.06734613002095902,-0.05983417743409911,-0.033494441977980335,0.002093215325215016,0.03067791768487322,0.03760031115758592,0.017111989649124387,-0.015004491127550734,-0.04051360045626076,-0.04697410416673617,-0.04073972512405134,-0.029596654873279147,-0.023115236724960086,-0.024286185809519505,-0.03267096127347814,-0.059395045326622486,-0.12009208671574773,-0.20070471002058046,-0.2437054297175527,-0.21977159522104367,-0.14959076861640688,-0.07416847577569222,-0.027509005897191522,-0.018231816742316057,-0.028318318512027745,-0.03924221891257089,-0.03248377197754352,-0.012061506561452157,0.0010822896042926885,-0.013628628037415581,-0.04957404503747278,-0.07892761133686711,-0.08219463958210817,-0.07205123724076648,-0.055421814339672124,-0.038654978733475835,-0.022761017937282548,-0.005150387368164438,0.005172635937906421,-0.0033001306486568726,-0.02130402769266202,-0.029163263404306767,-0.007196308463730147,0.036876409607289995,0.08869314754022276,0.14082706165067177,0.1855821785556182,0.2059533379590544,0.20029792281642655,0.19727408599458648,0.2244114425626781,0.30289136028393243,0.4124294129276209,0.4590576098084764,0.3707522128318176,0.2008844310537584,0.019708247618413718,-0.07571658169996592,-0.055027817547052514,-0.015089549858165593,-0.0022824198375571625,0.002368681482106909,0.005703862296677299,0.015312845574010811,0.03067361248664506,0.052744479194021865,0.08529829383245179,0.12086057086472513,0.15148898940062067,0.17843487491689894,0.20130471296077285,0.21468673598737836,0.21025060069375662,0.1834664113423357,0.1274022440887852,0.04650474808160182,-0.03211191737548295,-0.09240013892943182,-0.12738804135878562,-0.14319746264377098,-0.1424149249389672,-0.13228610097016955,-0.11837559589130424,-0.10655258746996146,-0.09715088194008856,-0.08693578153602614,-0.07490113788334904,-0.054537451429898055,-0.023447414965356586,0.016776201013924807,0.05523109556901881,0.058983897329574056,0.002722997438442693,-0.08895990154384123,-0.15263698186626404,-0.18148035414382313,-0.20317960070734964,-0.2073291526705,-0.16349567633320733,-0.07579195692858742,0.020368312534450976,0.09408522428457422,0.13173783091519725,0.14651313612972752,0.15159335596222023,0.1477509328145522,0.13045279600346682,0.08962070684549531,0.01919273769755919,-0.06379002196834202,-0.125010572761389,-0.14296945229730457,-0.12365835414686306,-0.08598645379779131,-0.043899090851132486,-0.007743638452750715,0.017624645168299424,0.032109123177738855,0.039448586180329655,0.04495424524612789,0.04885581599553694,0.04797446423558391,0.041876490773600235,0.036318000417990666,0.0349537685992755,0.03938417115554738,0.04425662860705629,0.04255995498800612,0.03908666991009023,0.04000907391648873,0.045337196509214944,0.06335502879299887,0.11005616821712341,0.19257954908487013,0.2741441554385893,0.2974002371147854,0.2647862182741993,0.20542438543211766,0.14321332810320508,0.10389585469995363,0.0926119281694181,0.10194104569621476,0.12257570567755749,0.1346799673226565,0.13059665475346763,0.10322905394465016,0.06377499810080355,0.030793814936540705,0.012526057355024668,0.006919731133114464,0.012255213817158883,0.019451242097611173,0.015961539740497934,-0.0003104643047497443,-0.02329400833503404,-0.051862129685117976,-0.07833458385652192,-0.09230643152293977,-0.09258701695349653,-0.08773703980927672,-0.08694254801959488,-0.09131228515591164,-0.09577569124081212,-0.09292905841150115,-0.07967222659636543,-0.054732487123144484,-0.02236297132936107,0.006459418598357548,0.02775954000455941,0.03695586776491993,0.03544724140976678,0.02171331608265615,-0.0025584307350968267,-0.031129849124311847,-0.05849425547398704,-0.0827654904001865,-0.1080651897331618,-0.12459099756707634,-0.10830501387660847,-0.08894768649977759,-0.09632758801535474,-0.11245869968200974,-0.11792846068656357,-0.106739971923205,-0.0808227969623552,-0.04024774976596162,0.013464128213679035,0.07373813093495012,0.1274848875839852,0.1708887106762282,0.19135326424688692,0.18935012730572068,0.1755078197483392,0.15185353303437413,0.11387700134254176,0.0647484208074277,0.014679257073580176,-0.027533144483417822,-0.057055042291362,-0.06993076591072475,-0.06639802593290486,-0.04711075536060692,-0.010675331231030132,0.04502941921568469,0.10393667191165577,0.14122459763155215,0.14672682959452577,0.13252943816961701,0.11030080483841777,0.09314347918235652,0.09392570336539868,0.11130762899535673,0.12123383526043788,0.09849865763172547,0.06855832255054393,0.05504726056074806,0.05838780824329801,0.06830325495519123,0.07135146893048713,0.06987239832006695,0.06714490842119045,0.06344949403988041,0.06291148400264818,0.06330413586431691,0.06339418472898249,0.05783091240224229,0.04038989272891594,0.022329518381998623,0.010339058355644819,0.010803793450225665,0.026810324568706825,0.050320780883844285,0.0610182294207161,0.06099015550592371,0.051851701868415805,0.036549517153777,0.02192807567634006,0.005233164079742928,-0.008641939456913054,-0.01707482049443794,-0.02135504145242279,-0.020456780321593572,-0.014618078629753119,-0.008804815621711688,-0.004342384497211075,0.0018004019515996447,0.010514774508519209,0.02222312294499037,0.03623574608964425,0.04523556826612887,0.04109294465720354,0.022112048750529436,-0.003364369295574024,-0.029175065280649344,-0.05789820425674778,-0.09584590657728677,-0.13954106711326442,-0.18314341924051764,-0.22381957130194222,-0.252154436975274,-0.25871947039456406,-0.2357895291240914,-0.19114110877353171,-0.14002751719453616,-0.10619388373638611,-0.09338402387055666,-0.08950548990846934,-0.09325340222757228,-0.10067519881915127,-0.1056742622520069,-0.10399735866600053,-0.09164346252387982,-0.0701241763429592,-0.04407316851360097,-0.020998767122831823,-0.006685883005394223,-0.0006840598032192388,-0.002451961333265624,-0.001605602423669489,0.0116500619831775,0.03989196039128767,0.07502113400137492,0.10854461307112319,0.13483287201828761,0.15049015445683367,0.16228323228108915,0.16885193780521862,0.165752648985482,0.15244469708383712,0.1582226872687752,0.18999605555819168,0.23470001585709935,0.27025331917190965,0.2624214436132483,0.2009487487985957,0.14262277559052478,0.14487304163043907,0.17863215200388305,0.19278436456054523,0.16942436363712093,0.12067354946817367,0.07375460871211113,0.04815184367637553,0.05529394911862911,0.08451705715665206,0.10185428293807341,0.09366400747833033,0.0680715081729787,0.04311288500972246,0.026127028611483135,0.02075108905241452,0.02419286697155434,0.02907037439599289,0.03753524836355808,0.05034841057930116,0.057745241889112196,0.05637279357339102,0.05569572509898452,0.06516133246841162,0.09276384681392547,0.12814223334333247,0.14800395108372896,0.14796179145510682,0.1419326125158522,0.13064136823096284,0.10017932646295605,0.06065621047254886,0.027308751119268258,0.011509095023325184,0.013843031289139492,0.016424806823266448,0.00873059397297658,-0.001618560426151781,0.009829279798600828,0.03527956550610764,0.04253948352360011,0.012078613110974709,-0.04847845432379009,-0.12641727059455718,-0.20745859076855896,-0.23542130726265112,-0.14772081387557562,-0.022229999521899746,0.04119836358244927,0.042901482456791235,0.020987148844749094,0.002916321402462394,-0.009885797811647565,-0.039892188153861884,-0.0755741624744773,-0.09929934417030954,-0.10061225814637705,-0.0891364732305609,-0.07549081912433114,-0.06360693062636806,-0.053698076882539164,-0.04271472845144513,-0.034659391901423905,-0.027977306661432146,-0.01805764529121676,-0.0026723409007471566,0.008082226573540106,0.007346690047721483,-0.0015646876656556829,-0.007612760501564171,-0.00787817570170876,-0.0063585222569768635,-0.014374164017948492,-0.02497975646516185,-0.027677366013986026,-0.008685874009437556,0.028533298906082964,0.06246722379163452,0.07620649752666224,0.06653597247829655,0.06186180173293877,0.09824644165160606,0.1873241344818994,0.25013483168023004,0.2667271631079192,0.2602498008550669,0.241116063448091,0.20263928413674157,0.15354198045650827,0.09814642784644051,0.04715686239387941,0.010240261876509565,-0.004543135449723708,0.005461574272043888,0.03993808870095832,0.09715631778818376,0.1553520312015665,0.19426334932011813,0.20853148984416517,0.2038520867356119,0.1812384600790195,0.14600639415591363,0.11421039357378947,0.09867441095273748,0.09983377511312644,0.11321402000467401,0.127627350250271,0.13457260350159594,0.1292341079055951,0.11702316316421493,0.10771711264394099,0.09883473142909162,0.08951550408789463,0.06568424809996415,0.028696186665362996,-0.0072528143194915805,-0.03692195194840964,-0.05705687520008747,-0.07776375203701179,-0.09950312920928588,-0.12360154884320101,-0.14513545546394216,-0.1613528739945093,-0.1678598350505938,-0.16758009745354444,-0.16445892389967132,-0.15986560336225228,-0.14864349362386486,-0.1344287008895264,-0.12073524601248814,-0.10815238539939068,-0.09036726091820893,-0.06833090243180694,-0.05341741389887196,-0.05056529160660703,-0.05806136855761179,-0.06825294538258643,-0.07843089967032525,-0.08050012018689116,-0.07095538649398098,-0.056714163213992565,-0.04817619349098985,-0.04693775637218912,-0.04475857020280951,-0.03873928222987258,-0.029115259021288645,-0.024064709973220553,-0.024146971220361534,-0.035282167665238034,-0.053793547971753564,-0.06413109545194473,-0.05187657875582014,-0.026190095323235907,-0.007424655258549195,0.0007617061646751759,0.007313753590516637,0.026526278838055552,0.06308279261389203,0.09436015162835633,0.11273510127317683,0.12726683571300593,0.13530041938278464,0.12671566184111202,0.10306954153233373,0.06849685247395729,0.0391472278099101,0.020646360641133715,0.02120974398691155,0.03045227622295057,0.02945740676743419,0.013358008969640964,-0.012441550921664688,-0.03048779465288606,-0.03089219063447854,-0.01635792145059573,0.0016799855487952225,0.01764410037879535,0.024126543782853643,0.01734460114688515,0.00017038155449641023,-0.01887064606538548,-0.03698276970670402,-0.04951129970971645,-0.060537462069147265,-0.06636373421833919,-0.063185139062956,-0.05576055091055468,-0.04768590793335522,-0.04416517812100314,-0.04285517247502184,-0.037479447131576644,-0.03000130715013688,-0.021414748303503078,-0.009953343742131904,-0.0019516491574504493,-0.008048899389730713,-0.043418609278156634,-0.09948020021813293,-0.1415275552810638,-0.13828965392998022,-0.08216624226323772,-0.0009473032171487863,0.06851306959762611,0.11020860416286643,0.11779888437285971,0.09065665267902386,0.05575159966589358,0.03439779464435391,0.030686050828454686,0.04155048470522037,0.06371443032600521,0.09011983485143414,0.10552152284385533,0.0980344915768575,0.0795034970215157,0.059764144733041175,0.04512772836103692,0.040861358756444296,0.042282695833593176,0.043006742563634404,0.043822602230805786,0.048096338829537594,0.05353212973349877,0.05809776798861886,0.06125035444404022,0.06327948889687683,0.06005596027307263,0.04539463087624154,0.02479107337109199,0.010207084378335927,0.009475990855627794,0.02424196310459253,0.04976985476651662,0.07143169015639324,0.08839659704300348,0.11059076260151413,0.14833166072495205,0.20000231115480202,0.2682056270576004,0.36054559605539177,0.4582409589409272,0.5011937526838295,0.4837795344698236,0.42992353952225104,0.3653405941865019,0.2930736535779781,0.21096813838539627,0.130280052494599,0.07551273783851807,0.045956880411100784,0.03265927870107193,0.028728177883462266,0.032988221860498275,0.04303375035962217,0.05599265870262939,0.06813422951197114,0.07721172313472145,0.07509509974192284,0.05222546687249985,0.022643162926285428,-0.005077217785993069,-0.023854272062992236,-0.031950296366935985,-0.02976941420300683,-0.009850038536411494,0.024903233611006367,0.048737685831817326,0.06628108560286408,0.08596593403554727,0.10629604000941338,0.11641285610980498,0.11325943006216295,0.08421762836405706,0.025993571441073553,-0.038865345008742024,-0.1058205582886624,-0.16409515582725276,-0.2036955348885081,-0.2228751466063425,-0.25390250091111843,-0.3121874269169477,-0.37657447995960663,-0.43111770595474463,-0.4480839947809833,-0.4113052833849394,-0.34707985500055816,-0.2788743245770288,-0.19691294942694848,-0.08845658637487867,0.015082018937663453,0.07016531388543615,0.08084104214645486,0.07592504350670416,0.06659546120424673,0.05486401059885347,0.043992132011994686,0.023962952662658306,0.0005987081326757788,-0.014636544431781114,-0.014164636334690114,0.0011306291377137674,0.02374642221446419,0.03962888896069562,0.040755938392118794,0.025490799653480258,-0.0028002935632880453,-0.0336242211129178,-0.060916806064435655,-0.07838516471369295,-0.07615847646200795,-0.06139906377537615,-0.042077284106877756,-0.015626957520235022,0.01339297754146928,0.03854464445751829,0.06180033064754543,0.0922559090179316,0.12917674266012216,0.16009526086420592,0.1699276143436866,0.14916351541347803,0.11316348999591462,0.0953080239775593,0.12469267207422416,0.18116093507970651,0.2081233124874343,0.19164543952856253,0.15122804965551306,0.12970149773580744,0.1396499308596121,0.16028232655657357,0.17332716552221875,0.17124400992954775,0.15928146463898837,0.14828803730127788,0.13748646757869562,0.12444502286897588,0.10739180499637509,0.08399581334623808,0.057940524638173216,0.03882952104458666,0.03621475223890259,0.04318345190650579,0.04496786938282092,0.042171641626444205,0.04865622951459156,0.05834232335538114,0.06404297230455873,0.06765289294886781,0.07045615647390065,0.06720307195259716,0.049090568540387555,0.012523210451681801,-0.037795777608634964,-0.09458383766881562,-0.14920758856548008,-0.20613025080569045,-0.27755372553942953,-0.36833609954793484,-0.46549245318914445,-0.5582067803649601,-0.6313886971723981,-0.5936205871467956,-0.4304342271241864,-0.30760106304389884,-0.24315582595164884,-0.20874613114219823,-0.18971393472467124,-0.17758690763730217,-0.1572705552806623,-0.12479919619451549,-0.0753767968759122,-0.01423758823662961,0.025808661611464164,0.020454777788040838,-0.02629720175353908,-0.09388760985916464,-0.15135176396398944,-0.1754566045478358,-0.16083063121794866,-0.12281513190927953,-0.08139046759394626,-0.04541018647358625,-0.017295098210809427,0.003952789521862579,0.018760687463753808,0.027081518603821648,0.034250628895614074,0.042585189870949065,0.05041550794225902,0.04083449838692306,0.015943765004049894,-0.00017944438259465348,0.016418181723717302,0.0577732530960529,0.11527767245463474,0.18747784424048752,0.27957096334046316,0.41017258555969094,0.5640554770538938,0.5782542566647608,0.5313738772231427,0.5028302923766498,0.439650577339675,0.3355514764594789,0.23814857990125335,0.15895436374508976,0.104762826478972,0.0844275989977909,0.088010188217012,0.08862106072447941,0.07527862212391542,0.05552010602578638,0.04489046163965595,0.050852497267503856,0.07277364611064842,0.09886751808292316,0.11610094067186688,0.11509679191548294,0.09686929010059016,0.07230352404028448,0.04551190030309705,0.021871809553817886,0.008026722095180877,0.001757624532017447,0.00668975746000005,0.017090922267957522,0.023200758674341314,0.028920553171365652,0.02924681695672993,0.02962975296649643,0.026197037551347706,0.02684822846718055,0.030403397377722286,0.032130960616098846,0.024787153522211964,-0.007307604485049794,-0.062186763221425224,-0.1195318757599431,-0.1553263782748761,-0.18395237014838117,-0.22148986733034895,-0.25960508261837345,-0.2720758193668824,-0.25101731214264916,-0.2073622211462588,-0.15368960066602003,-0.08957706539682309,-0.02515273125016361,0.032722217338485245,0.07220222902780216,0.09154696689512357,0.09297640340170571,0.08021486909597934,0.051456459407528285,0.019687077134405366,-0.0001233344099253048,-0.0016572600430721236,0.008067852799987792,0.018909183722138748,0.022610562978032815,0.015079778203604711,0.0011745895746124728,-0.009468349041441289,-0.007385357255968248,0.01602979516184312,0.051278281147828265,0.07694525306671578,0.07652084090504761,0.04449207271072979,-0.005852020723337848,-0.04510403735636522,-0.0531152450522581,-0.028899427008369668,0.015900695298495207,0.06197404070556063,0.09736145031463152,0.11866272291920145,0.1207328337808987,0.09860256258690943,0.077390310717249,0.07755943168527768,0.10044226071393117,0.12399696977969946,0.1225654019009897,0.0903870431803151,0.055332683147481534,0.04255995152467929,0.058917235492989765,0.0932622804830878,0.13520918293356088,0.1612713795830591,0.15998768103877375,0.13280964792148622,0.09383892929945557,0.060506032187249426,0.0424434284996862,0.0345316783827855,0.031215249251821415,0.030001858398690916,0.032046861398760756,0.03183530261141701,0.022360152412631097,0.0071313604110962376,-0.008582445743387861,-0.020270643419523636,-0.026997162978508606,-0.027991307491636083,-0.02892160314433461,-0.04350141565957418,-0.07750235376327819,-0.12345892486784966,-0.16453252878115673,-0.19108122125671473,-0.19846709029406193,-0.17125533351287245,-0.11054587902054454,-0.035948152251626134,0.017660305579024607,0.05318480325392502,0.04733287040230678,0.012825073456523393,-0.05060502969571245,-0.12044400100037483,-0.16190745512627416,-0.15730496759561755,-0.12795489609263822,-0.08740289526411282,-0.047497047457736696,-0.009266069445215712,0.024342895152123654,0.035667316856118056,0.027214132491047923,0.00998000692274129,-0.00820422136928216,-0.023028358911055605,-0.03178066311595595,-0.03228706814269651,-0.0193695165742706,0.0003765056830360767,0.01942689524188198,0.030791753047950548,0.034148124957455776,0.03072650525295621,0.019395568429976424,0.003978507282612297,-0.006273947539553404,-0.004423289835831445,0.0089918964760523,0.036801564680330905,0.07475136432126295,0.10682716358626426,0.1194811879974636,0.11365251845480429,0.09905662205796174,0.0841804370239372,0.08652461925897238,0.11316010089948413,0.15081756729761228,0.1770878354073814,0.1672839924023056,0.12404098647195166,0.0955440849830069,0.10904196464279309,0.1407869489722272,0.16150286618021206,0.1652118155417738,0.1520328444103978,0.12290497520713214,0.08345582176836985,0.043331756528423554,0.007409251398318037,-0.01771505607153536,-0.025369680781452263,-0.016363192720405085,0.004565949502508377,0.03039449733534079,0.04593130445384139,0.0448630894014259,0.029678538280020966,0.003311112734522919,-0.030551419781825434,-0.06340063202375291,-0.08459214833100424,-0.08731609503611784,-0.06711665471474354,-0.03846261532877331,-0.01725984581677152,-0.007433027377801092,-0.0025122523116790055,0.0059382521595115235,0.011265838471937555,0.012896808714235241,0.011582500135940808,-0.007258093905894496,-0.03320890890353357,-0.062297432745005175,-0.09194842273886525,-0.10738020128703916,-0.1006658653890625,-0.10425290569292066,-0.12732371218297964,-0.16462060795391878,-0.19537643560665982,-0.2027565669245097,-0.18706257911332388,-0.1523866701639059,-0.11683613883399091,-0.09357008187113043,-0.0791113381568922,-0.06248074882575721,-0.0431986291587273,-0.02966330097164951,-0.027930033457888977,-0.03464282041757152,-0.04090476173818246,-0.0350468758813497,-0.01584089753111086,0.005552237606589844,0.022113535554822168,0.03455924206529175,0.04688227363678979,0.05944067449819407,0.0686905281980556,0.06522776147283588,0.05038806723204336,0.038968868166221464,0.036685077393215214,0.043228279175050004,0.056634847098617394,0.07250559039582966,0.08847127284877356,0.10731547369947061,0.12332953888448063,0.13479956167055182,0.1417597490607731,0.15293166411813625,0.18843690559437548,0.24350065582492578,0.3001183030881942,0.34926779558281285,0.37170846862218326,0.3632669886409302,0.33928547506839973,0.30855804086806593,0.27388012116612065,0.25583660534311375,0.2519260415399017,0.2610313540331022,0.27385567614696066,0.275662398047096,0.2592411920614941,0.2295737112208212,0.18639785996060174,0.14162864028393277,0.10574088976695023,0.08901779012795408,0.08011534618748627,0.06350516435527076,0.03506337032016236,-0.00347925118572019,-0.04379881673311268,-0.07251226095761001,-0.08220528146020138,-0.07618489621103913,-0.06498523373005272,-0.051274333476603776,-0.04890629449494327,-0.06988372805737841,-0.11426467544545871,-0.16038798810672195,-0.18817150642407635,-0.19117519302846003,-0.17270500500833472,-0.1409132855762667,-0.11498870263157399,-0.10062109156999162,-0.08807230990267212,-0.07877508181757434,-0.08317948356776785,-0.09932214892486294,-0.1299322939915852,-0.15460902899094708,-0.14403138737970841,-0.09636949641987301,-0.05149388937242373,-0.019033081543659125,0.005722261658868059,0.01583940568254511,0.0170809149135225,0.024643573906131266,0.041869544650762314,0.07151501919728813,0.10093669392211295,0.10906103784830605,0.08000566667968557,0.02419056813689378,-0.037871020787478026,-0.09240219548608208,-0.13052763007700235,-0.1451822901092019,-0.1341290890025281,-0.10843623088412994,-0.07562107832897623,-0.04449781142241742,-0.02507340526817787,-0.022615676110671366,-0.02654930816912475,-0.031573115454268656,-0.038882883834117865,-0.045204096516240556,-0.047890167009552585,-0.03070507448297194,0.014527902823938357,0.07492731228467142,0.14038438300545167,0.20789492530187842,0.2670227135335529,0.29899366456223875,0.30544653775945396,0.28833212616627746,0.2579548758566662,0.24026138653579945,0.2411280305846212,0.22654861004308055,0.18615399402481964,0.14566753333814714,0.12056543758351312,0.10771815540564834,0.08928193255408802,0.06652392273379637,0.045331387724167636,0.021914290148986312,0.005415300869065868,0.0033155075263018928,0.01662464698694238,0.030624126578225663,0.03547444499459853,0.032856234634776854,0.02281161925317309,0.004121090021968103,-0.024099728942933243,-0.058942351753984774,-0.09255350107908175,-0.11163662526319712,-0.10785330427121614,-0.08513680404401715,-0.05128696927987627,-0.017975649750040727,0.006503651499801169,0.021713908595843233,0.025904644293947125,0.021308556316124556,0.01282636175374552,0.0022212733344272604,-0.011303089996406654,-0.03149851397424417,-0.06346077683955476,-0.09702057132705089,-0.11629605465790252,-0.116295078157694,-0.10370700985988535,-0.0883881237090402,-0.08077523200304164,-0.08709840396299752,-0.09825629278055674,-0.11182930318680621,-0.12802699448015756,-0.14030384474621982,-0.11866727316873679,-0.05793346013493768,0.02045575418147001,0.09007488716992239,0.12964189632081402,0.13918710282490013,0.1276600504478073,0.10778819173174385,0.08338164214909317,0.05446831695231981,0.017447454763921556,-0.02174378915134218,-0.05267519546401982,-0.07585798649312187,-0.09133864558818114,-0.09590716101800359,-0.08734638006027783,-0.06599438000615003,-0.040524468554898774,-0.014214323888835865,0.011795993445524275,0.045172980795890924,0.09013957700985115,0.13390418398113663,0.15998933746374525,0.16253641556431578,0.15282258767964285,0.14537709935492893,0.149213555927408,0.17763937894259413,0.21902053150583656,0.25079242418834236,0.2665824583939243,0.26792852085079594,0.255826961031007,0.23182410366201803,0.2062119757864769,0.1907353307002881,0.1833306021361755,0.1701598510158592,0.13512001954006428,0.09260292356940492,0.06226325967458755,0.053323712236755916,0.059806743471208845,0.06734342036032924,0.07505426307379005,0.08166177070707119,0.08828657953106729,0.09064863432567133,0.08936549659642355,0.08653456056851186,0.078778818944008,0.05942443062067795,0.027821414546916095,-0.012736919493460166,-0.05107863067430182,-0.07860471926111516,-0.09098605785124254,-0.09169422579339823,-0.08517521016176924,-0.07258139005251495,-0.050771964349985,-0.024479606216990638,0.0015893056533882845,0.02297583949861072,0.051069700724507255,0.07034113068634601,0.0688560511664477,0.03743798390592903,-0.028339143566243497,-0.11050225670586032,-0.15891214973485984,-0.1582570675675475,-0.13983592047709653,-0.12838927520499574,-0.12938657916710383,-0.1373771686339171,-0.14638325351231887,-0.15113118242022477,-0.14512154789919124,-0.12692582951764977,-0.1085974262885357,-0.08712199118552523,-0.056213646396299374,-0.01960940829269001,0.004809786059548086,0.00019520698342570623,-0.030839291276654524,-0.06358714896351839,-0.07121896940618556,-0.05260747661239384,-0.021298201088805997,0.006528207200517715,0.019191182567181088,0.020189109515676578,0.014551375810507201,0.006598427312009036,-0.004565598655697574,-0.015499651133520363,-0.00935857720629038,0.025049145854204532,0.07846937648593746,0.13050514526556858,0.16225005014675242,0.16913501619610907,0.15757939099930757,0.1407794516073326,0.11251617638904224,0.02954432507655442,-0.13939504596825103,-0.30530317044485084,-0.369655068979055,-0.10154055504362323,0.2617528857782192,0.34353056186424363,0.3659052921366533,0.3727872554743306,0.3594899754753074,0.2926080080833711,0.1739561184441445,0.09264209813827197,0.0651486237939039,0.05772590147890322,0.047818647305693594,0.0274723481763829,0.012887233959483933,0.017709912599318825,0.041205241546096234,0.06865657875759054,0.08352621717621246,0.07529327177450974,0.045998771159680964,0.006850008233097184,-0.023598084327729193,-0.04107689490532486,-0.049203595980203164,-0.04920731389506647,-0.04115671564396976,-0.02569205520865717,-0.005523537261496683,0.021296211551875794,0.05976306474927412,0.10586094813387613,0.13951337968762983,0.14337423915338313,0.11106455555007479,0.045892641139697106,-0.036313012634358426,-0.1254740315524295,-0.20094424815461026,-0.23249406439841236,-0.18864612235432457,-0.1283900765721899,-0.08408451030174054,-0.06065878794922905,-0.056572535903961954,-0.05608061338176709,-0.04953056251514826,-0.04081039042748658,-0.038575186705503486,-0.04197284898935051,-0.043937454370042074,-0.039859141761774165,-0.03345115457475956,-0.03132596786816988,-0.03287423353349895,-0.02823236656375042,-0.015239001895311428,0.007397499309717217,0.03276958503707805,0.054141771496751846,0.06512906129617045,0.06525044526818251,0.05064428308315925,0.02314107093005357,-0.00013678192715190694,-0.012582202197819674,-0.016642650010651912,-0.01224235789189185,-0.003869317188969061,-0.0010336026350236877,-0.009185311352834192,-0.028014203767701293,-0.05527232104373813,-0.07627519286178251,-0.07808979714590061,-0.05610544759516156,-0.007071649575404881,0.04617989454519322,0.08187226541652727,0.06840301947388365,0.0013778467003845315,-0.07914807822301763,-0.10497862876823363,-0.0594118440289023,0.009428177203343909,0.06166930978269197,0.09514395203672936,0.11502054064346572,0.12259245133952115,0.12220505348160814,0.10762565439370073,0.07946660917739778,0.05351590149010094,0.04777113353642922,0.06691835646633255,0.09082697637846135,0.10362554386019739,0.10885230741592629,0.1082646568885032,0.10322498149844989,0.09251408371704041,0.07660943014057128,0.06302077683811087,0.05675006291005343,0.05924266761896612,0.06378511914876203,0.0643566117192689,0.05788107263776009,0.04727319846836184,0.0373616010115591,0.03076189177881273,0.021375348928780617,0.005978680198469547,-0.009201778046170657,-0.031151447933114855,-0.060998584039305886,-0.0895326617865851,-0.10037822130546778,-0.09299835039287742,-0.08619605491899959,-0.09056490580445863,-0.11636941240178221,-0.144259289760512,-0.1577583727404839,-0.15285054467104164,-0.13083066205518956,-0.08989394343031266,-0.04402640277456557,-0.0032097123622527356,0.027674380540662246,0.045404989349199364,0.049134380885253216,0.04483703995946293,0.03655643243334197,0.02565123132056612,0.009626525833838122,-0.007074795833118619,-0.019383021239464053,-0.02759860106011885,-0.03433064161868628,-0.03868871714377369,-0.034397869374847435,-0.02009326743115928,0.004879073118379277,0.03273460094460648,0.05328216161873322,0.05426717282597198,0.0461563262245798,0.04533013885364324,0.048642824804072296,0.05486573307833504,0.057567062278718543,0.055220310413294935,0.042609337884462355,0.024348942768544914,0.006614744875107734,0.003967848802652804,0.02657322789700029,0.054550617113344455,0.061689737748784695,0.04962402668014303,0.033354617871179465,0.03301763013910618,0.07073128807564809,0.12033236842366403,0.14941835761062938,0.16101888791320948,0.1598586585862482,0.15848935468133443,0.15459200598633746,0.14931302123503687,0.14046930581786118,0.13371683637082615,0.1422974151080932,0.17057217167494634,0.20468284042741922,0.21634625711104796,0.19710452121885022,0.15581057825495237,0.10887922912060831,0.06355502380655667,0.023643653148504872,-0.011552202803612077,-0.04530380491489432,-0.07937580912361879,-0.10886345635976462,-0.1251665742292755,-0.12380669959483219,-0.1012422195896165,-0.05808743092776811,-0.004796441603442121,0.03877341364586229,0.04936660144292601,0.03330668443287022,0.009978305280230908,-0.008926201713800022,-0.01565741004082178,-0.010633718108416774,-0.0034847814480694636,-0.008053092347052922,-0.028484667415255155,-0.05443541384463959,-0.06960769287341009,-0.05347599725278848,0.011849846173471765,0.07069083405839298,0.09406867005278866,0.09404603888552986,0.08068390761493854,0.06658628238646351,0.05827519047500358,0.04533848446744784,0.02314667067502723,-0.013748479813042305,-0.05221083806360618,-0.07445653510967064,-0.0716563006049743,-0.05390725707927615,-0.031769638259143376,-0.008659984515036714,0.012137625127611022,0.029649951670620976,0.0464421210817209,0.06012949745623335,0.06446612264813892,0.05411774907624005,0.028437481320389014,-0.000928661728805858,-0.01806841112149236,-0.0183441913555224,-0.00830704197166372,-0.004478048535680539,-0.00344925706247833,-0.0006879197785321933,0.008379529073943952,0.022050117022345012,0.0329742115278582,0.03457397373303454,0.039557961110714975,0.05266344130230238,0.08959448717943044,0.1493994593293967,0.20929464810418574,0.2534023662399426,0.26465608727937645,0.24084478975813575,0.18010686238131055,0.10523822488723705,0.04243970059220823,0.005801095466282615,-0.013849943485261607,-0.025356467937092494,-0.028544578801058602,-0.015013539421111048,0.014228951413288416,0.03542932301979985,0.031973523239480495,0.01120551752582114,-0.01654056715574933,-0.03182424449482605,-0.027179373486085134,-0.005835654160970468,0.017021612120402544,0.026881101655140637,0.026259842407349004,0.021690202990309326,0.03367329908224936,0.06542745905438871,0.09217210565133097,0.09014672097320814,0.05319968824114453,0.0016600612044968368,-0.03615429194167297,-0.0524084474274448,-0.06048604238938606,-0.06982132389227194,-0.0887831647375106,-0.11463593691079436,-0.1332869732655654,-0.13111228693805327,-0.1273050310520699,-0.14381574546141346,-0.1696614880570743,-0.1943417986134621,-0.21448104615718178,-0.21480260675807422,-0.1866038513749253,-0.1406195417403491,-0.08915457872678823,-0.0369214737358625,0.008700909818130488,0.04146359270684138,0.04271202829734748,0.018824695312939746,-0.016387084135853092,-0.04070393641724023,-0.04633916013187285,-0.0356151814651936,-0.020002763672917444,-0.010992067747634395,-0.014240813522957144,-0.025315397578368475,-0.034838690704122606,-0.0414159391496402,-0.04541337283777461,-0.04730676890935858,-0.04054844486729709,-0.01887070475874069,0.018423698664300648,0.06282490874849135,0.09399832082205863,0.0996040368950004,0.08203155721914118,0.058193817401756325,0.046182384561987096,0.05815051417407797,0.0890833868758512,0.11695383168132727,0.13011078031733775,0.14115897475224867,0.16697677122076338,0.21721594778825248,0.27468808278811435,0.3246757529251564,0.34421931984236437,0.32963000871160547,0.2839910662424448,0.2123105851682203,0.13787127961637613,0.08958654361729153,0.0691285593294768,0.06494318080343327,0.06968778622795604,0.07435490751660741,0.08333415844828088,0.09688599915955166,0.10919281765591637,0.11491839586800269,0.11469931305518372,0.10748435600298019,0.0951526866334984,0.07399265800153672,0.043906295290487354,0.008928140066697182,-0.024089373035283825,-0.04478426559657401,-0.05022058300489783,-0.03830674338274508,-0.020047440988356525,-0.0013411716268129739,0.019894559546819134,0.03596338300525703,0.037927751070731014,0.020291652854643585,-0.011231532195172722,-0.04595540782962637,-0.0755129867203314,-0.11169208629955552,-0.14956396722008358,-0.16161801316192675,-0.1282000876489853,-0.07577809780971718,-0.05122949904735795,-0.040590285627121296,-0.03597788454368912,-0.03791721541199483,-0.033967095283457635,-0.016049562980487264,0.017105950031679633,0.037024442534828124,0.03416401748664586,0.01633540223639086,0.002318951177093294,-0.004463776666981462,-0.00889146094245392,-0.014962209444561038,-0.02468066448566876,-0.033600031736462706,-0.037346388613190014,-0.040034254569359225,-0.0387437109433731,-0.025593350474902164,0.001318330176747834,0.04192374712970368,0.08891769387120439,0.12167964829722884,0.12837159776130114,0.10961898637160852,0.06995531701334104,0.020498799074114123,-0.0286298718603712,-0.06820251596826367,-0.09398093822881912,-0.10794134876819902,-0.09553174653912243,-0.05378385094178283,0.004176273585291195,0.08090329843900468,0.17694436808510897,0.2526197539131371,0.28011392063515156,0.2848754078347618,0.28396022541928545,0.27514336692510233,0.24984577208747052,0.19532428519496983,0.11265152555014608,0.029164018422532724,-0.03147817289810119,-0.0728669302442633,-0.10608543153782161,-0.1321353571184352,-0.14442740839576584,-0.136568761841638,-0.10825382684494156,-0.06744185140207622,-0.022850355155462403,0.013986628002754756,0.040130282058412174,0.050514773202687366,0.04487620029624198,0.03040915179225978,0.010938320675882417,-0.004778682179170759,-0.01164162509064357,-0.005285552262797223,0.014565690387433295,0.045638307081036916,0.08047941544476875,0.10952529376267722,0.13153587627271188,0.14509268678968165,0.14541098729319832,0.12895692147507157,0.102527411289584,0.07263107708657067,0.03885730621323994,-0.0030749884939739896,-0.05462796441895373,-0.11874212713004131,-0.20252609419047252,-0.2781318646661405,-0.31295387043542544,-0.2959586963658435,-0.2402614028276618,-0.16155131671492295,-0.09460504274498716,-0.06182639585546032,-0.05907319275401773,-0.06448439873762671,-0.06402548130306855,-0.059007779150398336,-0.05216408181114664,-0.0581194420077739,-0.07849213215114385,-0.09926761452638136,-0.09853019818507097,-0.07331933079952054,-0.03750943468033249,-0.004947957603477751,0.015129850494029796,0.02504792084582143,0.027432276149025856,0.02683418350127449,0.02452009058550316,0.02091352956726495,0.025462935220463893,0.03808521275556617,0.06105285001833776,0.0849736734051889,0.09686556095888638,0.08878695053555107,0.06699708766392992,0.05207988450841832,0.05993973102601786,0.10110848388392385,0.16396876532533528,0.2214902782770414,0.2565249946358823,0.28568184653341633,0.31000362125393927,0.31661538746512163,0.3118514740534364,0.2995788941774478,0.2825540228577508,0.26595175024395795,0.24937124823049606,0.23407213966160917,0.21482673333629174,0.19370641444388986,0.1739457076060774,0.15213853557390525,0.1254125140698812,0.09700041271485572,0.06295893490870266,0.03941186538063584,0.027829002967154456,0.025459578479720354,0.027142122897917297,0.02104972556021586,0.003938504087853472,-0.018964960374914623,-0.03443880592239772,-0.03937778263358304,-0.04264105384064559,-0.05316482974516963,-0.06810788746433369,-0.07978906160433415,-0.08375502806174147,-0.07879191346466792,-0.07071618370960428,-0.06124899748906844,-0.04941091833265334,-0.03742145387430576,-0.03563450703661288,-0.05001140617657443,-0.08993735578998226,-0.15130402581182142,-0.20638419709107508,-0.23389362677490483,-0.2301419503359782,-0.20732091364647431,-0.1633805990156876,-0.12310864658895777,-0.11325585214860197,-0.12480046255450322,-0.14276678972128257,-0.15998461924090562,-0.16805867114813205,-0.15535844124452092,-0.12544502427262325,-0.08681609096239966,-0.05347205011863539,-0.03005658067785941,-0.027027287681930197,-0.0328683112121523,-0.03795295019528488,-0.034698625160767584,-0.02141957617963205,0.0032797259128356957,0.03804764970093496,0.07061957343442023,0.08582570869673316,0.07539500942316435,0.05258005776223792,0.03491733091464522,0.03382683272214187,0.04618344819996664,0.0641938742042997,0.07413830305869042,0.07313915089803374,0.0624169925802708,0.0623611544611347,0.08698966463327205,0.13539946635491606,0.18570948248623595,0.2239421359783447,0.2512675215880973,0.2563277577122566,0.22881424532535738,0.1663752606761574,0.11453144775857237,0.1040591117992113,0.1300539492649022,0.1932845366698915,0.2309053951585919,0.19723251292464244,0.13225596692673955,0.07331372456936755,0.03355102676928203,0.01305375837220663,0.008527329932586014,0.013004942492091602,0.024615400612470258,0.041810157980247765,0.06907003344541938,0.09905020699299963,0.12454326433753292,0.13743164022857557,0.13383381909531014,0.11401404751264255,0.09239163329094081,0.07225699325950061,0.055153103587516634,0.0394985807123234,0.03023006073963627,0.02455097452715885,0.02663145294553946,0.041419569683354335,0.061512006597746284,0.0665018810036573,0.033717104259942406,-0.014158650082481874,-0.04839589332600597,-0.06727712344040421,-0.08202745143457056,-0.09955752829747007,-0.12703048799294936,-0.17141662604139354,-0.21639894754868325,-0.23800354070814064,-0.21792541655164632,-0.18205404209972031,-0.143562599068395,-0.10274357934169719,-0.062060904084266066,-0.0354896059744059,-0.021462974057219385,-0.014627639388960365,-0.006444120848493053,0.0030714168279406123,0.01313071998557339,0.02153147070512539,0.020557888290614085,0.0029197647405713556,-0.030170760565196048,-0.06244463281367714,-0.08631964614016237,-0.09890897706485494,-0.10168240110532052,-0.09920692008283505,-0.09413767001344302,-0.08957836979777324,-0.08141265996761916,-0.06050334818359958,-0.024057359775348754,0.022754240535124398,0.07446905835127378,0.1135475581672438,0.13108831456216655,0.13184523854601138,0.12955061720493719,0.13323206577218674,0.1591915100666677,0.2031740535909656,0.23957358325907233,0.2586727844570223,0.22859409547502627,0.1526275425758184,0.08656032387121897,0.056799396803910926,0.057451250079723404,0.06924732896111616,0.0714029696922664,0.05692772286933823,0.039553884952205604,0.03165782109244347,0.025203146378386,0.022678671777939734,0.025750704481914858,0.026395571126123608,0.01574064567888306,-0.007350638863056806,-0.027519951291650368,-0.03490707563974213,-0.017157281308008417,0.016756635845701175,0.0497932494206734,0.06555750283595371,0.06443619013217361,0.052955660505828256,0.03562487915987122,0.01623892157269622,0.004819595504192766,0.006603016572706143,0.010863035143054867,0.010171798210634646,0.00457685140554884,-0.006602671966292125,-0.019296825474152735,-0.02011767099514922,-0.0061163650779696346,0.01710003184717909,0.042743412912897676,0.056087680424250184,0.03755258509726054,0.0018706125620248587,-0.03232735956849189,-0.06821572259230164,-0.10531995491578072,-0.13698297748703447,-0.16625496665257847,-0.15602778534684514,-0.1259587935334024,-0.10262272467384707,-0.10077947593206353,-0.11040008075273205,-0.11940234519886792,-0.11868219415366536,-0.1010150567447587,-0.06372759363761042,-0.009865795992144344,0.04969437811728209,0.10238688932029738,0.14538785490420375,0.17887976951132065,0.1985693076978474,0.20772597572612853,0.20256376162019182,0.18047067549755597,0.14062581425603451,0.08146890577873953,0.013606534815542996,-0.0499468978942824,-0.09894852387559076,-0.12741405977341325,-0.13758102198905184,-0.13388727842035278,-0.1246691550239802,-0.12280040457377724,-0.1359514326341063,-0.15403985700519482,-0.1614736429310091,-0.13348143070669666,-0.058360744627353224,0.04629624514397275,0.14073978642244886,0.210947662458574,0.25508330761604836,0.2693840271191378,0.2661089806383595,0.2584586602728174,0.26495781303980476,0.2831913702241217,0.3111243100445521,0.33527792279820423,0.34522807343284817,0.33414678970814105,0.298519301975836,0.23656570362907844,0.15792528815633783,0.07848129660863493,-0.001661704703328153,-0.05945091766135182,-0.061182222671809325,-0.008029311901326247,0.038426086877589784,0.059328020641987674,0.06542658101855897,0.07064323780463906,0.0715539562992933,0.07018179449826452,0.07673212174954878,0.09126833925905585,0.1096583124394755,0.12130939490546643,0.12689574215192906,0.12648279949261054,0.11494648517532598,0.0863374438008005,0.0372885049854953,-0.01926362896047487,-0.06582435103456426,-0.09648825413943087,-0.11285257789420326,-0.12259327543754713,-0.13851223364804463,-0.16357057753800075,-0.18759457483077044,-0.20404613323953433,-0.21468103770455724,-0.2319201772268428,-0.25117241215616576,-0.26235026760809727,-0.2439833472167569,-0.21315674668295756,-0.1653798362283479,-0.10813362133181625,-0.06045089306199454,-0.016419603399786504,0.020839191156194294,0.02528398460875974,0.0002594239928391467,-0.028993312701366014,-0.047113910478883574,-0.05220528766178483,-0.051415682644717256,-0.044233796369983,-0.030949516404189584,-0.010431173533586949,0.01609183442499731,0.04229087284968864,0.05713290877312642,0.06146157743424051,0.05913449569227246,0.04788439180026527,0.02930705610147818,0.010118154347523993,-0.006266723455716116,-0.018446445173274983,-0.022478059289732746,-0.02455752016200784,-0.030304084827749336,-0.03345670330262815,-0.019326621564461303,0.007972809207200502,0.04271272493021991,0.09493256642015278,0.16768113953674632,0.26415116845928843,0.36948877760003723,0.4396178106997415,0.4421003142276953,0.3892685301954951,0.32588184383725277,0.26600295685527786,0.2053757859789759,0.14227515413846634,0.1006046011101132,0.08063042133708852,0.06839399208695857,0.04888317619097885,0.016138230212144215,-0.016857915401751532,-0.03222852984533771,-0.018683734519976337,0.010867083966012252,0.03164446762954147,0.029782370251630153,0.012676980959886898,-0.007385302452503178,-0.023086260995533004,-0.028817756467165553,-0.017248893846319478,0.0025753924458585802,0.016131603196385045,0.021329761621739673,0.023433421880558455,0.024229799013131097,0.022724654762811335,0.02026336788177604,0.015344310325970544,0.010599018296623255,0.012491549409488581,0.02064742316568467,0.039106878508549076,0.06404531976902937,0.07876450636817314,0.05906369018125622,-0.009563359265647848,-0.12501608325048755,-0.22984534448570906,-0.2770035266782653,-0.28177346171006873,-0.2692213948455224,-0.24346405434781815,-0.1950774426797027,-0.13806619321554398,-0.086728258307422,-0.048052231462133194,-0.028509076377156228,-0.02808541433988933,-0.04518346590167904,-0.06790282178753766,-0.09065530728641842,-0.11285731648964087,-0.1317867260491825,-0.13930937018775952,-0.12445344745972443,-0.09067343363381145,-0.051875375594028314,-0.022738140831089652,-0.004635137557151228,0.011458191077834932,0.020702451755936872,0.01614775601726124,-0.0021878446542953024,-0.03009804901037415,-0.057688441781312993,-0.07808346113541934,-0.0923371044931822,-0.10295085886552248,-0.08990316988441285,-0.03564024992676295,0.029696354303657285,0.08262414051538083,0.12772429039643177,0.16972795778170022,0.21323322528231303,0.2523192894623062,0.2833061587953428,0.30322730615611715,0.3032761292456171,0.26950101484151734,0.21002037059849843,0.1486867389648646,0.09341549899367947,0.04886925445262471,0.029270312537817058,0.02832807707816222,0.041610495898942404,0.06083803963482646,0.08801987583599097,0.10588530250857611,0.10971924127004538,0.10406654450393543,0.09634206155156563,0.08644003170038729,0.06619117223241881,0.03795620919927701,0.010897031108662513,-0.008327338770576702,-0.0172602947064224,-0.018573536768978573,-0.01685368097683499,-0.018505555019403465,-0.022345353349523873,-0.022677133909896632,-0.00897160097164925,0.025653147665057337,0.08237447171868663,0.15128207792241022,0.20499155437054326,0.22464891029583162,0.19968620178769075,0.1332617802396738,0.05423627401650547,-0.00802645659336208,-0.040745836787928515,-0.03778907283904829,-0.011077448414756203,0.018414699104768603,0.00300077318619056,-0.06905003720530051,-0.12415596950880385,-0.13846502164543797,-0.11635290922450296,-0.08457120189594579,-0.06325357007526514,-0.051936731535742235,-0.04803399138334441,-0.0476871274738644,-0.04455525163706103,-0.02828667163322721,-0.007134309769889731,0.006360351625100207,0.0010725937398914107,-0.012593652066614908,-0.02080878336971704,-0.018635736759344067,-0.006481619549351324,0.010702933831201595,0.02248501064201323,0.02192469189627943,0.014402711799972016,0.011132572960048366,0.008254492120366967,-0.0037247310179392376,-0.01684802469655352,-0.015139402289812847,0.008428048014236524,0.0428790833168497,0.07955059374592367,0.116601887195322,0.16189486849884094,0.21089437517400847,0.25223792569664416,0.26987407211833964,0.2478525005304191,0.21170324954273204,0.19650691131908926,0.21659668726215456,0.2525638898999953,0.2783684014110625,0.28904826514598153,0.2883757344438549,0.2856885378863713,0.2794576162298711,0.27003795461587227,0.25350989321300293,0.2446373701346514,0.2400597774712358,0.22618227848901426,0.19592811905270838,0.15458599860069322,0.11008703936224211,0.07583899993043584,0.055585151575052165,0.051976347746571956,0.052652398227700056,0.05079367426264247,0.04038914060847815,0.025592290681358758,0.013616029658473756,0.008307523866716814,0.003079097949305284,-0.00742464379688891,-0.02193057334358747,-0.04029677288984147,-0.053406071441979105,-0.05863480391386731,-0.059642592381280835,-0.06608399485916022,-0.0796355250645036,-0.09514039719501181,-0.1070714527324069,-0.11848911564006312,-0.13246549583564776,-0.14779429214121698,-0.17939706468646408,-0.23212520422902705,-0.295151762812864,-0.354498348098633,-0.3817414411515165,-0.35419691425040584,-0.29302281890754944,-0.22501885552054052,-0.17277088283679987,-0.14184460283658648,-0.12295069155630187,-0.10951690869363682,-0.09366446938580679,-0.08356768991780522,-0.08057323632176533,-0.07576025017550929,-0.06395715997631224,-0.05750781713705936,-0.055827086703661905,-0.05762776509673101,-0.04724982631686072,-0.018975978873259552,0.021339159916912636,0.0577688521418176,0.08000594115534825,0.08813876058957709,0.08754417118114438,0.08490897262642984,0.0820489297578095,0.07613627336655249,0.06356609954022006,0.04477998600143855,0.02589111608358512,0.009241447929874344,-0.0004830972981291245,0.010346712395185398,0.044776905171299855,0.09842062043973163,0.15412293637093696,0.19522854808682397,0.21536569664470098,0.21292122983556835,0.1995726423478986,0.18530898486253863,0.1895932247156463,0.22640499559598323,0.2650579187321022,0.23673266712880928,0.19783402365008826,0.16351297681322044,0.13157961840413013,0.098176148048403,0.06893597742358097,0.04873582166194806,0.048810537422621564,0.06939266268395403,0.09286168821842368,0.09874996300919406,0.09086183237514832,0.07170379175629132,0.047780869666293864,0.028320363168467026,0.02060778567296047,0.026008270821242355,0.04041962111624827,0.057104688338627536,0.06416148591966928,0.05649924069634829,0.030482523239792312,-0.011150733360643296,-0.05996467200467889,-0.09852531079028715,-0.11355298561082565,-0.11004642085996232,-0.10400215235174055,-0.10151607149703838,-0.10761217338164078,-0.12354700783614216,-0.1489388012718883,-0.18138211919405053,-0.2222987551939796,-0.25404217630685455,-0.24385363294006662,-0.1881416639871203,-0.09255854696504523,0.017828627674738747,0.10968092757058757,0.15770229401246585,0.17148067950729942,0.1620083400794826,0.12908517664264627,0.07731948413339901,0.025345421047711973,-0.017212958125540505,-0.05118805509887613,-0.07102799555617173,-0.0808238938902636,-0.08719159037610363,-0.08139089326176936,-0.06068820858363425,-0.03362130697218028,-0.0038493088033695905,0.027011557699485225,0.056670343564428086,0.08169856495062795,0.10330401176333762,0.11877518883261158,0.1274664223723347,0.1350718162972411,0.14542420176176102,0.15284015588533,0.1379631557330449,0.09470765663307412,0.03822267682460553,-0.014283384911916979,-0.051257579822661235,-0.06903723732244497,-0.06374706238760476,-0.033396660896340795,0.013250605148062422,0.04738644450964162,0.06417438278916685,0.07302564228100775,0.09069969505109275,0.11967552696411275,0.16755268403042017,0.22691731939849918,0.285296860072507,0.30498293495639195,0.280938728844069,0.22920453776297584,0.17145413079496355,0.11947034379130543,0.0774119069201951,0.05329491513205422,0.040856767193097554,0.03339046493034629,0.022369955742358533,0.008482853841067086,-0.0015761181468942757,-0.004801657063455873,-0.000348082024878628,0.0058076702436962585,0.013249602705345647,0.01622350533421345,0.012389126877983605,0.0013555103329800956,-0.020665592581465837,-0.05139888509359403,-0.07630407447430045,-0.07800469779568371,-0.059230887029285716,-0.043450950097054894,-0.040296219515402805,-0.049373745707135805,-0.06523257079879013,-0.08214692142532444,-0.10145107523241818,-0.13471845863650755,-0.19201199462029656,-0.25709467253838447,-0.3047394857974387,-0.3102533026485751,-0.2591656416902832,-0.1837771190278157,-0.12999833401270514,-0.10486144941755268,-0.09403841635081883,-0.08993472246242883,-0.09841848096474003,-0.1132527000295832,-0.11715708731552736,-0.09931175504004174,-0.0665594833442105,-0.031570384873351696,-0.010012948539144596,-0.009625097913455036,-0.019722936528678736,-0.02973008218184439,-0.03543762932946775,-0.029691825717146805,-0.009887500179443775,0.01492524348906288,0.03593831855016266,0.04645080551926196,0.04816077062291443,0.045461229110028166,0.041316148490160964,0.041388396228469154,0.04648734304345991,0.06289630136760015,0.09560835150108815,0.13561620012386677,0.17358196875938667,0.19744855816046003,0.20450973312052892,0.20174793698763027,0.19450279338355542,0.18104842116743564,0.16056144238671055,0.13790417560151527,0.1289593555114439,0.14371888833976426,0.17019959695425796,0.17970844490799284,0.14747654679738267,0.09739838144519462,0.06016163283953959,0.0350480758814262,0.001105885908581239,-0.030233733103447083,-0.03483513407019222,-0.015505428255484082,0.017189129598061608,0.06719400441691514,0.13121734786601527,0.18546679879318892,0.20642697397117743,0.18858170982129108,0.14626287123065054,0.09325364881360193,0.04702894288877957,0.011670367242938474,-0.009944649135719399,-0.014400373853779859,-0.0071402644925219055,-0.0029934945460157,-0.0042197985572332165,-0.005257985364964953,-0.0013481063153311947,0.0055503628052152015,0.003072073299147065,-0.007443918623555262,-0.02052660465076888,-0.031720148634744004,-0.04379195430417077,-0.04889966169102213,-0.049936896136967224,-0.05787244570734546,-0.08224126153948712,-0.1263833618924145,-0.18072887685649347,-0.21631254208262923,-0.20948580453596485,-0.17959333709754582,-0.1587129098123417,-0.15115321094493173,-0.1442545832381978,-0.12913459276912068,-0.11409383600931206,-0.11665136620026267,-0.1443162710180286,-0.17834860787722692,-0.19642860118753594,-0.19419713066151295,-0.17657874587796804,-0.14846371214840226,-0.11048575693566132,-0.06453661327552351,-0.02183314027246375,0.008526025674681522,0.026818513802785732,0.035899993530929,0.04309756845650364,0.04789532514607147,0.050658250070046554,0.04964870941902887,0.04887294069339609,0.05733049845647011,0.08252503994564192,0.11241832961488783,0.13766374397914236,0.14952234078357393,0.151862177599392,0.15625883818161854,0.1676236761090309,0.18503896428232275,0.20363151098065085,0.21790280169145476,0.22615673375242804,0.2390080352038749,0.26731736160621633,0.29775089302531443,0.313334982452916,0.28918474129068883,0.24726989960692844,0.21759664049561733,0.1986140483087778,0.17773180144995873,0.15720498630482893,0.1390429301299055,0.11663165908915583,0.09382908936806487,0.07665366172945008,0.06616335686525603,0.0649864655880557,0.07622406498167707,0.0944278408613063,0.10854551662613635,0.11077744120466466,0.0987447200754665,0.07469665764958142,0.043916256141044316,0.013727465269934952,-0.004632134210579628,-0.005427863894849382,0.006360746378627133,0.01271575178202325,0.009562884738667033,0.0011646548984981951,0.0012353136257061271,0.015819572602050073,0.03265592622302578,0.037240029027200874,0.014627104738773282,-0.0432001675457935,-0.1346153799535369,-0.23710575825484667,-0.327078877998598,-0.3929557764300058,-0.406780570412786,-0.3793452388223167,-0.3429727328073266,-0.29947515016859017,-0.24953099071505716,-0.19765132459135015,-0.15200029275864615,-0.1096088478861107,-0.06462943097009723,-0.012821960909350684,0.03557391343141436,0.07196897067815854,0.09952177350660318,0.11425711084129032,0.10695863436483001,0.07287819028037895,0.022496172720017936,-0.026961555970699255,-0.06393653649356001,-0.08440481645495347,-0.08340951025423018,-0.06665037066129069,-0.04394608448319476,-0.020650327239326083,-0.0005177203211096011,0.013770202116571751,0.02871058841028572,0.04460053756990242,0.06070400975738573,0.06641446539087947,0.0529398541603098,0.02429158198180094,-0.0018457091953947634,-0.013306295505348302,-0.008338096393013477,0.010247669730632064,0.03817146219915191,0.07797859559452407,0.12544255155254297,0.1771089899050382,0.2348010775402155,0.28063503493644315,0.29658848321266024,0.2839206616704553,0.24590500161372636,0.19811387388065418,0.17108180916847418,0.17370932573950595,0.1910271908432166,0.1980817353460697,0.1876213632574131,0.16346002594665818,0.13821410191432465,0.12253725988682083,0.11806560800941386,0.11969983451431025,0.12839805857916342,0.13484693178870064,0.12526793861312718,0.09500401493669422,0.053116215141052706,0.008150770919316704,-0.0351018512713393,-0.08019503609658238,-0.13058622963874197,-0.17490902170716183,-0.2074789637436617,-0.21975214261099313,-0.21307276351515989,-0.20877766141677248,-0.2181361394052518,-0.24500320519417076,-0.2584838227237228,-0.2527473444522306,-0.22731713212343682,-0.18413029521603433,-0.1392290753999664,-0.09700669438245837,-0.07211877729972678,-0.06544758461621766,-0.07609191910675774,-0.09291248977288255,-0.10609091121892701,-0.111903098770963,-0.09900510120008334,-0.0692858245251345,-0.04198113115155424,-0.04599675453252544,-0.07416288092333481,-0.08790721951308483,-0.05794778802141047,0.004047398705785627,0.05616453414963936,0.07999367447974665,0.07736754844218423,0.056215832719749594,0.028520840096742998,0.0016567912960471433,-0.01932769894919598,-0.03010234939376487,-0.03519084967256382,-0.03935144024099081,-0.048050972880273,-0.05279181990109133,-0.04864647431522673,-0.03995191143251521,-0.03533041430762273,-0.03963017653770139,-0.05029712787633052,-0.0596736667322001,-0.05582740355942815,-0.03717483622638584,-0.005700749050198213,0.03731530883501139,0.09046961089089271,0.14545694483456367,0.19150845544579911,0.22567658373925487,0.23115075679876895,0.1970463106499091,0.12911570579338535,0.05190721323655311,-0.007965842296910951,-0.04145083933253916,-0.05726662029465823,-0.06241239912360879,-0.05864585336909455,-0.05070075838341728,-0.03300404433332742,-0.013372433779448484,0.0006351983532351317,0.00783054358618232,0.009100051528810464,0.00895650100421515,0.01496010874128951,0.028108983277870935,0.048121759305438105,0.06705296108460182,0.07378811794766557,0.06586646332932512,0.04297077190049598,0.007004058558935817,-0.02763567323906116,-0.04938261465289632,-0.06145823630152362,-0.06491084080821762,-0.05984327080174645,-0.04217385447972012,-0.01380390390617376,0.015099645000156,0.038725580528888214,0.05761426216908069,0.0703766252179968,0.06980082690470012,0.048411652000009464,0.014395719249337278,-0.010987896535202074,-0.019752296181174616,-0.01104066846722988,0.018446472680725863,0.07081677731998569,0.15229465152184887,0.23912062549307095,0.28562594843891465,0.2882316633052412,0.24961936825134734,0.19213527161760668,0.1390665222589854,0.08765241821462369,0.04039925201144333,-0.0007696077399070949,-0.02968480957797533,-0.03921954470275756,-0.030454327666654284,-0.016150139528427265,-0.007256285712642818,-0.009851640624503862,-0.02015027050240082,-0.03500470592593435,-0.0511286137589515,-0.05914719179614673,-0.05224116272460377,-0.033457799639573065,-0.006519344664273551,0.02196447948407386,0.04454499400366723,0.05857161138206709,0.06548376286103565,0.06721685490562258,0.067362002180838,0.06909441838715909,0.07949749894337821,0.10385410083637592,0.13744119867411297,0.16746096249840833,0.18112692548490575,0.18614111497365754,0.19557404016401872,0.2186575960138078,0.22015222472960955,0.18866051110331286,0.1451102631735223,0.13347292666497104,0.15460866813579965,0.19078630426106616,0.21876650894789224,0.2219100128419268,0.1951557242356425,0.15858702178650513,0.1201311548073168,0.07998463410163992,0.041174999582371447,0.010357178542539747,-0.0030987167580924964,0.0015197640046708566,0.016982945464857974,0.03503400118229181,0.0493542253489489,0.05979075877430936,0.062456120457298675,0.0597813718588408,0.05263312446367597,0.039325144018321226,0.012182730376007539,-0.026598996953523007,-0.0673407446240797,-0.1040793168260333,-0.13312051528256227,-0.14847927006523326,-0.14391636823414589,-0.11581004811706637,-0.07657922006398896,-0.04022514967142392,-0.02171351064494469,-0.029526234140331942,-0.04682481673382654,-0.061462096117594435,-0.07077195774201124,-0.09049694954479753,-0.12671575110755084,-0.16186336710539587,-0.19240376062386164,-0.22051673082219508,-0.24774340999981004,-0.2668612008521634,-0.2635877615557605,-0.24462349037607678,-0.20689688292457117,-0.15290192427388563,-0.08746331869165996,-0.02741563600086104,0.012971507314048778,0.03918377206863008,0.06398290895962065,0.09154035800106225,0.11141037037897662,0.11593196690019514,0.10688561745132645,0.09161262537200263,0.07097281953224127,0.042444354775996104,0.013747261498454864,-0.010303048474649811,-0.026511498991426644,-0.032369800381021975,-0.028859161334313904,-0.018091460064578856,-0.003939026534946722,0.00912282102056889,0.01905242062125947,0.02615420926352581,0.03161033034062155,0.03516907458999686,0.03659432635055741,0.03487605630995144,0.050850702772803305,0.09683200046684323,0.16035547435113912,0.20371343782277487,0.22090504644968093,0.23550060075870383,0.23861888463504755,0.23618736187123138,0.22884843006712066,0.22785564732682484,0.2334378620373112,0.24069173805100275,0.24362952612128203,0.2437322904612644,0.24091247234650673,0.23897792688539599,0.2341795637622504,0.22183485674027212,0.19728041456322234,0.15641784830889946,0.11563395576672328,0.09566806704647121,0.09307972109169398,0.09288308288202803,0.0814151446399908,0.0555490117982977,0.020953513980932842,-0.006530661612558942,-0.01775370399083428,-0.020118063879872465,-0.03292173282307659,-0.06153437219276806,-0.10195264745500465,-0.13794835726541216,-0.15807355481740734,-0.1609843273262363,-0.15761613243909403,-0.14988474865711088,-0.13377622658809787,-0.11563350555622035,-0.10148199495649182,-0.09172345098968579,-0.08012323311248737,-0.07146238066125798,-0.06385836644587449,-0.05075135822020235,-0.03708248559274697,-0.017942186176673626,-0.003903671250385383,-0.012351821142562761,-0.03369591610611814,-0.04120514479612622,-0.03697620648222328,-0.03372977139982601,-0.03146158049488434,-0.026311327699009558,-0.015458604933262217,-0.0024367228109452134,0.010184268720944573,0.023157617325619047,0.03818811850909982,0.04444784793697848,0.03410930591754823,0.011880899613792262,-0.012509907707393124,-0.0304925451022762,-0.03838071937499479,-0.03748904512601076,-0.03226919590223951,-0.029076822101021572,-0.029869184115981596,-0.028741515620107197,-0.027178798325427314,-0.028140072680068157,-0.028638716675259825,-0.023724991052373124,-0.009514011019199877,0.010538316208382666,0.029733622748998458,0.048739453496108316,0.07095856869583296,0.09043543181434778,0.10693934114342024,0.12381247674808012,0.14840343927063013,0.16334188254216683,0.13870913108507635,0.09254637361032168,0.06524010605267122,0.07296945007923959,0.1069034441478167,0.142167730615057,0.1656041951968916,0.16699794238379645,0.14520148079031892,0.11188640173646923,0.08498762240151347,0.06698274665790667,0.048736467806511787,0.032420327782205625,0.03332807466359834,0.037034085748983016,0.03189716707004125,0.02096880126834881,0.010250217998169147,0.0074621674625660415,0.016242646523738056,0.03006150175128718,0.04353459496753492,0.05903702690214517,0.07641599768957781,0.0894514268182158,0.08982376188769328,0.07623489154446376,0.05538032292634119,0.03166620705104476,0.004411815884763884,-0.029899571177822326,-0.07577322454917644,-0.12537985582338854,-0.17675914804086099,-0.22365337225590556,-0.25750778097166716,-0.2645464718367266,-0.23734117315080056,-0.18695013223935023,-0.13570304429614646,-0.12486951651504553,-0.16445885824637588,-0.20459455366447732,-0.20029395084733842,-0.18660269690804385,-0.17980998930445788,-0.17033356730672677,-0.14369462011408599,-0.10312939500066536,-0.0638423686077181,-0.036816945831038755,-0.02657789999205678,-0.03802898276270908,-0.06764121634377478,-0.10541741998320592,-0.13297154480740514,-0.13644782235277184,-0.11765037400426218,-0.08211142584821308,-0.04305155404996717,-0.01785528712771892,-0.003922536324982793,0.007116926121028636,0.01531819114539216,0.02187699163261807,0.03999790970045818,0.07033966056465812,0.09727167746452993,0.10469397050119182,0.09346983213986579,0.08323935156451474,0.0850527587599003,0.09421549432900712,0.10996032755077434,0.13363191518134468,0.16754721168399442,0.2119023740329296,0.24556121575548495,0.26323600694020133,0.2836501451533574,0.32016505843752535,0.36985433752406194,0.40928494694137585,0.4349037361988751,0.4480713231701604,0.4326638113592694,0.3789324470518887,0.2981347332169641,0.22659243293160614,0.18253350788725398,0.15950394659651976,0.13976676550616937,0.12200914917524151,0.10490401699449246,0.08898520838911753,0.07182679544624111,0.05573589915090201,0.0419201088659806,0.02953353746816285,0.013480989464725392,-0.006659485836738676,-0.02399316647042908,-0.035928548252640274,-0.04261816522277655,-0.040138817148703904,-0.027221705701219318,-0.0033462183971076243,0.03011583230245618,0.06196063397167242,0.07871641815451927,0.07920987990921606,0.0659039136019409,0.041131683788706276,0.00029998633094256325,-0.048606677517908474,-0.09901798277144647,-0.13536001875878256,-0.14626934133666367,-0.14178887518016128,-0.13706822522156872,-0.1379033777873353,-0.1415250256006144,-0.13956329138007828,-0.12412945124865243,-0.09388396361178022,-0.05439484489622201,-0.02121963100298143,-0.009960980995574163,-0.018250440841522053,-0.04029941516781016,-0.06753950668101565,-0.09405040292734412,-0.11326988921704376,-0.11716768831536709,-0.10394150912141342,-0.08483846227162452,-0.06330219962784163,-0.0478229540750318,-0.04072107137913651,-0.040408835503451354,-0.038552044389160794,-0.035158403119987136,-0.030052315038176645,-0.02393503471786031,-0.01468563972690021,-0.0001267959824578606,0.01811759799858261,0.040860762096316686,0.058327861941735094,0.06681045310621989,0.07800334740596306,0.09869056705179118,0.11685782721986769,0.1232853214567444,0.11727261824894324,0.09467332855619764,0.04604660920455977,-0.02637007288365459,-0.0952856101165681,-0.1256202005053753,-0.10215826108397638,-0.01742840041737129,0.05903588163610986,0.08203091445208024,0.05008156503998005,-0.0013620521622440367,-0.02966145219241197,-0.016841229782153334,0.026778188037557382,0.07002424578779501,0.08683057721008965,0.07395953103859387,0.046749843388976635,0.02243737884696047,0.013286173457986392,0.024942285201809734,0.046727671330309126,0.06406151751460964,0.06521186198419661,0.052958890653041955,0.030525500127861805,0.011652265544450821,0.006103528612656302,0.017131299229089497,0.04312153253780438,0.0686530156206624,0.07945974207729661,0.06937903830463532,0.038688070405935734,-0.006080634434740171,-0.04366480444650047,-0.05283136178237856,-0.01805334058922445,0.04665431902396242,0.10734189379711416,0.15306850448420256,0.19357964730405222,0.22837989117449542,0.2195755423633315,0.13926082648718094,0.04432339302657226,-0.023679809488135375,-0.05198984145120782,-0.03567793169117117,0.021897526494597756,0.08788019384654519,0.12846084584038894,0.13758992612117726,0.12444928682856357,0.10119224727977004,0.06720504210125665,0.02750458990244952,-0.007757351972801072,-0.03482910033712412,-0.04800201364102108,-0.047874482428386426,-0.04534873910889003,-0.04030075456118668,-0.028894625619064036,-0.008468484300115093,0.017480480580744598,0.03674647044217234,0.043272510913694495,0.03276239034944863,0.014635266758833929,-0.004715043279900191,-0.019720995399508733,-0.02680330826529417,-0.021499102342840786,-0.00619812000608868,0.025362594537435633,0.07085542875215547,0.1125298596783337,0.1484317623323285,0.17787663770288856,0.18727125838126726,0.18016102160170966,0.1711754238976597,0.1619354675312759,0.1546929815673739,0.15276441864242338,0.14785420075638195,0.09052515079346353,0.03756375114218529,0.009510124135598095,0.0019936111699701913,0.007615624395394038,0.013400421333034325,0.010384531227827749,-0.0047277231055851575,-0.027656150232735988,-0.05415478646091313,-0.07463839790410236,-0.07066764239716014,-0.041345060578794966,-0.005965723214312169,0.0078101514931539565,-0.0024655351954023506,-0.02333708464393604,-0.04199851617780954,-0.051328957732646216,-0.04125244072422838,-0.014576394806854005,0.015145743780041401,0.03514854700656756,0.04087891016322392,0.03263330470050905,0.015167085881789692,-0.004906408733101898,-0.015332986039953906,-0.016899021232573277,-0.016821184274482547,-0.016677000577293634,-0.01635576170779132,-0.019814197168148296,-0.04105367015525507,-0.07035814236025315,-0.08185419962937848,-0.058262015783899036,-0.014154148892988438,0.012795237577107649,-0.012478125258425178,-0.06989122695442071,-0.07379500377571493,-0.03696486784935731,0.015920274479359876,0.0424207913323358,0.04193747943167012,0.03381857742778676,0.02065975148944631,0.00935615495772157,0.0011356006294662528,-0.010345507504947263,-0.02633319173112107,-0.035928019906573704,-0.03673184894338695,-0.03343428131058889,-0.03053321857542071,-0.032633152845906746,-0.03936121942555433,-0.047253001046807123,-0.04961834166348294,-0.050029478451736345,-0.051582921542254155,-0.05547744600811857,-0.05728462200043563,-0.05187877717521277,-0.03315880453815842,-0.00565331887880894,0.021596549471546996,0.040119766176378906,0.04601582201058112,0.042444643833771445,0.042995810131108446,0.059119500641209195,0.09523827917850479,0.14044296063802336,0.17578418854317787,0.197918254250233,0.21093825695805993,0.21192701730324148,0.19778855018194005,0.17789641248316398,0.16819442382008604,0.16888513531488758,0.162679829981125,0.13471750077989905,0.09773802757544182,0.07087174564105524,0.052358241257760965,0.0350203971385195,0.012092727265982846,-0.0018844296427207963,0.004896054943861266,0.037326672072233634,0.08134922721664936,0.11859933132358556,0.14471727138305038,0.15306970167478762,0.1430758010616134,0.11694186959632105,0.08025959455237625,0.04044142738390725,0.001957504894631601,-0.02941874533079052,-0.04918304537030341,-0.05987036975650685,-0.06453584881220584,-0.06539078851474038,-0.07017415716234093,-0.08138122353630305,-0.09092514626339414,-0.08835542633014995,-0.07319579374833124,-0.05312597218593549,-0.03596073944905656,-0.020284297472588832,0.016827575783812682,0.06184598932716324,0.059808942558109306,0.04135832035604142,0.0065879648097900674,-0.024967294797356918,-0.039150268218477974,-0.044804023597654966,-0.05089592301865801,-0.061543356112373736,-0.06951950222078601,-0.06983074310048058,-0.05316176985272308,-0.019377002469331533,0.02337829312162683,0.053136635277319336,0.043863385760099086,-0.01216506909760236,-0.08701940085349388,-0.13361474394566739,-0.13865550825277326,-0.1042047488435837,-0.041446084114802044,0.021483667587962305,0.05757509422570265,0.05520567456279246,0.02649533890331432,-0.012428296167217532,-0.05221567968651226,-0.0842778968100783,-0.09978242083399232,-0.08696956362880781,-0.056817068979148094,-0.03223340314413567,-0.013259651745379441,0.020614534180321078,0.07306129591180555,0.12098425275119214,0.14628080403137683,0.16671513239664265,0.1906621235119212,0.20779092271976876,0.21142388472651136,0.20949134190331692,0.21167807341991862,0.2224500511942497,0.24074685606811916,0.2547514059688757,0.2531993192695732,0.2347325268342268,0.202889627382006,0.16860165026923277,0.1393986080817577,0.1137259321535298,0.10315936178026697,0.10875370194024915,0.12107211822138231,0.12022883209961184,0.10515999826532929,0.08866905025854249,0.07651481905541867,0.06479064271451403,0.05471288799902834,0.04822718700519983,0.04693821420049117,0.049314374896333356,0.05204916911486461,0.04907695159739614,0.03848572810780605,0.02455137658834039,0.017408932242548174,0.01820940507148438,0.0202976478557039,0.013053945489623308,-0.008334793272077472,-0.032995645603279694,-0.05338775934000688,-0.06758638883467974,-0.08243893594986253,-0.11136867605820974,-0.16068834534966828,-0.2316832197365402,-0.3068171238048967,-0.355946305410088,-0.35439710197087443,-0.31578428593845725,-0.2739820881563729,-0.23995858095470657,-0.20898176195233928,-0.17184545667577122,-0.13170089846364127,-0.09136520382792782,-0.05196647429363576,-0.016404036837193384,0.00833503043853089,0.015484075949188457,0.006292082267353129,-0.014689190949403944,-0.033945173817662024,-0.03740715709656684,-0.025594783263021663,-0.004727771407593342,0.020597952466865906,0.04054245314008126,0.05044542810702473,0.05507456656396394,0.061073658535992933,0.0649083685885502,0.06041723341207656,0.03976523054420414,0.0012037842706409815,-0.04324343061634223,-0.07169354702374828,-0.0707747461588178,-0.0543961457179425,-0.03726156347145879,-0.03372797741909368,-0.04320386531785116,-0.05577062413830856,-0.05017174489606958,-0.02281278519452065,0.02443343814540591,0.10583292958128714,0.24630683278255258,0.41523839325143197,0.43326446649379535,0.3219090107582473,0.20172854157156198,0.09206749435081361,0.004730216218551186,-0.03928193105193971,-0.02908866025155634,0.0007338925254637222,0.024204009282663804,0.03096183311962092,0.030611064244389287,0.03594817730828547,0.05246784067730505,0.08466990894036859,0.11525096963833037,0.12638020589508675,0.11828865008890965,0.0979010176422431,0.0685243084264896,0.03208993804190368,-0.004358598998112266,-0.03521099084383048,-0.057305075010418774,-0.07338828324297779,-0.0819165307049058,-0.08139144780381977,-0.0741476732615119,-0.05800131326681532,-0.0346713149383764,-0.011310855448213242,0.009209401033422864,0.010999576311842589,-0.006825274818122518,-0.042391951474352464,-0.09228571964323458,-0.13554639911293107,-0.15358156280211496,-0.14102718524462934,-0.12627766464576806,-0.1302948639728736,-0.13003441990392267,-0.10010957851678266,-0.042511765075494985,0.02199820421887766,0.06638926859226588,0.08223053943405104,0.07802362756915869,0.07154829256932801,0.07482586794788616,0.09010092580690039,0.11436448068283592,0.141303447303188,0.14728653192931437,0.11489838384254458,0.06128748219827479,0.015299348656940664,-0.013087303534617864,-0.02563283744848578,-0.025569161397123757,-0.01575497459136817,0.0003988181338234416,0.01431684516607323,0.021326013772405616,0.029457297979275425,0.04514077610527521,0.06204065252455501,0.07768073757113214,0.08510674326077343,0.08876488682423805,0.09980584989533282,0.12066040652337788,0.14797872284833943,0.17871686711901616,0.2224921837582882,0.2776754824076923,0.3365385685535191,0.37511389315126153,0.36854400127338577,0.3421764988400098,0.3282702380495251,0.3234088675250397,0.3091971758797195,0.2730086631223842,0.22349498328213835,0.17998208424588005,0.1491570261513086,0.1270132228739743,0.10631202671037848,0.09545291630119168,0.09186193822532593,0.08427676308585826,0.066897664884867,0.04235675839745425,0.025196437645272317,0.017349497739259513,0.012402339826410822,0.009160163397168592,0.010707155603894368,0.01563289674684332,0.02144780535501267,0.024299157418791354,0.019672644269084764,0.009682903570431294,-0.005809163085779385,-0.023469334108568562,-0.034539530320930975,-0.03213544547445798,-0.031884249805932394,-0.04079447039854577,-0.060999071462229715,-0.08382938699803981,-0.09851433508338266,-0.0987500855753187,-0.08855231885806317,-0.07963695867512524,-0.08073490659433609,-0.08876936805383419,-0.08661381044573147,-0.06650609245093539,-0.06927200740432603,-0.11593736214245115,-0.16135025815641,-0.1920846794513046,-0.21215582325948085,-0.21557958784257392,-0.20025465562715883,-0.17454884708296106,-0.14561235790532004,-0.11364227530599887,-0.07871858764628403,-0.04553947417790002,-0.021776437674002717,-0.017017972490068718,-0.033018684633656044,-0.06434640779194706,-0.08796952497738551,-0.09294268299878107,-0.0863078694283886,-0.07403260826907494,-0.062495047943678085,-0.055391012785928465,-0.05893228674041943,-0.07286765609109955,-0.08488591382743808,-0.0893820774361679,-0.08531031702158105,-0.07707309321067071,-0.06569607943877316,-0.05933164066684275,-0.05862928334159883,-0.06160939558627719,-0.059144841305962655,-0.04580283302734224,-0.020223036470890073,0.01690587724864239,0.06306240929723961,0.10609806691866018,0.14644664533870444,0.20466272559929222,0.27522133655773034,0.31392704599534227,0.30920848997460015,0.28901809171816684,0.27268178648591457,0.2615603767171195,0.2435891442700207,0.22019950072537306,0.172982103194629,0.11011309198538821,0.05317564960905846,0.019842968208779472,0.013044207755530748,0.0369718291407307,0.08575380194941658,0.13809342313273693,0.1692098530679355,0.173411789732999,0.15672816843893037,0.13513313967760232,0.12316634325670102,0.11898150576193994,0.11762737346293821,0.11649469625478015,0.11367734993320378,0.10699598664589728,0.09534096445980861,0.08045843368012798,0.06641768234487072,0.05256542096505747,0.0385616746151327,0.030441261443116808
-0.05993577168532387,-0.10790540579357424,-0.15328926215217645,-0.19762464547903177,-0.23418706135167036,-0.2492534111517458,-0.25057669689892154,-0.23698542213961488,-0.2081329521588318,-0.17425246902282143,-0.14738285747554325,-0.12774236690872828,-0.1233696807648151,-0.12951271400822625,-0.13292059139810183,-0.12457323212990704,-0.10583616353872229,-0.0861037967691004,-0.07142019026880903,-0.06170035029358851,-0.06146006260762274,-0.07081996620267225,-0.08262449865775084,-0.09231159994302589,-0.09102030238577238,-0.08325676949664915,-0.07825413803663757,-0.0745155129336178,-0.0646703655663473,-0.050541826012039465,-0.03229718091049471,-0.019843543877691248,-0.01765752960054548,-0.022537269501771647,-0.02189734045389238,-0.004725859191118593,0.0422468701208384,0.1118887789211094,0.20604927733754183,0.3146290808695067,0.4165606343118672,0.5014325366294039,0.5601566239309262,0.6082719282584921,0.5985224365517149,0.4881321614347281,0.354235709284668,0.25302774128739214,0.20106335467143055,0.18896005696992021,0.1900403431914567,0.17742514375930724,0.14080947989591583,0.10107185961857937,0.07914601353917883,0.07779739602030984,0.09015315006807947,0.10135843336345418,0.0990090695125383,0.08746005765795681,0.0831391763492191,0.091141683549598,0.09724540135812397,0.09559106409861279,0.0863424193817526,0.06874845244476942,0.04734405725369394,0.028073509621616616,0.014638943844987169,-0.0007033965223710945,-0.02263636618632325,-0.05620588394411096,-0.10622890409769076,-0.15922505309422957,-0.20221564061712652,-0.23800199454924845,-0.27533121065364546,-0.3202132936013849,-0.3704102311133832,-0.40756368217183137,-0.40991835339786503,-0.3661736307659888,-0.2756617061470194,-0.14894711308414937,-0.024657376653721946,0.06495396309098916,0.11465133054867287,0.08245847600262045,-0.034689223174999895,-0.14082971848960554,-0.17869200170987373,-0.16841033223172575,-0.1394539600541058,-0.11588946336009798,-0.1239182264952547,-0.17067745421985983,-0.24576347364392492,-0.31936792892986154,-0.3598840196307308,-0.36543540646916,-0.3516923734795085,-0.3233471209087046,-0.2801067410718313,-0.22819134000599942,-0.17648085219655477,-0.1323166292344099,-0.09443919554814992,-0.06220803122854909,-0.03250788464235027,-0.004347014781280385,0.022630756606391623,0.044445969932434014,0.06578778733326258,0.08970972767715925,0.11630650358166561,0.144823176685168,0.17907865806429138,0.2184554330482765,0.26597191625040173,0.32176219851969967,0.38454993602689225,0.44802076092357607,0.5074694597642426,0.5632498045818857,0.6068762480487131,0.5939638802213337,0.49818969591539103,0.39951577838927677,0.33050783177235293,0.28755218084314554,0.26507623339622716,0.2577024839910663,0.25645221763729725,0.25204520007109565,0.23591275909749243,0.2080438711670056,0.1612910793951109,0.09733843291088032,0.03328442298844352,-0.001906910315775168,-0.013678420155015091,-0.021516596853098893,-0.03401691777731975,-0.044354098060167886,-0.04903675291458163,-0.04996461570629585,-0.04402545238950428,-0.025681986757283084,0.0031284526707177035,0.0260639452726593,0.031859229448088076,0.023211636583237796,0.004130631923386289,-0.027610461000315403,-0.06511125448042117,-0.09922988983154665,-0.10843060966202892,-0.10054199082318903,-0.09377553430115973,-0.09610737177795363,-0.10932043933065991,-0.14044476572952622,-0.1849494970941748,-0.24132623306339537,-0.3103118408669537,-0.3843565662295526,-0.43860619655107336,-0.46118350275918346,-0.45167368872294583,-0.41329323073188934,-0.3647602440708427,-0.3172101849706694,-0.2723250704243737,-0.2350337207349233,-0.20904252476444704,-0.19618173037192438,-0.19560735200436305,-0.20178784091109855,-0.2109247183283818,-0.2130597720627577,-0.20043757187824046,-0.18220637363688574,-0.16809580826308768,-0.15857745923862987,-0.15082159592457764,-0.14023428301662222,-0.1257800948432236,-0.10279909666925702,-0.07332710240455126,-0.04065517723107751,-0.00657765156997576,0.02231452571763573,0.03354287655056316,0.015196587817214842,-0.032751921681196096,-0.07823140889250371,-0.09105114606073195,-0.06495668892599701,-0.02149682705476663,0.007404055567268978,0.003894328435908069,-0.02986362128024692,-0.07497984769052198,-0.11972490575810052,-0.15599515285322083,-0.15212375790905322,0.037170130138801556,0.23628030653888682,0.3321171836257447,0.37624823354623194,0.37927752369419027,0.3446841126950087,0.3028848228674346,0.2695337807946283,0.24891834740443733,0.23851793555727524,0.22578856042544984,0.21251304206379096,0.20163082567474805,0.196787519997177,0.19901484324351518,0.1995587549304996,0.19610939451589052,0.1920097207626961,0.18547253505490155,0.17595577359676742,0.16617001777516394,0.15283482427021486,0.12849647927448415,0.09080773539328355,0.04704995655356975,-0.0026244686366943067,-0.05292864569326488,-0.1027194457095931,-0.15406959977768592,-0.1987926077789964,-0.23281674801160146,-0.2554195369055129,-0.2637866259051376,-0.25879111373698677,-0.25699310543589854,-0.2920322105363768,-0.3934323226249552,-0.5385152340279846,-0.6151313357416573,-0.5914885720600238,-0.5474974522774425,-0.5049674107456629,-0.4586326294216976,-0.40326728521466887,-0.3380072800588038,-0.26406559162992793,-0.19258571235832325,-0.13205277269417642,-0.0919174217251622,-0.07259852344940179,-0.06620389822152484,-0.06549525923241274,-0.06796282635273533,-0.06917836239701508,-0.06706628416455773,-0.05984078415751512,-0.055514170866832635,-0.04829945476906437,-0.03884841884901832,-0.03208638022672612,-0.02867035214895591,-0.021366214799285313,-0.010844808180979836,-0.004356415283660437,-0.0041344358785178744,-0.005116465282326322,-0.00386954382436306,0.0020822891636024525,0.00732250225929119,0.00942245563252859,0.01939777325656081,0.04619263608969377,0.08523787978037034,0.1267546355219301,0.16712578731577188,0.20098622286623632,0.21412500922503494,0.20759074016968257,0.19363064667377175,0.19068749219811887,0.20477978720598278,0.24277398555561389,0.30721500532863616,0.37618789306761025,0.3595904450721735,0.25349821960568064,0.1760366928487819,0.1443748728910203,0.1263822095927982,0.11453279141696406,0.10860175004079456,0.10220855376001431,0.09979190812634116,0.10386279612320574,0.11230557189052197,0.12178401694261824,0.12799168274106867,0.13271327412676093,0.13761142670121412,0.14001263468047861,0.1337215825499133,0.12054527950051189,0.1020063444551944,0.07933456752072217,0.05802284876116631,0.03727216606381109,0.013733394191743737,-0.013840566182073584,-0.04534341440395939,-0.07795578615303402,-0.10853302740222895,-0.13701865225391976,-0.1732744950061059,-0.21806680954370267,-0.26074498950698055,-0.2987188130378758,-0.3350652900993699,-0.3788093675981858,-0.4420874025263621,-0.5118318331035844,-0.5583949828320915,-0.5548921203968924,-0.47226914296619615,-0.3318735819554263,-0.1972598241791463,-0.11755205147251531,-0.09859749644804652,-0.1286415282082288,-0.19187703474016943,-0.257724966716814,-0.2968206366470951,-0.30983539976296803,-0.305960074195876,-0.28802218761873255,-0.2529762411794019,-0.20499192100331204,-0.1505019629838027,-0.0973830224984762,-0.05522844517866251,-0.026141082320887167,-0.002661995818939721,0.022000864949460894,0.049201767284316196,0.07192763547621685,0.08711067779696897,0.09034631533444507,0.0862419180618026,0.07498869538788355,0.060538591359075786,0.04761619798569228,0.04230616756697814,0.04413640146966508,0.04743767964054325,0.039456843295789655,0.01940152798525508,-0.0069939612579851314,-0.034612572248937226,-0.07102639332194985,-0.12144841210152942,-0.1629409643309787,-0.16065245867993436,-0.09905657390724688,-0.0171164423235712,0.04498199202345621,0.0937172066439105,0.14077990238888768,0.1727063281665425,0.18065908000891132,0.1763764849321373,0.16884632872526092,0.1706381113052461,0.18828424056618479,0.2147670233937452,0.24154113106074107,0.25989452830050774,0.26291112689194895,0.2516241566630317,0.23216124881495093,0.20844825230939784,0.18502189444420566,0.1630934870034088,0.14947131948685308,0.14708320710676198,0.15470328257570956,0.1704420262844209,0.18547424672008334,0.17132369174676249,0.0717933450909743,-0.14851203307207786,-0.378889885638093,-0.467603537983788,-0.42897108033163217,-0.33761252178168727,-0.2431414147896487,-0.16904264675990732,-0.1323806367876074,-0.1538093241703212,-0.27112690553716184,-0.45671676886261353,-0.6016360848042516,-0.6830586147983126,-0.728648906937349,-0.7441462614235267,-0.7316963107266676,-0.6824414986141311,-0.6090189779611683,-0.5189667602736825,-0.4181251338829461,-0.3237597123828697,-0.2511240744938417,-0.20235872772031258,-0.17768601274171245,-0.16934067233996092,-0.17364332419092368,-0.18620469871600112,-0.199605008902888,-0.2161240864235777,-0.2355677055409027,-0.2618849791785009,-0.28769056136946586,-0.29912584253684543,-0.28503266719382303,-0.25384813658646116,-0.21951204414563213,-0.1952387508026155,-0.18369562163196368,-0.18348467475994562,-0.1754495599784006,-0.1491768033670293,-0.10268615369937284,-0.044194940862546904,0.026272161101637933,0.11486415735175967,0.2119179767677186,0.29472121192158446,0.34651487488981486,0.36171756754160556,0.3548719984253419,0.3670704045931659,0.40317470627609553,0.4446327301320039,0.4762521328182845,0.4989537355596973,0.5085242346625123,0.5096174848468835,0.4999511759248735,0.4810662510322808,0.45408515525850546,0.42584110259968827,0.3865759321490219,0.3178626864163087,0.21555108752565189,0.12658882242977315,0.08060360360637643,0.06982188550657316,0.07375610814677663,0.07824865984232891,0.07470617345058295,0.059644672654171164,0.03691702305994278,0.017622642806461863,0.012041105658812917,0.016169341565551287,0.017913089301540293,0.01077472055244859,0.0015236744800084013,0.003728964827048007,0.021837500331196767,0.04784720217115837,0.07454339447388036,0.08830862719818416,0.0919175106546724,0.08921258577381166,0.07944333282400096,0.06395040111114403,0.02909951200244768,-0.06362806158783446,-0.20878873821672334,-0.328481557066674,-0.38474854198136005,-0.38816914395524144,-0.3514922592855825,-0.3056144513339543,-0.27760857874511813,-0.2580328357370213,-0.23552253780844024,-0.21763866047617583,-0.21070937678849236,-0.21841056718066076,-0.23760049157259486,-0.26705693324863705,-0.30743420117439735,-0.3402763026718696,-0.3439218108514268,-0.31472267447235713,-0.2671720743863134,-0.2110119907053336,-0.1562363956714267,-0.12384721805848513,-0.1169552223268326,-0.12374277979365712,-0.13751684857208535,-0.15114375854371387,-0.15667778642022331,-0.1549620563459765,-0.14443445744727124,-0.12685090360399642,-0.11128584117510767,-0.10398527825553357,-0.09914292778319608,-0.08289874019186962,-0.04282445213835953,0.03330140665456878,0.13144070625678905,0.23113801036730955,0.31320952986462797,0.35808945252277635,0.34418896609030597,0.2828093222092064,0.2656406985771558,0.34147321132545627,0.4832627317452963,0.5201851682073179,0.4485825229274602,0.3842735561207488,0.3442529732218714,0.3274367526180534,0.3224501067595739,0.3190000142961499,0.3120570962544655,0.2933871152492743,0.25888588415230535,0.21949305154200213,0.19594037716076332,0.19105822228848343,0.18807775013314537,0.17118909900047266,0.13502171973848714,0.07476093789469976,-0.0006341481711870508,-0.07576340796656987,-0.13736674514495567,-0.17632365094782423,-0.18913140782701296,-0.17459536314812776,-0.1386554918741124,-0.09124924015660986,-0.05088705650672172,-0.020040930040875704,0.0041524409139350425,0.03064529104732073,0.054660457937391896,0.055740392618844746,0.016065909853515723,-0.061010950442645186,-0.1715345611418281,-0.27073482454210257,-0.32046599147457844,-0.3261087673449267,-0.33069535179581744,-0.33291861324433775,-0.32213455324187185,-0.2929216743872044,-0.25804505925694793,-0.23279534773769586,-0.24221983454545346,-0.2696375800567334,-0.28659401100918963,-0.27628886659061047,-0.24874419576855714,-0.2108842168456982,-0.17149131052117017,-0.133988628099782,-0.08585127524244403,-0.014939131074270539,0.06607491675867858,0.12177660998405423,0.13025468550259434,0.09848429284272536,0.05025518255981631,0.007210511714181777,-0.013639927826738207,-0.01257980640145615,-0.0013061683388676541,0.004138243884910527,0.0003568810215214248,-0.007971269105702975,-0.01101567115086049,-0.00543058687311769,0.014474065034351216,0.05493613317118399,0.1051568545866122,0.15087165605810593,0.18353928776209047,0.20430249099079825,0.2213321434167389,0.25441854441276085,0.3209233918937897,0.39407021898963607,0.42116871274199996,0.3792024106974974,0.2866561780916031,0.1663107999782793,0.043837489642727503,-0.05161405532070184,-0.10099692439616528,-0.10614388064756007,-0.08829345651164376,-0.06635784375165048,-0.05293372080462938,-0.04772894609293094,-0.04949855156850378,-0.04524244929306667,-0.03041126958516057,-0.0038891656687085347,0.022209677854857772,0.03381741290847219,0.029136856946479897,0.01884113991071339,0.016871016315625986,0.030532396702181747,0.05208643101910112,0.06899135831753725,0.08051128228520811,0.09489814841864891,0.13209503073658793,0.2092470039798065,0.30236790409082515,0.36722479079786235,0.3508303146589843,0.22726206376392674,0.009568859541557211,-0.2226307488616562,-0.39651039238400243,-0.5059986667718162,-0.5599748656599753,-0.5486338826094694,-0.48813404573460634,-0.42630409607766523,-0.40987231889585746,-0.4641339604639808,-0.5790383246914632,-0.6396801250323768,-0.5984353320332402,-0.502216067647386,-0.37212270159415434,-0.24309764732327352,-0.14325679383741205,-0.0869649337634054,-0.06463250859096412,-0.06275869214890378,-0.06146238212157489,-0.04909353669019936,-0.036660942897925285,-0.041935159681683626,-0.07318855400649336,-0.11980617388796143,-0.166022544966698,-0.20788523339279855,-0.2512646183390432,-0.2918492693957355,-0.3178601486720757,-0.320476550829319,-0.3110705614182211,-0.3022740253473558,-0.2982975049536001,-0.2990626327388769,-0.302077573200667,-0.3003638266203515,-0.29014713014475074,-0.2688682438996875,-0.23295801388050283,-0.17820590490631358,-0.10156327950873223,-0.00415150909566459,0.11472160167061136,0.23393135480005395,0.32261776566396233,0.3909949039390092,0.46278022342831865,0.5456975565452487,0.6355283382022094,0.7154295750559932,0.7599357467974337,0.7670969339652981,0.7439420837174868,0.691402270834646,0.6033292622293237,0.4781662243592066,0.3279923045312732,0.18226470154890378,0.07241616407308826,0.008321196744775605,-0.019636447821402087,-0.036628375630553114,-0.06692590435248108,-0.12063252255914947,-0.1846070094775263,-0.24380640158322514,-0.29007282014359437,-0.32574278048746286,-0.3441748147697437,-0.3303315765450232,-0.2836552426121263,-0.23032285111265988,-0.18370899440458194,-0.13825720847581227,-0.08857208334421661,-0.019919124876612418,0.09536336796004732,0.26666868710363684,0.45525598486185365,0.597295823644043,0.6599754579255133,0.6478867263369474,0.5517251280820906,0.3494294806349435,0.07726838315909625,-0.13258608993793342,-0.23712371771043023,-0.2776920490187115,-0.29478316309918057,-0.3095071537891031,-0.33140094821087773,-0.3536329238140806,-0.36384402062976634,-0.3483542123179109,-0.30677356367133735,-0.25450656649693276,-0.20730310642818522,-0.18035842888564105,-0.1781376316155596,-0.1869528804208479,-0.19158195629247032,-0.18198247740858436,-0.15402297637454668,-0.11044747764479639,-0.0649909405678319,-0.025930701929176767,0.0013207725733686538,0.016840186472362503,0.022415387402050443,0.026143366003736825,0.02975012784580808,0.03086791360080853,0.025629452818537093,0.015018341126062597,0.0027239917642565923,-0.009394469607927992,-0.024987744489544744,-0.045091127480896304,-0.07960101026546362,-0.11868873666733194,-0.1420124656285667,-0.15205388705342224,-0.14547986444507827,-0.1182849259698453,-0.07244183477165977,0.00826462240009787,0.13428381255072008,0.25684634471330664,0.3269985826778012,0.32500399422584425,0.2874477652222514,0.24208585953900175,0.2015603595980777,0.17380272407890565,0.17276514646965432,0.18688853161811694,0.20761466065977494,0.2346109085485603,0.2593093842724005,0.2635945131352608,0.23425866436931894,0.1928820531100883,0.15915058740815746,0.13450249538555648,0.11445580734632789,0.10084721454770829,0.1015859733743176,0.11291525058778928,0.1322889430728791,0.1464721919253817,0.13253081361040503,0.08007909735286887,-0.007211670113181853,-0.09529715631306354,-0.16765146063442826,-0.2139665986658823,-0.22539771556355095,-0.20412693099053272,-0.1797323470100652,-0.18521753243832004,-0.21839172995213396,-0.2686517263966813,-0.3278942742991992,-0.3864957189276278,-0.4242042940194858,-0.4276133058311387,-0.4192250851557076,-0.42581399113592844,-0.4703007749041418,-0.5539848697733885,-0.6495401175617406,-0.6595679269703286,-0.47744041748336635,-0.23928216650224982,-0.1087161300047487,-0.07588606089370493,-0.09142371202061421,-0.11767993041690579,-0.15230866487275768,-0.18807071658425453,-0.21640123176338355,-0.23576167018875077,-0.24210983094171956,-0.23503571240776852,-0.22001615324856896,-0.2023514919544777,-0.17881195873289837,-0.15102637653426623,-0.11696488172427763,-0.08040234163297501,-0.04658060188045165,-0.021136881568624907,-0.005496025544949817,-0.002986277335930404,-0.00263611440948565,0.004848999298217548,0.019929879318350628,0.033768944366007386,0.045997049449936524,0.06401642297122012,0.08973797942697564,0.11947840012010126,0.14752956493027605,0.17833249947482202,0.20892616209813208,0.24303911852478657,0.3047696606529074,0.3978626292134099,0.4579991028933689,0.46309777636822663,0.46301917375604523,0.4582816572467162,0.43893086543544974,0.4059986944019149,0.34729974239759226,0.26986038948348484,0.18774864523352391,0.10952612752673509,0.05253975130645413,0.03796458843423552,0.07433726407941663,0.1504948954597787,0.2324631418481896,0.28481701136810034,0.2972486719415869,0.2840612332981277,0.2618921054052488,0.23818698868348728,0.21062796341356846,0.17678320557155372,0.13854618259791773,0.09893914282362382,0.047145435616942066,-0.02960071206082218,-0.12312714901912215,-0.211462785901949,-0.28281234530864363,-0.3366794749979149,-0.36645601082312296,-0.37591294549595095,-0.37687046767861243,-0.3802405269374512,-0.4062337410274926,-0.44545425381174175,-0.47536385660194347,-0.4900806532063275,-0.49128617100078315,-0.4755632364053365,-0.44602140887443553,-0.40739351943705304,-0.3699730259229091,-0.3324237855224215,-0.28789153156060243,-0.2375501459834175,-0.18265913405662992,-0.12537273310423577,-0.07538888305720169,-0.041993484538240075,-0.03004133832360172,-0.03624040060288432,-0.05908477860530949,-0.08487708328546269,-0.09881665115866221,-0.09816146488006632,-0.08428656498740715,-0.06245370083303885,-0.03607878507145071,-0.009553243874970259,0.015036036254244208,0.029657226597074184,0.03529722938457999,0.037472038130810466,0.04808647034124594,0.06950669071396577,0.10014162032639444,0.13577803695669868,0.17241320636690974,0.20502323990114518,0.224326736266037,0.22644936490010542,0.22096485529080523,0.22093999341542866,0.21857623571591137,0.2041794802933137,0.17738127857049915,0.1705088437322053,0.18919453755077378,0.23225998676904291,0.2939268301203936,0.35704820746614463,0.403290133870222,0.4052404751016593,0.3669579943220527,0.3143319900571331,0.2681503970517929,0.21920364573253306,0.1718414391240073,0.12790738194489246,0.10020567482080134,0.08978470051056435,0.08884587629067493,0.08788230549504397,0.08258894471483592,0.06947076981528001,0.047891699822892465,0.023296769808813907,0.0023108970069632925,-0.0062486800928203586,-0.00308965588544477,0.003775285911102761,0.004139251866488675,-0.011972978825258697,-0.04117921600151902,-0.07270553206167482,-0.09335148340742097,-0.10060465915197378,-0.10180040665472098,-0.11167802364151828,-0.1308032416406398,-0.15528660319286136,-0.18192002671624202,-0.21933013900836368,-0.2697451843708538,-0.3291206212669307,-0.397848779228252,-0.4694625689493188,-0.5370132929370364,-0.581206805581361,-0.5940338037954603,-0.5712147838874266,-0.5209667844035308,-0.4577146172005858,-0.3990999094536792,-0.34919418921542594,-0.31847791707522033,-0.3018095856213895,-0.30381666112674915,-0.321399514387,-0.3341916362485578,-0.31198806073708174,-0.2504287542015609,-0.18016648027353485,-0.12631096923454307,-0.0995989246340364,-0.09838325668520152,-0.1101065112876286,-0.12266566687502636,-0.12544301885690662,-0.1139305788451207,-0.09172897272881776,-0.06503963394275669,-0.03713563133041342,-0.015892272292524934,-0.006570888018293638,-0.006594594899864629,0.0037872786209541217,0.036034621575622997,0.08726740409263017,0.14963491392134107,0.2186638368672771,0.2906555762918988,0.3719830239537718,0.468875017753424,0.5656567729753957,0.6334128136711606,0.6389537411995833,0.5694293105649677,0.4626177525213087,0.393534711502706,0.3745929308285419,0.38385579674467096,0.3815862984819619,0.3384760669386987,0.24874803528497674,0.14959186170330932,0.07877824021990035,0.052892792736225894,0.056556610159792894,0.07216709085034842,0.0946197571854917,0.12238766282259407,0.15103673910728704,0.15808741542006524,0.1302288356940123,0.0701260271829889,-0.005431117245379165,-0.08314612741654258,-0.1381591964291303,-0.15483402020011172,-0.13889280416728683,-0.10133110996724022,-0.05469076089281822,-0.008755558587011016,0.03577023391112969,0.07695881570098433,0.08196132230356791,0.03885680976300163,-0.03787058766772603,-0.13719462119047124,-0.23726665001335773,-0.3247390679330457,-0.40495213938372004,-0.48112679316091306,-0.540366829816128,-0.5681633241418381,-0.5733032938248235,-0.5465209857888678,-0.47363432364572555,-0.3652152925430188,-0.2293610261609424,-0.11042061537414397,-0.045129040151441535,-0.03369853371657348,-0.05972724539673194,-0.07977003042973584,-0.05515939188440573,0.006126316666793206,0.057761016469292166,0.08443368268023746,0.09611899694163883,0.0830524150063751,0.03349895357633955,-0.042261441911994324,-0.1118304422672042,-0.15499253031685248,-0.16640344975850718,-0.14820934209964498,-0.11945018883591993,-0.0970794280766384,-0.09757433831752872,-0.11745055541277222,-0.14848409918585856,-0.18366705788714882,-0.2142475484487826,-0.22927291167818462,-0.22858425299215357,-0.216927184736972,-0.18563165855355981,-0.12200103294482903,-0.046976089807386545,0.015239451892767172,0.06379878720776401,0.10107743352230493,0.1305982637997284,0.15059965809846057,0.1570962088426356,0.16386592583383064,0.17138572769601915,0.1843612710675993,0.18894471628792417,0.18701682419692914,0.18610124604954278,0.18524910554851523,0.17866233337133344,0.17004586098545235,0.16581014981393027,0.16279577304270823,0.15198820780415084,0.13336993373671183,0.10727817733505876,0.08016103817976791,0.05770611460916095,0.04998858378040728,0.06181723589369173,0.0891889075216489,0.12082266334770071,0.14388803304407569,0.15381951531369692,0.152593360134477,0.14012085408434727,0.12211126413929689,0.1088567892247986,0.09819279904484998,0.08839915049201703,0.0699919095223053,0.04060583163428478,-0.004940032213791153,-0.05449841179975763,-0.09232510890889582,-0.10868427300568427,-0.11526056004422901,-0.129349282624721,-0.17513693147607845,-0.23987446886330088,-0.29134551523664404,-0.30050319635581746,-0.2736035213618512,-0.2537971714719471,-0.2716881888833387,-0.30204800275020477,-0.30760106304389884,-0.3051097946895194,-0.3040833649089723,-0.29410788905795304,-0.27330758961627244,-0.2420888826050694,-0.20312256777342197,-0.17183542383130382,-0.14943612542917112,-0.13910180122893265,-0.1391699982780999,-0.13583239407720407,-0.12956303799376326,-0.1250526630392023,-0.11963909609506332,-0.10415725741116225,-0.08073480107071991,-0.05900933150432548,-0.042947348112550396,-0.027091840641368575,-0.011269584630861716,-0.0020521831464040447,-0.005326755648706235,-0.01627978678931358,-0.025880340195470256,-0.025417196491317823,-0.001358675083065048,0.03466586964874035,0.06338021483004863,0.06171824728737712,0.025623960434886333,-0.02963917940441259,-0.07171767873565757,-0.08386781636947664,-0.04555271819159452,0.058059285643211465,0.15941795577758294,0.1789616170344756,0.16571240373754673,0.14980749144477679,0.16141991094517036,0.19426624904835982,0.2166149510849989,0.21759878957605888,0.2044385109767936,0.2011950944568936,0.21345256044164565,0.23490600932180544,0.24639427414802922,0.2359074855090135,0.20974594876328115,0.18245023316946749,0.16622998491673877,0.1619687323136688,0.15936259710199233,0.14713434881128837,0.12270362298378742,0.08824639442192027,0.053821200686249224,0.026119276560690765,0.009890630114461429,0.009609794003570038,0.023168436211266026,0.04901126290881097,0.08555527714988434,0.12292271407710853,0.14919325374761921,0.15406492926587134,0.12832537355108925,0.0791576731705011,0.0043236703250266835,-0.075315297107947,-0.14105451150735643,-0.1819886334518693,-0.197016694042546,-0.19705761935270316,-0.20042221219682527,-0.23002718997044747,-0.2870890786461779,-0.3389415880407581,-0.35755414951884135,-0.3402929043467451,-0.30156683633769515,-0.2593086828075777,-0.22322984398947376,-0.19402591136841726,-0.16316177839291132,-0.12715668699272462,-0.09783026102102199,-0.09039041821690956,-0.11755494202345208,-0.169395794493735,-0.22113893765247403,-0.2591249712735248,-0.27937215456393966,-0.2803579449128768,-0.27314228058144396,-0.2636560429192382,-0.2526195784207248,-0.24041577800727837,-0.2247460209817838,-0.20374363423673159,-0.17437184829610275,-0.13152980419863733,-0.07914186346035536,-0.024252763521890555,0.02311973933488639,0.053991547739597204,0.06058820481083039,0.04726126554007861,0.024067968000021523,-0.00814032400625841,-0.044970038319486316,-0.07241213345067345,-0.07020204347618712,-0.02868485991789624,0.06337192042599622,0.22303082107601507,0.44057354752569505,0.6545461787728032,0.7997733233360674,0.8408966010482521,0.8039425381276156,0.7200942919053646,0.6059947118748416,0.47649805198402617,0.35269465655855814,0.2549846241339797,0.19227472115210975,0.15509059110871623,0.13495058156715573,0.13207725485594204,0.14053816313079046,0.15248961183724025,0.15918979931391758,0.1554166568049613,0.14363988699078045,0.12692966755349624,0.10888343060428221,0.09035878954484389,0.07331635146507808,0.060665047423470564,0.044793490774227854,0.022115571166070054,-0.009502396031503886,-0.05759461756095107,-0.11987223970963194,-0.19131596056662745,-0.26438814525120424,-0.3408990827114833,-0.4230138901117439,-0.5061469845465507,-0.5885402112711909,-0.6597305187645424,-0.7219553897941192,-0.769959790242438,-0.7914857036065581,-0.8032973107633118,-0.803312776371924,-0.7575613690200498,-0.6713765707981169,-0.5836797162493044,-0.5099777748133835,-0.451447912672019,-0.40234491498436886,-0.35661063019599504,-0.306283492045789,-0.25566057562643646,-0.21354919906176031,-0.18525989797531883,-0.16850648368482485,-0.15524805686361162,-0.13843677841021776,-0.11314125815594295,-0.08315616233436132,-0.058929928544524966,-0.05205529846831265,-0.06529547861655696,-0.09107843240735214,-0.11863609393884743,-0.13981073616727052,-0.14702778750880646,-0.13840837114414156,-0.11563257566527638,-0.07763232247455563,-0.029200675486465995,0.02156198810313984,0.0687105055234133,0.09938212949690058,0.11168126090801908,0.12687249255092475,0.17301107487860776,0.25420389238041496,0.3680825498907764,0.4902678021693074,0.6106919408724399,0.6887514019653975,0.6473598881776261,0.45690361472876034,0.2707378895108117,0.17112586774384203,0.14765717375481766,0.16960841978707025,0.19902014434805274,0.21269049175892346,0.20312061379131754,0.17484066225310155,0.1390143434989797,0.10639849251848242,0.08623292042246852,0.07962336409843457,0.0776498546439324,0.0868395739868874,0.10333891950437318,0.11486958127037504,0.11479899676001727,0.10275841202136987,0.08643918712466667,0.07294711492865755,0.07187206494034491,0.08228174637746717,0.09168006577492264,0.08690310508154452,0.07056299793644343,0.050478283113319734,0.02937743136507249,0.010000299050678596,-0.015397502994014468,-0.05920562880266756,-0.11935213047027816,-0.18462695922605357,-0.24488286651983565,-0.29912893318577927,-0.35699073712146095,-0.43853765760205127,-0.5335964952680129,-0.5910397669175861,-0.5881162976429491,-0.5620268354539056,-0.5199500542109925,-0.4648208801010038,-0.3983294613649037,-0.3280713651445547,-0.2725354011397424,-0.2338934524888414,-0.2128162180735475,-0.20652633597221243,-0.20887693254035597,-0.2095227717493843,-0.1973289708250806,-0.178527330982824,-0.15700432507737963,-0.13658411302678147,-0.11503336315162212,-0.08840545460136442,-0.06489257421426876,-0.053198315542694864,-0.05329614447333082,-0.055855279856589064,-0.0549254826027918,-0.04104016632983217,-0.013936406971011105,0.023340236632403435,0.05999611140832156,0.08191356125854007,0.08470794546663561,0.07345703670701297,0.055668931946703845,0.04421394312552798,0.04278627161729802,0.046411290769355906,0.05612129449724813,0.0729435352901455,0.09460013113502462,0.129914379276788,0.17295433916268368,0.21671428008069035,0.2521964406287414,0.27799888918431065,0.28877027258025606,0.2936007268039986,0.29602203278008005,0.28484526937348464,0.2628675628448638,0.24261403421706362,0.23425445168810735,0.23490081614954245,0.23232105843911824,0.22285924815597502,0.21054543726813732,0.20179036070937095,0.19787337554689383,0.19693987710268251,0.18688793441023385,0.15478965768964612,0.1135116758390056,0.07556429330408573,0.04718189037628591,0.028148881714317328,0.015589310996145356,0.014530051585692743,0.02439664606999489,0.03951023267099224,0.04667821644975298,0.021932975975997315,-0.043513743210167315,-0.1320680067598526,-0.2106049519329621,-0.25555201133325456,-0.2559442786978129,-0.22766027011210554,-0.21138537933354992,-0.22856961285405933,-0.278807140261834,-0.3499406023876416,-0.4337417441346095,-0.5196227801740112,-0.5869809927490334,-0.6010501286931826,-0.5710564892012534,-0.5299051736677037,-0.4932832203998218,-0.4630129900291502,-0.42915175220830665,-0.3804103157797587,-0.3189174025528392,-0.2502354630910448,-0.18710091159682724,-0.1419749383707582,-0.11955520857209344,-0.11989683447253081,-0.136088063654209,-0.15850662831969492,-0.1802186624600682,-0.19287078547911887,-0.19772205579788704,-0.19809153440814464,-0.19219357000680626,-0.17563712944643128,-0.1434423220006496,-0.09648545260570071,-0.04591631881003697,0.0009344634847682296,0.037201208071534785,0.05911177098568719,0.06740724139042877,0.06866000010234931,0.07981008162376424,0.09952856586387776,0.1225617583056078,0.151756309346771,0.19227947980341809,0.24639249187631537,0.31453263431150313,0.3906957405127736,0.47469808141223235,0.554176304777482,0.5982313070759874,0.5882923494824264,0.5386085236977278,0.4901733747407673,0.4754712115263253,0.5073761160905799,0.5599133576492702,0.6089363970220434,0.621837009325903,0.5987410122592464,0.5350683385569143,0.43792927124854664,0.34057626533319024,0.2783618864618573,0.2525619937133088,0.23789167933200706,0.2119999125390544,0.17724181281755352,0.1435271489246224,0.1175636260671623,0.09830427299921074,0.0780537076587801,0.051631401336803086,0.01853415425473393,-0.017171222483902866,-0.046858470898792436,-0.06834710529162752,-0.09030339554922995,-0.12465921088366881,-0.1776446807273924,-0.23708357112326126,-0.2739657737823443,-0.2783882456049064,-0.2654133489787017,-0.2615199369845307,-0.2848659359788946,-0.3235681649620649,-0.351569293473483,-0.34583360855610895,-0.30473770867283456,-0.25616729278247413,-0.2185929556917198,-0.20341976691078045,-0.1958298909035896,-0.18552154384642222,-0.17495526719161977,-0.15663550782315644,-0.11932440203979126,-0.07512098410071967,-0.03601756662991934,-0.017461833338803443,-0.029819513703375194,-0.06890175096506458,-0.12006669130108245,-0.17044427735071446,-0.21203835284499067,-0.24048455523158535,-0.25429428390885667,-0.2619465410543989,-0.27285309857882983,-0.29238067700629844,-0.311537186462275,-0.3192926826739149,-0.3087400683558796,-0.27954449387865077,-0.23714741796389502,-0.18814124320195647,-0.13553272746980327,-0.07953248675848824,-0.027900602287629448,0.013780001624751919,0.040069075458603595,0.0593386281168207,0.07987275104443917,0.11100791373765596,0.15585025372414837,0.23223556454196498,0.3374766945242177,0.43690689564604734,0.4640140523663257,0.43951834424588815,0.4097270446697577,0.3945510363814116,0.3975948775908869,0.41520809793630387,0.4289232340875421,0.4181608865530571,0.36743658075114927,0.29433107947161996,0.22476835830834924,0.18273636737973856,0.16690718033985566,0.1726140418923941,0.18871480473078217,0.1973276560167158,0.18671806924836215,0.15681111198101264,0.1198609392245716,0.09509372090235307,0.09139274108395898,0.10626438098340167,0.13291494280593621,0.15749153975525307,0.15916781808718092,0.13649699417448904,0.09806284241748585,0.047815878304402835,-0.004462904895033678,-0.043256167992221504,-0.06993213531411815,-0.09887537910295628,-0.14196548377315474,-0.20656670581138808,-0.28084132896362096,-0.34333843257619956,-0.39442591802415433,-0.43230318549194147,-0.45179184969031616,-0.46045085355835175,-0.4673522068808774,-0.469538900465808,-0.4765210602628837,-0.47776990548650433,-0.4561824854347065,-0.40758407485096404,-0.33941631177291975,-0.2735982488117863,-0.21999691708525937,-0.17714180878860453,-0.14596180121745972,-0.1283852410114419,-0.10895879939641921,-0.08407690039841335,-0.054125107347627814,-0.024143300493125342,-0.006744227559742952,-0.0097538607834906,-0.030405900242938187,-0.058620339045873694,-0.08955305806842276,-0.11227612410427369,-0.11728885311783069,-0.10218155993406064,-0.07415971178717486,-0.04069650623234308,-0.006518473026510936,0.02530351084390108,0.04951780928346998,0.06111153419328992,0.0666273083947063,0.0707487943130397,0.08420942892804563,0.10624040718330503,0.12669700749206608,0.13681147284991552,0.13128719106832348,0.09698628054442042,0.00362746617884553,-0.14924389450380227,-0.23979388636647508,-0.18522238697799398,0.20561088129127872,0.43959545107628356,0.4874758067185274,0.5268813746491349,0.5483324710630699,0.523073782361399,0.3876154657850405,0.15672762740404472,0.002881998272766622,-0.036446752334552655,-0.012328480345609648,0.04352417329060945,0.10959379285705614,0.1680591773065306,0.19634104348620296,0.19300900390827758,0.16701165160080345,0.12266001498911042,0.07144677606592502,0.030223727002917665,0.008525478340111275,0.0008592997293929898,0.004970965863723089,0.029320283524365963,0.07173360520787248,0.11466681271826674,0.136593765785538,0.12901483980891437,0.09990797789119735,0.06600490450724383,0.055091306387933234,0.07274444860114858,0.0864441171208113,0.060729699269949054,-0.016189265208446196,-0.13427035857393513,-0.266589456873162,-0.37634271669506664,-0.43200950098366286,-0.390016767200645,-0.34507385864245715,-0.33064580285174233,-0.33269903100793424,-0.33513219778049264,-0.323582122387847,-0.2928594944533651,-0.2520734324160753,-0.2132161008562093,-0.17785725209191502,-0.14953008555027647,-0.12848005402141113,-0.1152750503018247,-0.11044374694440884,-0.10777913894538457,-0.09882868036677821,-0.08824809419888646,-0.07340886529166606,-0.04683474376737888,-0.009619756734784301,0.027844785196679087,0.05382632220886883,0.06112564778758289,0.041621395319463204,0.0034519963698150893,-0.028789989475309977,-0.02920872229817495,0.00024937618446526483,0.037788855024141026,0.0697213235651081,0.0993447770025933,0.12050306465062001,0.12824016128135188,0.12869996455058247,0.14555728141893728,0.18398523361897978,0.23738620401597788,0.2877324028926002,0.3243238318824523,0.3648048478884507,0.41417128164811473,0.4480159210223304,0.4233982800981767,0.36558588179227025,0.30480715248796464,0.24676018238627073,0.20418461143131286,0.18859686195128125,0.19480684093145403,0.19727628375505718,0.18135400681117542,0.14458196200536966,0.0873527944895822,0.022894784223797558,-0.03283700012698884,-0.054902705277682255,-0.04367555742294096,-0.02322045611614866,-0.00633124202689103,0.006614032446000632,0.01181841173848413,0.0047396579022331254,-0.015301468092837722,-0.04833185165088262,-0.08505998494230987,-0.11521609622587443,-0.1297216037558678,-0.1340577283091247,-0.14133055392487412,-0.16100250621722006,-0.19630854922297034,-0.23650224856820543,-0.26557763626092046,-0.27646088522727386,-0.2758510044686271,-0.264044725283807,-0.24662373123010367,-0.22955419224156517,-0.20004261490627334,-0.16444109515606617,-0.15374145761331345,-0.2033873603761665,-0.2980107730434043,-0.3597465195152952,-0.35270711889449186,-0.3072985360797293,-0.25083883489900377,-0.1984294831016426,-0.1484506490344135,-0.1106589349495418,-0.09626981365416752,-0.09795380680815219,-0.10471630484913827,-0.11937991327227673,-0.14299032951350824,-0.17201326516854917,-0.20211175114440727,-0.22868501149794768,-0.243791847851514,-0.2422450946371655,-0.2258808724797376,-0.2010217203048851,-0.17710063284036295,-0.15956158173355373,-0.14061681712491267,-0.11196179774641882,-0.07793395343191133,-0.041132386378424556,-0.012069191441707407,-0.0060540321782487985,-0.017238548727179465,-0.03295971106062161,-0.03412869966407185,-0.009006194455892989,0.03368116661131951,0.08940423609799338,0.1524703994113926,0.21032303950974407,0.24605708622203884,0.2680464043791407,0.2938299365820776,0.3406996889668234,0.40641781996918847,0.46269223070612914,0.4637441817672011,0.4295570793074669,0.3964864434080617,0.3743986015788175,0.35421711802383576,0.337477946950455,0.33373602113758616,0.34786080863763785,0.3727241594015103,0.38681115475175293,0.3705129796178305,0.3084012849720637,0.2142680493583881,0.1175286216962295,0.041085189663820715,-0.004735443516886423,-0.028294181608464204,-0.04731613224542691,-0.06990522647560389,-0.10240916294915398,-0.14419094762109697,-0.18907512801192142,-0.22732109561691846,-0.250472702213291,-0.2548618384679065,-0.2459328273015688,-0.228256787527104,-0.2205421198953344,-0.22618160316473002,-0.24336866946169905,-0.2700919201357944,-0.29847454398260753,-0.3217989931118587,-0.3399503178177047,-0.356489110101299,-0.36906173484020105,-0.36954591265640585,-0.3551735957300286,-0.31512089033093754,-0.2128566198566332,-0.025712482367293545,0.12747126917463225,0.2442240069733667,0.3675504363673905,0.47058524174741473,0.513834976057198,0.4861923471430285,0.3879766109173634,0.24012747799754042,0.09587311195216774,-0.0017196214053117555,-0.054998825905660145,-0.07921666019821066,-0.0812012655722271,-0.060093755197551356,-0.023447353185428177,0.01396013541401711,0.040420661376530186,0.05390794489450254,0.048473609920473504,0.025924077297377487,-0.012058521703031642,-0.05258035597036715,-0.07536139758175955,-0.07709845596946051,-0.05820708191748525,-0.027344614583668242,0.010188329507596449,0.0456179468949928,0.07302817719476626,0.08992763609926101,0.11173034890068925,0.15609287316824177,0.21256531836305564,0.2632801921418904,0.29586936623808024,0.3130276188510342,0.31643856180842256,0.3218647259469829,0.3215246676902955,0.31231000379412766,0.3071585815451754,0.3100428608008519,0.31226210496452256,0.3025888181803501,0.27245222041816725,0.2296982761056587,0.20143469278024617,0.19394749073599862,0.19927684190544623,0.2084975376069966,0.21499157320564186,0.22199071533488848,0.2307862995007128,0.23341213469123157,0.22956911919073464,0.21865729522530158,0.19544126555347408,0.15473919995738888,0.1055040527872049,0.054972132007695775,0.019203868847793636,0.007323540644823173,0.017631880279085695,0.01751348510079559,-0.011783620997687242,-0.07911696017057344,-0.16885542608067217,-0.23877476523125296,-0.2649889381746149,-0.2545381206831862,-0.22711588023777513,-0.18935271742762746,-0.16351615589688534,-0.17297288321245297,-0.22721439948102967,-0.3099208225418671,-0.39801493264693194,-0.47013321971710215,-0.5136662931394341,-0.5186771870831969,-0.48017778047456167,-0.4379943536402634,-0.41852452144811536,-0.4203056190811985,-0.43790589372830435,-0.4583015111864926,-0.4646930440690127,-0.4439928148006874,-0.4000158514273549,-0.3472785634993369,-0.299776249861275,-0.26374218009299527,-0.23618856321581738,-0.21797792907233227,-0.20459332393240962,-0.19217767840395636,-0.1809656496612379,-0.17043552542573648,-0.16100069361707076,-0.14610672833658306,-0.12004549672825471,-0.08026008506220626,-0.03310395081293803,0.008148539456472266,0.030516586557018863,0.03541122355049803,0.03814576710230199,0.044034645256569624,0.05459713319152768,0.06424401296442744,0.07203187684877435,0.08215615909864556,0.1017879427861174,0.12879485738561094,0.15871037514643688,0.1931891010927451,0.22526859550096362,0.25134112637790523,0.2664372639135609,0.280799579918437,0.2994180390969089,0.32662356378505647,0.349791011682195,0.3462090571945841,0.31877134110682165,0.2786872414180595,0.23283927996953865,0.19796694004304513,0.18294884971951203,0.17805726883720555,0.17692590227382565,0.17567658361175606,0.17024896158247338,0.1606202304307501,0.14498320578597143,0.12520476759226526,0.10132934409498137,0.07581590206581022,0.05277082097756528,0.03782302355984986,0.026919965202010926,0.020052817771134795,0.015835648894751076,0.0036461757103583474,-0.02001474779061295,-0.04443086539202822,-0.05589403583344612,-0.05211307017428826,-0.052212107368350656,-0.07797495049090072,-0.1408239208483709,-0.22479175386834802,-0.2892422960520121,-0.3138181649150005,-0.29329312513664163,-0.24789842268334603,-0.23424347934534714,-0.2782442391889875,-0.34439934223083046,-0.3908591262579687,-0.3929982059643847,-0.346201175484395,-0.26702576944023393,-0.18974839310371477,-0.1359362552319184,-0.1045081126678348,-0.08638047729791855,-0.07651282644137665,-0.07382422531613807,-0.08340928542518747,-0.10549594493875507,-0.12967963068048843,-0.14831576095549714,-0.15718529990791086,-0.1558790638857363,-0.1430897107780571,-0.12640233717154628,-0.10714246911823208,-0.0792823622851812,-0.04520705916748085,-0.00950300336903442,0.01981371207913089,0.04444516009203306,0.06434938771905131,0.077208231132635,0.0813545848861616,0.0805030887614861,0.07500997959444099,0.067374649189068,0.07131106472646796,0.09468604704456592,0.14094153133551549,0.21606611012262744,0.31190345845015455,0.38540400821564214,0.4138186230323424,0.4103841333041151,0.3802233443581847,0.34540884972223745,0.32015032964466816,0.3077871398986099,0.2913490641778355,0.2596596100936763,0.21227473190120572,0.14156703115309818,0.058841846075944046,-0.00621011274817314,-0.038166456172116066,-0.03709443280029113,-0.012244289278238243,0.020972861492581606,0.04755746061419519,0.0541239728140493,0.04350434503598795,0.03052333781702828,0.027235692282121107,0.03483699986231475,0.044033594216666236,0.044287471370304136,0.03931120350924605,0.037764137950502506,0.04553406874732378,0.05993434091888848,0.07089207200946192,0.06667538037033377,0.04713553030152387,0.008728373832382548,-0.04608172104412949,-0.1098865880871032,-0.17786434120203287,-0.24760526664092616,-0.32357079436478176,-0.38993865244078285,-0.4304296961886172,-0.44022621850442056,-0.41734216054234136,-0.3505662032217308,-0.27345447071844803,-0.23359181314489705,-0.2375185504572746,-0.26768295195987124,-0.302283834465479,-0.3282919967411577,-0.3375244414781453,-0.31923768531620905,-0.27106957780563495,-0.20150301286587421,-0.13756731544360293,-0.10482142147596846,-0.10500158289116934,-0.11699516777575905,-0.12345563414746898,-0.11619425182164625,-0.09240870679846026,-0.054475689824939895,-0.014820927392255415,0.01172173395048025,0.015225020237552296,-0.008810902500504599,-0.04908124870237969,-0.09023462889264766,-0.11679702985604107,-0.12524783652897276,-0.12408372747325859,-0.11000168145867274,-0.08881464739224747,-0.07160617577528618,-0.06405546556110624,-0.05837755734969579,-0.046223541194076186,-0.03162344757986807,-0.02592332149171316,-0.013647174828440476,0.00820438470408803,0.049075894685065416,0.12627561036729418,0.23320698813604204,0.33801051100964546,0.4206352173693065,0.4691744859655163,0.48207518075180594,0.46800982719239886,0.4305035402769093,0.3806652420040215,0.3284609739444938,0.28727683012230154,0.2594635563061637,0.23958210855750198,0.22699444712092118,0.2195385803033276,0.21019136810942973,0.1912452092212047,0.16268783282442775,0.12890755218632918,0.09610953720355714,0.06863677340421184,0.05071902592082263,0.04191005939633069,0.04018789349687414,0.04169390670113331,0.044846022652932985,0.0474821111922471,0.048031252102302587,0.045366103122631944,0.03907535255006103,0.02798825232230668,0.005611877024621893,-0.028140786520132806,-0.06836332813737651,-0.11251699020361762,-0.15725549135051214,-0.20192517128840343,-0.25704523522647743,-0.32099293131244594,-0.3952786094540458,-0.4723772576096147,-0.5256256111873558,-0.5145280283274067,-0.4462684782478269,-0.3984729108003213,-0.39086438637375576,-0.40418651336862726,-0.42028000142751615,-0.4205205321464928,-0.4009166483530561,-0.36374411619079106,-0.31079309871422495,-0.24975038621986426,-0.19309887287458044,-0.14874349563136233,-0.11505368302748767,-0.0903495773257037,-0.0773173924832902,-0.07204981779732622,-0.06585542668511732,-0.05396640503073079,-0.03867123855388942,-0.024135497343762427,-0.006473238184902777,0.011263603188264476,0.025828376130148968,0.032412884595485296,0.03650002645165076,0.04892654380768179,0.07413830305869042,0.1040712079667761,0.12068163184328339,0.11654515865252145,0.10999592225463327,0.11272637833486054,0.12198875870610788,0.13700237053194156,0.17090458493140182,0.2415969351487502,0.32017602746038343,0.3393272082164666,0.3040467357391867,0.2633053165331998,0.24767131289494637,0.2610877677381678,0.29254541939146184,0.30692524781485475,0.30176493554247963,0.27987702788500346,0.24771819575636894,0.21931143379545773,0.2076922941761378,0.21022978690491184,0.21708427810905262,0.22298325055387894,0.22043785461865467,0.20381468758674628,0.17875966537605376,0.15323992378017345,0.12604701520086925,0.09962152485621821,0.0768904990002221,0.05608909184830434,0.0380230110634933,0.02318876225098453,0.0104109024038229,0.005542185378663132,0.008544073112823418,0.016713449644696444,0.02484286569281824,0.015548720992093085,-0.023540652961210246,-0.08750250054006803,-0.1494197313142346,-0.19738543777080528,-0.23106671441863677,-0.256093958392438,-0.28321143717040925,-0.3323324713509897,-0.43898640835135944,-0.6136378538517888,-0.7567644372031674,-0.756880251742494,-0.6475167187703613,-0.5100623757010232,-0.401531956173759,-0.33650401444313205,-0.30677333361070835,-0.2980704480886583,-0.29453937630224064,-0.2845384859564434,-0.2637184372268893,-0.2416935585903366,-0.22570310844058641,-0.21411540670100412,-0.20235631484035782,-0.19015790799417462,-0.18249786924590788,-0.18345938708064052,-0.1941253352968238,-0.2065958002018905,-0.20886066464021408,-0.19711271961396443,-0.16926340212685176,-0.1300542694708889,-0.08729321679638165,-0.0519435238895237,-0.03208182369597702,-0.02051702995301545,-0.0012454742670849012,0.024056376803876105,0.051671856271549556,0.08941898811601573,0.1535965005724961,0.24429675999586717,0.35489407648331156,0.4941212183087975,0.6390669821785286,0.7066516084246008,0.696008146874092,0.6593078424748565,0.6161686269346281,0.5660443231729156,0.5070841700630929,0.4344762728892802,0.3659451501495169,0.3215348020002138,0.2934622950402105,0.2722270244447307,0.2486368319084139,0.22054219291050217,0.18741227714413866,0.15080399584284007,0.12252685422841735,0.10557355225366206,0.09822924827548181,0.09177438416713946,0.0882890313943797,0.0912750310542896,0.10150544104469848,0.11688909095393443,0.13421062246159315,0.1508733251413847,0.1651937961733929,0.17336698070863035,0.16983965258695868,0.14857128686137128,0.11411201846175346,0.07621022216138555,0.03654219709055697,-0.00950286064594286,-0.060509910811927664,-0.11725472005535115,-0.17092296956960903,-0.21784308130060145,-0.25713392653575146,-0.2967003315046957,-0.34426340365450797,-0.3895918306035991,-0.41158988736409163,-0.42756432220471186,-0.4441976860677962,-0.40413805092181926,-0.3205838702133794,-0.2296479838172054,-0.1411207920468492,-0.06983218047866818,-0.023833631025479113,0.005664679556864714,0.03221563054933686,0.06847193659754994,0.10795675087965012,0.1420292384253783,0.16728490688889378,0.1862904663211417,0.1906281773192884,0.17466530124538363,0.13477135195960657,0.06868811802923805,-0.02462446189709212,-0.13467782472609616,-0.240621170172836,-0.3264648213029548,-0.3845444176092775,-0.41617331967569426,-0.42874551535417743,-0.42924434149661106,-0.42222255290159116,-0.41183477269838303,-0.4008096536666769,-0.3872287169039491,-0.36067098822931537,-0.3125162679285989,-0.23064543755282166,-0.10937687663880886,0.05228121697760866,0.213507451720258,0.33094505888731424,0.41189489914914773,0.4746070792643305,0.517638813274584,0.5410035699262775,0.5439002322297467,0.5267042582840996,0.4940829352238753,0.45492396872376123,0.4206443522280661,0.395818168429304,0.38987053997709326,0.4090757322241065,0.44288501598547664,0.4791796807324923,0.49661127981303327,0.4507477371691082,0.3271654286427761,0.20337791378699574,0.1809488728225953,0.20891772115708426,0.23325090444618665,0.2484206168194716,0.25771059042469807,0.2615475916240611,0.26133893060469066,0.25506158968018516,0.23686243423226835,0.20300539046069693,0.15896210564949204,0.12109092874650555,0.09965893347178423,0.08816542055961446,0.0749406586403332,0.0517961806418216,0.01875191703046812,-0.013361374588558591,-0.04549621745505425,-0.07612626346707062,-0.10020001663486579,-0.11707943079071427,-0.13167624951988366,-0.15030083163390173,-0.1803837539555219,-0.2319201772268428,-0.31135844855869216,-0.4164921365077628,-0.48445494923477034,-0.4819811909608031,-0.42934357280083646,-0.3661284498614875,-0.31832735223271535,-0.2867275737426827,-0.26558119261246566,-0.24985261626299968,-0.22945946000402842,-0.2152558463111676,-0.20264454050531355,-0.1884593163075054,-0.1745639894686261,-0.16975321870133003,-0.1730291472460014,-0.17414788768881573,-0.17353968989410462,-0.17306797620801584,-0.17242288405998882,-0.1619864651530652,-0.14297849549073846,-0.12066250112765126,-0.09861950285176643,-0.07780571032182852,-0.05752941236999173,-0.041911598237441935,-0.04025181544399152,-0.0493798904537086,-0.05778027951756903,-0.04941425223745886,-0.023529976678497766,0.010371533530055706,0.03564601329262435,0.03388758977301984,0.00714647757403766,-0.016744644450957406,0.00933216998472271,0.09544154976779569,0.18660117801029247,0.24353262223750613,0.27639224293437836,0.2903200247017269,0.28577835364830706,0.26139878877135275,0.23768815768927168,0.22626103343083773,0.2230968631194316,0.21813334943593768,0.20211704009676318,0.17309098486168514,0.14040830322996334,0.11256864358298226,0.09297096121817496,0.07658600261786042,0.06333797036914293,0.05564162504432379,0.050065537493722875,0.04175576108268086,0.02747729310879319,0.01470364852194442,0.00048373022391940643,-0.014832426893531274,-0.029140808004359066,-0.035461903993223944,-0.0296379431139399,-0.01610609892318964,-0.010544396264138205,-0.018918343852857584,-0.029439736932642614,-0.049923527121814894,-0.08349178092493335,-0.12305325035539166,-0.1610871271299576,-0.20085123791054674,-0.23619455714097012,-0.266851625837094,-0.3016905174989341,-0.3510047020953591,-0.39393781554758817,-0.411478115483915,-0.4067070610785654,-0.3865319594748745,-0.3554732849477481,-0.3143685588675306,-0.2686892821379387,-0.22776534570400722,-0.19545500185357065,-0.17980172379718395,-0.1829504936534941,-0.19331525716232004,-0.19837297852728777,-0.18638334404859763,-0.14943767462851054,-0.09908781592823643,-0.058594605967718566,-0.03602852409324164,-0.03315848142580926,-0.03801359137581197,-0.04283416835463881,-0.04985443253190812,-0.05572124303145104,-0.05582902994757669,-0.05139191816450348,-0.052661342270293815,-0.06267156925119259,-0.08003987667682672,-0.09688752628138737,-0.10751271192812584,-0.09575672097773422,-0.05819709344131094,-0.012764579971111393,0.024203998827133234,0.04925925879098526,0.055016694670487275,0.030499493226255767,-0.028679583500335216,-0.10981821884117289,-0.18530752286227173,-0.19353755026812264,-0.11161435437846165,0.0004309202022910714,0.08277159515928444,0.1248075303543412,0.12617295008788057,0.10956212887196878,0.09546698559113583,0.09314455199156799,0.10877009094562737,0.13724895620301106,0.16313439374179234,0.1661196503033422,0.13944624192032148,0.09714354096104239,0.05408460214302895,0.019591506705492333,-0.0027759161978093963,-0.006301692101139472,0.00979545429914389,0.04718842026144169,0.09540636324075386,0.14191035380188066,0.18985448208509192,0.2580187218809646,0.35763844544501844,0.4667319549415882,0.5540676657274382,0.5939015766320301,0.5799952726625641,0.5125060426213255,0.3956861018176131,0.2319898077222103,0.04261085667909545,-0.1402793361058261,-0.2952149562012294,-0.4093155010358147,-0.47662425207416176,-0.48897574741810884,-0.43810611835439606,-0.3418943934257237,-0.24225289208561337,-0.1786021999608418,-0.16005732079953755,-0.17654134586452774,-0.20257917905490186,-0.2228658084997994,-0.22658790923818478,-0.21495235650985026,-0.20559530248765692,-0.20210737715522611,-0.19827088217710281,-0.19125780441236195,-0.18167319330186102,-0.16638763737400322,-0.15134307184561727,-0.1405371426351219,-0.13832846971553797,-0.14638214434886365,-0.15840872541939516,-0.1689485576659083,-0.1747071544834559,-0.16585301512629239,-0.14420335208852839,-0.11546801978714812,-0.09198904847509966,-0.07898756652210408,-0.06948202275135024,-0.04610426713400053,-0.009776452131358937,0.014808981522465074,0.024108451332432116,0.043920905621212585,0.07933978934609458,0.1182259765241177,0.15724225554957041,0.19853951813298107,0.23282331178628107,0.26184077278840506,0.3046380129059551,0.3494654103928902,0.375785479070156,0.3775283752985323,0.3533930187659207,0.307914255817229,0.2649747467397376,0.2439264727564801,0.25350989321300293,0.2540850629705806,0.23521173652857244,0.20426919932229134,0.1483319943443915,0.0729444592802892,0.014786963670822691,-0.002464092560372347,0.022222799020008108,0.06603153045516134,0.09775179258357729,0.10738312140234998,0.09401555493056556,0.06761317553723993,0.0410491581408072,0.01618970937754302,-0.005666183512693028,-0.02721925283280775,-0.04879082376278992,-0.06198018062413224,-0.062040078649396875,-0.052475068789678066,-0.043877843368813146,-0.04680480494495311,-0.0689881683793221,-0.10333634615307745,-0.140607579439584,-0.17046892345375186,-0.18603279885931717,-0.19381783918826115,-0.2011875646615536,-0.21055606096582682,-0.22487430205147108,-0.24436438958804887,-0.26409191037847757,-0.29085195628264243,-0.32844187638416156,-0.36593095658774527,-0.3787894213541509,-0.3550317634189059,-0.3182180430698858,-0.2839114073189413,-0.2584352535481067,-0.24416215026508095,-0.24516981557527612,-0.26414753448422584,-0.2976586353681573,-0.32620000736377935,-0.33906988639859104,-0.32890348119892665,-0.30072440424229674,-0.26088477638642316,-0.217681888905998,-0.17581018952651115,-0.13925955451645672,-0.11372809522386922,-0.09542915247184457,-0.08518962987507063,-0.08270136037548627,-0.07899657758237931,-0.0682657436578124,-0.046533453403895676,-0.010405424068235459,0.04206771466621761,0.0911597932058909,0.12557727462468787,0.14613828088247122,0.16291713999888618,0.18432282683813167,0.20687195045268958,0.22829512136967747,0.242542360267938,0.2439569688024998,0.23580766448661963,0.2410566741134062,0.2968493206634043,0.373802283933269,0.36842509886787267,0.3304760733103727,0.2972285487203539,0.26495714619193367,0.22663219765833043,0.18801514196413083,0.16078510447271346,0.15883932722753383,0.17752761627468996,0.2047943587411246,0.22592959184693698,0.23269739790454946,0.22303120594129186,0.19979698305813282,0.1671287734132647,0.14222835050662574,0.1382326457830606,0.14975496074476932,0.1591588263463261,0.15281603868727583,0.12087353616659408,0.06048417256748382,-0.022181341786832922,-0.10589699382601127,-0.17319897881660481,-0.21771331209097056,-0.24247968134719008,-0.24865154228020678,-0.24592812333909364,-0.24357137208057872,-0.24599579938239624,-0.2496941690047151,-0.2544521671131238,-0.2501350218161033,-0.2035871047346004,-0.12057491621559543,-0.03658413034561625,0.040707037998318395,0.10342319707752987,0.13602993149456336,0.13364294213347996,0.1120144286411519,0.09026272735504375,0.0671883793152104,0.04009220997517114,0.017108597262108494,-0.008277731857459952,-0.04742364227070203,-0.09521587019137068,-0.12787774489788015,-0.13212715236676437,-0.10492950855340949,-0.07013894967904856,-0.04923171120426698,-0.040535632916493265,-0.03217910423231609,-0.02062797320835738,-0.003739952166498824,0.018769109097393162,0.04427628890644477,0.06421754267924694,0.07323851973530496,0.06521451440617432,0.050852139608306646,0.041591260651796094,0.04708425420735692,0.05741020653733821,0.05717161667756849,0.037269420985401626,0.00024784929155656206,-0.03660879503669325,-0.05821870516643602,-0.05832867697651498,-0.05658833431726214,-0.06182222293933531,-0.06348394577129902,-0.05332402298533551,-0.032122866046533305,-0.00814247867854723,0.029009296613025457,0.07889559188347298,0.1279220758809632,0.1468010368011703,0.1452088465225266,0.13860012475562483,0.1277883773552013,0.11286454796903872,0.09787211620479506,0.08524646003555593,0.07682516436325906,0.07259863613537312,0.06626510067441745,0.051034121609077304,0.026414716528762403,0.0024241984897370433,-0.01576036086027281,-0.024180976116452813,-0.023118302921987605,-0.017598759895759913,-0.011263821566819408,-0.0054938075268713615,0.0012368934342888928,0.014141280144776912,0.02503003157687592,0.025742391341495672,0.014410866877525817,-0.006567007840710414,-0.03399679077696077,-0.07296687631842896,-0.13742585692624082,-0.2273951516753625,-0.32271196818806774,-0.39678170121508977,-0.43049857419488774,-0.42015477894696895,-0.3901504274786495,-0.3653746449579495,-0.3555628982646306,-0.3511490788709821,-0.3426202597125409,-0.3298869054645591,-0.312762866423105,-0.2928044070226402,-0.27150792986667227,-0.2549746349187462,-0.2403724400095173,-0.2249606599149327,-0.21015243610577639,-0.18991945310331332,-0.17307689520417305,-0.17748955306327682,-0.19192726009179614,-0.19621158711381267,-0.1784713947151275,-0.14534003656185626,-0.10593661728870316,-0.07489887001286541,-0.05298400154680904,-0.03889795487994044,-0.03165524496138463,-0.03715367616879219,-0.06094432665942101,-0.10519875890471313,-0.14894848946462755,-0.14979232350209118,-0.09055667849503653,-0.008105896994965528,0.05520703492669693,0.09000960224874159,0.09912999226079118,0.08586283611640598,0.053466542434831524,0.0022919952806298473,-0.05683791120441133,-0.116618083704663,-0.16278701050060856,-0.1841639125671235,-0.1593274135299999,-0.10376743281737348,-0.04414962414456447,0.016217391716154304,0.0751077718735223,0.14524534272922587,0.23612696107853953,0.34024294369095326,0.41567563325405377,0.43642349973941097,0.4097964857394091,0.36533740593957054,0.32846880529349154,0.3066079557061683,0.2918916652249788,0.2716885598662577,0.2421714051214965,0.21007756787794893,0.1856056373487613,0.17414471966061038,0.17158233629890238,0.16929379154510682,0.16721861848507372,0.16548367103397033,0.1614738229150902,0.1527243914236916,0.13597279011859675,0.11438613108653653,0.08662068474506594,0.05220212570484917,0.0123593216534949,-0.028626549809040693,-0.06077308177470722,-0.08071918431413194,-0.08845616158054671,-0.0949996550733852,-0.11167553498374175,-0.15188754728181542,-0.21631254208262923,-0.27638877591923283,-0.2973456156028068,-0.2700991530730942,-0.20813752608137379,-0.13906931599883954,-0.08065389837761956,-0.052121280659975205,-0.061878009593688756,-0.09966455853582654,-0.1468996428574254,-0.18753850166973712,-0.213460562068356,-0.22257578782341728,-0.21498015542537988,-0.19917734726115627,-0.18777104434118091,-0.179333554697551,-0.16458925712125222,-0.14409845786343556,-0.12285687175708233,-0.10612963276824876,-0.09609725203426529,-0.08776372512725779,-0.0734528224449268,-0.04672415516110135,-0.013255929114426246,0.023311425430185145,0.05614645249684246,0.07687294464281827,0.09492000893082524,0.11625549064215862,0.13797603002517125,0.15294963951513382,0.1622430820671398,0.1732342058069786,0.19285268548150086,0.22286288252953776,0.2543502183765243,0.27858415160627314,0.3002626879327541,0.33046110376596377,0.3550200573026587,0.35744775378973187,0.3378161684346461,0.30793291056484645,0.2737985114746608,0.24883055517915928,0.226403122201355,0.20689416631159763,0.18815355535413938,0.17136507272589652,0.14401623555517704,0.10778506819536772,0.07335606268294464,0.04930718654908777,0.0379018139872204,0.034868855076220194,0.037316636942368496,0.040007678902261895,0.036954057752762566,0.03011270501751417,0.024683256106900364,0.02285811193752033,0.02342563178553449,0.01760420896208302,-0.004491518062400535,-0.038098496248949947,-0.07352124617097792,-0.09887725302575257,-0.11519302543359955,-0.128234352450245,-0.15878359221302424,-0.20995737077645815,-0.283091772622764,-0.3788178728244534,-0.485891588119402,-0.5703269237444046,-0.5953269599684355,-0.570900397358443,-0.539512086978452,-0.5094361329355969,-0.4842211190501631,-0.457498411411384,-0.42758545595275727,-0.3917253964711139,-0.34305565059646376,-0.2825177279806502,-0.21939876250103962,-0.167168636775095,-0.13119451148690947,-0.11418199335340831,-0.1260824785362952,-0.15872849991771215,-0.20158661530655292,-0.24527457891187796,-0.2739863187901736,-0.28129648400763885,-0.27444371680676505,-0.26181565596905965,-0.2496339297707383,-0.24335563166955657,-0.24120782492299592,-0.23290634099219898,-0.2157577582544902,-0.19215132586619094,-0.16507611390704802,-0.13458291483662238,-0.09627661932878546,-0.046380564925657425,0.011874133128958226,0.0697183110623645,0.1250331499632055,0.17341877603447559,0.20491188390619988,0.22127650571525814,0.2494788511484566,0.3049176219339161,0.3777333478482739,0.42645644813493744,0.4444023900870133,0.4606014916982489,0.4708377291532759,0.461101100260581,0.42218997059645075,0.37092166406978766,0.32733008022257687,0.2958023983513743,0.27741897999446,0.2673436088901876,0.26794083543876696,0.27819960947311756,0.29065014402040934,0.3008857883855119,0.30241626767259916,0.28283528841611066,0.24395724385983283,0.1964276959763249,0.1533243220584476,0.12523184620014544,0.11578982570612463,0.12333382794888706,0.1302954894637825,0.11825204411106291,0.0776847514750461,0.020685647596948104,-0.02484276103731075,-0.035876232617415474,-0.02237877901829892,-0.008991073090238465,-0.003958485426085892,-0.011585078227482582,-0.040088850242236226,-0.09528984569410115,-0.1689763074005038,-0.24432042323299133,-0.30541669872848903,-0.34492363083606625,-0.370158324864446,-0.3895433176990789,-0.4133695712379561,-0.44313114616664356,-0.47349787104507857,-0.47811020663915715,-0.4260810612750009,-0.33177458449180103,-0.21692017434650293,-0.09289462808132488,0.00039678290662148447,0.030077873343047918,0.016819496439762646,-0.01403771425471006,-0.04598745397148011,-0.07806609308922256,-0.10587056218014583,-0.12985184727159296,-0.14691399551154727,-0.15488593075052365,-0.15250978260896492,-0.13648370808540472,-0.11013979035520914,-0.08440813929331148,-0.06854212039312213,-0.06291895303318515,-0.0626910033079632,-0.061547283397832345,-0.055908392994685405,-0.04862173218390391,-0.04507519923172384,-0.042870202942599155,-0.046173475887363556,-0.04211801937780142,-0.013330107766017585,0.03930881971611077,0.1037513290868413,0.16468577358096406,0.20732200806688073,0.2204329579737497,0.20837164655289855,0.16368147018431223,0.1323322152916082,0.15958728722083929,0.21179839541715764,0.2223026658009959,0.19895660757285458,0.1597968796262813,0.12795543576491147,0.11630010824909465,0.11363871777447988,0.11188911183355778,0.11518596958177486,0.12282791730794516,0.12890735128244366,0.12943264614565667,0.13035278710382758,0.1281501174984693,0.121360742569592,0.11548787490429638,0.11276265798044437,0.11390136772302602,0.12106960121488682,0.13216546529866385,0.1408010087810364,0.1417341788261073,0.12982191075663402,0.09867463682754245,0.061701632765062575,0.0352991581233635,0.024625376775447735,0.028733747123571473,0.03649225786432841,0.039527153567093534,0.032363900768724176,0.013925558774774277,-0.01715476979528483,-0.0526903372901469,-0.08552150728129192,-0.09886279277596878,-0.08754095008258625,-0.06086694311118902,-0.03887162104569518,-0.04982307634521066,-0.10647039100334833,-0.17490958945455293,-0.2238407988693656,-0.24602945012957986,-0.25532203794233943,-0.2500125865061059,-0.2344504190244987,-0.21421479555371656,-0.18812854460054246,-0.15401095987185862,-0.11919018374905783,-0.09641276026413124,-0.09167523397502146,-0.097617202703654,-0.10446278799432114,-0.10143785367741177,-0.08680107560630292,-0.06608312498281199,-0.044946617734356695,-0.029920418627870964,-0.025368276526174426,-0.02995952893995518,-0.03587825211242617,-0.03975925003375446,-0.03863692888880403,-0.030805950680425097,-0.014841282777046088,0.005369862340113226,0.03172641469615548,0.05411757285273166,0.07802885022717335,0.10857559297987822,0.1450501632509,0.20911676869017465,0.30250722883019465,0.3356282035795869,0.25609670630839854,0.1451102631735223,0.07746244648486249,0.05705671696441362,0.07591790114041774,0.11104463628176471,0.1353975345950897,0.13579766162486753,0.12144078155609113,0.10443260688397495,0.0891470638210923,0.07963017201816634,0.07450644495094493,0.06959677438336684,0.06697481075967411,0.06289806239423591,0.058631424831021406,0.056086036813623445,0.05406214582923888,0.054168512805490655,0.05614331237564301,0.05793714278426503,0.05688941761272726,0.04846070405962517,0.030456624278187527,0.012525369252906399,-0.004595134880824253,-0.019945896407224918,-0.03405761017137514,-0.043801938473490835,-0.04607615659408814,-0.04709682753963891,-0.045327050375069865,-0.03634807748495456,-0.018104275558082458,0.004155719079916245,0.015491587453084347,-0.010779121029537304,-0.09551276464212471,-0.2273023428283548,-0.34595416498737275,-0.43576803703229056,-0.5182369024179933,-0.5957420581198485,-0.6423684269108879,-0.6496006306110562,-0.632929688401873,-0.6007530834438713,-0.5459564101246112,-0.4617236331019091,-0.3613134314646733,-0.26864153373544436,-0.19568906804203662,-0.14107216957321353,-0.10351457747226815,-0.0821154071532396,-0.0745040154788998,-0.06934628980701495,-0.060307545549765404,-0.04962782300984345,-0.04536382976681993,-0.04872406067550246,-0.055138428699332886,-0.055389260963809354,-0.04313531401507125,-0.017030113192129628,0.01833921079417397,0.05052936051121799,0.07165822368819691,0.07668116437939533,0.06563891764632654,0.04330641878996922,0.020882047895674535,0.007151834514165114,0.002492362055880871,0.019722611988348994,0.06398514529458343,0.13289520069508928,0.2065172892905054,0.27702205421714016,0.34052827402464914,0.38403978122874494,0.38278256600821414,0.36055229821329504,0.344246864199714,0.3535921605961943,0.3728695203186569,0.3845710690191098,0.3840538784526552,0.3718554888881169,0.3454468379524946,0.3095305808169989,0.25413999446539776,0.18585667770952743,0.11826879853368723,0.0689087659175916,0.045284851125480786,0.04994336245994615,0.07458359872646829,0.10991998085699822,0.1387568179807836,0.1514275124676993,0.14707965145229276,0.12953259416521262,0.10106651358568951,0.06729197809029971,0.032335390387910994,-0.0004566125152949031,-0.03694820253655864,-0.07755388536691978,-0.1170840812651387,-0.13743580124350413,-0.13718838512751935,-0.12985755751978934,-0.13278726230855684,-0.15599797778949345,-0.20326345880719918,-0.26564910278457227,-0.32924874855708974,-0.3789775075136835,-0.4016109861192397,-0.3813275103586089,-0.3286996431226764,-0.2729910269848066,-0.2388118979389447,-0.2300092861430302,-0.23955477528479394,-0.2498058800806474,-0.2555010020272873,-0.2517976966466675,-0.24001910242611496,-0.21957101303879178,-0.1853493053815105,-0.14659947937585097,-0.11807142732650866,-0.10924834886483006,-0.11404006843634124,-0.12739090965316627,-0.14515168401934256,-0.15537521846303814,-0.15615186159614858,-0.14801675568492875,-0.13033338256048516,-0.11257416408246877,-0.09652370673814402,-0.08387448763007872,-0.07456160678334393,-0.06552982895242598,-0.053249204269178785,-0.02954903479608502,0.0020831792298546185,0.02610547515565491,0.04153448807578207,0.059599586834994514,0.08402091256006505,0.1153521776972039,0.15827708592587203,0.20993335521361775,0.2672925507122682,0.3405028798871204,0.4129635052868003,0.4304387153141807,0.4097812826975594,0.3909104514008743,0.3891638511265314,0.39255725746098535,0.3920909363621044,0.37122166933102935,0.3299456796621925,0.28400778644427116,0.24148815402759374,0.2054936045499545,0.17290017450663436,0.15185831472240083,0.14583688906006756,0.1549084207564571,0.16273197252212343,0.1567032827867585,0.13771033352721077,0.11270233570512136,0.09793998161510108,0.10402099294872681,0.13070629930282307,0.15875870085692512,0.16464895881383837,0.13660181641590374,0.08062909607893719,0.001579793354461109,-0.0846018842772938,-0.16397569272662255,-0.2281067559119291,-0.2777320378224412,-0.3097277415763272,-0.3192185261953441,-0.3061815677596517,-0.2815792264688282,-0.2765405427773841,-0.3118743294780507,-0.37707120670014505,-0.44510524770349447,-0.5039291890531472,-0.5571163125151678,-0.6162224588396085,-0.6546906461210076,-0.5963203442554408,-0.42489071301974557,-0.2550926373408089,-0.15766155313544625,-0.13099215364198086,-0.14047462809939343,-0.15504134311389012,-0.1561065259385545,-0.15194244634832024,-0.15017591148738418,-0.14935466136138945,-0.14992648671896933,-0.14774629531520367,-0.13364931078128534,-0.10784781130056215,-0.08811581077556287,-0.09308343727882508,-0.11109470503295382,-0.12272384472665046,-0.11357028168296704,-0.08400156241209057,-0.04639011576030552,-0.01828909864917311,-0.008196361494067567,-0.0019632981750169805,0.011054584788639275,0.036375727738182796,0.06758665478355463,0.09719943321282773,0.11559827380229996,0.1280726240390953,0.14286696666255952,0.16437071127868177,0.1862875124405607,0.20314647398238136,0.21802843004686528,0.25667724047042684,0.34256801818312327,0.463124185612383,0.5573749808845782,0.5973899958610243,0.5940927080493683,0.5654528168476116,0.5148130200701007,0.4300078610562164,0.32139841593446405,0.24199538241354593,0.20712078522332297,0.1983073792728101,0.1866912498987298,0.15569554562421375,0.10878048230378304,0.06279369630609664,0.03551307261488668,0.02532641276240493,0.02510786960541511,0.02870252739264898,0.0398349933964529,0.05561664379388752,0.07072275114515306,0.07350899738424893,0.06094507651241128,0.04136801448463703,0.0275944891816143,0.02244069141445244,0.013583910799432258,-0.008248027166379568,-0.051073388800134484,-0.10203645543445758,-0.15192432781520104,-0.2006292235037277,-0.2483708831363564,-0.29168761364333645,-0.34074392138917353,-0.4011665160137515,-0.48443847625551084,-0.5927983208295993,-0.695926984825717,-0.7460284869174476,-0.7240416885403603,-0.6369816619955365,-0.509005161109037,-0.401354898992451,-0.3553909391079797,-0.351949493056584,-0.36549556991477156,-0.3781109051411647,-0.37782609129921624,-0.35196183141247,-0.30262156861661055,-0.2445563005818434,-0.19255862123585507,-0.15781931283270673,-0.1390524226101137,-0.1325455800490414,-0.13055685894915586,-0.12566322606751537,-0.12483154319717142,-0.12704352015897108,-0.12934593264903832,-0.13285187932360978,-0.13502559919070903,-0.12905606866774644,-0.10891233264109704,-0.07419222075334257,-0.030615466003562186,0.020084630659516392,0.07420841087677991,0.12726031933213985,0.17253538042677102,0.21161193859951455,0.23936900575039627,0.2514959978496237,0.24949192658891894,0.23298809499786602,0.2113625293399888,0.20831360649064248,0.24830196907214994,0.35431405273818134,0.4594999237059776,0.4975670444993444,0.48147618051354224,0.44258757270933635,0.39275784902573413,0.34438722460329124,0.3044934265532593,0.2784852518677083,0.25859468329948965,0.24089692266962978,0.2301873563247633,0.22763513919177877,0.22725648868217635,0.21885558944728922,0.20691760458843447,0.1903678311109125,0.1784056009395721,0.1725980114298643,0.17632022709082582,0.1833962276169238,0.18799936737895884,0.19159056706774377,0.19452632620118993,0.19835063124829072,0.20249355266460953,0.20075814425445698,0.18761231420453023,0.16872420991502912,0.14809831100727855,0.12775356388045583,0.09800541868571876,0.050734028121050524,-0.01700293530918915,-0.08757332976969413,-0.1563725970985621,-0.24108145163659395,-0.3443009658426713,-0.4204296192749501,-0.42968631238855004,-0.42138722581191956,-0.42215406266266564,-0.4422425922172083,-0.47380249371763017,-0.4934428586613688,-0.4740856961834593,-0.4370724124243576,-0.407498153763579,-0.38400910752462997,-0.3519266075003536,-0.3121622445554976,-0.2686800436047244,-0.23193911143792226,-0.20637101174782047,-0.19588612263120295,-0.19995436633231364,-0.20248193557294145,-0.19525987925660596,-0.17581483998244754,-0.1390802740428881,-0.09077844290271618,-0.043994062817364524,-0.015438800094869237,-0.011367482997941627,-0.02118615004761229,-0.031078101186591066,-0.031101928938298124,-0.02013424518707223,0.00022406074287072486,0.018785951686319722,0.02267487574248024,0.017696533833173708,0.021937239511241942,0.052994501580538096,0.10572240751895069,0.16016476267116553,0.1973386981081194,0.24087848385887992,0.2992152250365698,0.3684610591139728,0.4355280773726625,0.4451263892856196,0.29050789699285584,0.1419426641092089,0.07155735530287437,0.0507671176345506,0.05138154873637724,0.052861653856398134,0.047445867427430476,0.03192977198430367,0.0006019201212542051,-0.030796657985110554,-0.04323188115061721,-0.03687314696690489,-0.018211137738181945,0.002958250097445511,0.01701018541455211,0.021362773037528208,0.013887549583255894,0.0001705676445057724,-0.007900884496181926,-0.002680369013878507,0.013170660643003675,0.03681789203663705,0.06438105416057875,0.09355323749929392,0.13023137240281998,0.17460891076183122,0.21819977751950212,0.25144760957646256,0.26112618639200535,0.24199535884263207,0.19855373453496358,0.14039508761994135,0.07013591159828399,-0.0014951469709896656,-0.03848760432540876,-0.03869537037140252,-0.01534542182695028,0.0013987805998359575,-0.014582146173823793,-0.07498213902346264,-0.14939751030760648,-0.1627299435421986,-0.12238145935442582,-0.07902267627753673,-0.05577075220151572,-0.0510931289804834,-0.06555429158719102,-0.08307804182895738,-0.08865749488428733,-0.08862449476874887,-0.09431235829724603,-0.11450257529968999,-0.13878308455085925,-0.15755545598990786,-0.17228322186934114,-0.18421261643890385,-0.1926879338330294,-0.20583444663122247,-0.2285618341924515,-0.25424439608539645,-0.2758901225976674,-0.2850094098864724,-0.2763863779499671,-0.2475572088126231,-0.2049605155701286,-0.1613264718517365,-0.12333635612153397,-0.08955900099079062,-0.06215731928653405,-0.04812662978784037,-0.0453191113889205,-0.04820373136142317,-0.04332576369016088,-0.010894572133816761,0.06161873677425165,0.16513365224109686,0.28510724039615076,0.4311446971457707,0.6102938140849204,0.7850797556340581,0.890223921187622,0.8879817827575163,0.7720116079367039,0.5723717926538383,0.3688121279464785,0.22517532762174178,0.13914638229540655,0.07973382722231664,0.03135790518081669,-0.002295299090845636,-0.014491327758949395,-0.0034767821653541872,0.025054266542716596,0.05844772597346243,0.08932335157772914,0.11259186571646596,0.12627858323378874,0.1260660031847793,0.11404619261943716,0.08199564470922655,0.03132038054822413,-0.02656160038250983,-0.07819867746670332,-0.11541797881914047,-0.13937543081305265,-0.1604359878592977,-0.19301813686084043,-0.22404843676725084,-0.2351232522343963,-0.2258783146887726,-0.19944566945175152,-0.16412727469481544,-0.13491483631950946,-0.1248457777837156,-0.14939834548274905,-0.2857607752725777,-0.26329379950107007,-0.22329098861345179,-0.2494364539697107,-0.28003783905440016,-0.28970312958190403,-0.2823412761857006,-0.27395315890331134,-0.27843138109923415,-0.2987246719417298,-0.3222550360980748,-0.3361860983156591,-0.3344583668520776,-0.3261137936248419,-0.3169029496493468,-0.3178488278588553,-0.3344752185394094,-0.35737568311545365,-0.35995688053774677,-0.3298505235361022,-0.2743342309882775,-0.21341436379489637,-0.16878373154925877,-0.14456999845687057,-0.1344364674148708,-0.13152810853023375,-0.13513532358654187,-0.1352922184994742,-0.12671114255809227,-0.12123134250636285,-0.13258114423389392,-0.15420273772396662,-0.16834358702744148,-0.17270424375674903,-0.16371699475378354,-0.12825324534918855,-0.059034245015703944,0.03175421702861526,0.12534792840483036,0.20967995496667854,0.28903247251670855,0.3662188739295956,0.4324269690571283,0.4861156863208377,0.533675545453905,0.5716254937183208,0.5964956869894695,0.608390882038346,0.6072116701996909,0.6019608373642382,0.5927679937109627,0.5755660761772099,0.5527066657180939,0.5300135645493813,0.504398754171366,0.477802578321638,0.4463621836651092,0.402899529449683,0.3400237514464686,0.26301361931043554,0.18985113893979727,0.135533573947124,0.10323620317814691,0.09383642129203357,0.1066627185749704,0.12572386263661484,0.13407255316744132,0.12338729672457124,0.10084864677767934,0.07213447650361207,0.04770142193177334,0.03533173764095462,0.03339902424637725,0.03155956864007986,0.021876658423510737,-0.009674957989568975,-0.06561264347846356,-0.15309805761108292,-0.25316613624563605,-0.3413026569694488,-0.4074281565149186,-0.45841524816834145,-0.5093766320039468,-0.5744702347633334,-0.6272165412773073,-0.6389154344021949,-0.6154151228070753,-0.5616153217171694,-0.4876969413434007,-0.4095245876434443,-0.34865161142973705,-0.3004118493385036,-0.2553244549719075,-0.210284144741703,-0.17550453930000662,-0.15324398550574012,-0.14155797376636803,-0.1367420070589422,-0.13318083105441048,-0.12374299030940689,-0.11168395915127678,-0.09693586326067227,-0.08742123226637533,-0.08910138498112236,-0.09943990406371585,-0.1127520671070451,-0.1208442267526584,-0.11826742606620456,-0.10589443391434164,-0.09255459828003818,-0.08661361363959119,-0.08461599909097443,-0.07719767700851012,-0.06958445228961203,-0.09331889254426473,-0.17883221024337856,-0.3218182544552829,-0.4616755633593541,-0.5432299748551891,-0.5720736962806048,-0.5656176887641398,-0.5339618052715833,-0.4763144767096096,-0.3680925491195101,-0.1590448826316869,0.05739273315605102,0.159305458971581,0.20820213527658768,0.25685119075701957,0.3164000324966055,0.363117235719362,0.402137506053927,0.4490857858685511,0.5148137104586342,0.5967688424472437,0.6646219962304305,0.6995733700591795,0.7002477830697283,0.6649407819269388,0.6089922013952882,0.5638750892081003,0.5367775973681671,0.5073411400148019,0.45100043509367604,0.3505036169036059,0.2115715771506005,0.06951013561330263,-0.04205352716891409,-0.11256760737121113,-0.15220681124081403,-0.17620124578540738,-0.19833132995561573,-0.2153649938449994,-0.22386817042458598,-0.2203160771400126,-0.2029664935247061,-0.17282223165121993,-0.1527044211949416,-0.17004327458787322,-0.23638185598336853,-0.35619137991090866,-0.5171769461034011,-0.6675749280944566,-0.7323765327944716,-0.6658108214861188,-0.5127292757858364,-0.3886249975840282,-0.33239474822939746,-0.3242959397557251,-0.33344022143256435,-0.34191689271078485,-0.3391842238776396,-0.3165503452505701,-0.281056683700029,-0.24287011676124537,-0.22251047303676952,-0.2279320907722493,-0.2527734261346487,-0.2752188131970186,-0.28281086123115834,-0.27516786251983166,-0.2558514792507544,-0.23293654471203476,-0.2156577633285077,-0.20638723025096511,-0.1996431638200648,-0.19266282538053955,-0.18583802695217394,-0.17302791888041089,-0.1572382175254637,-0.13655290622297758,-0.1096046621968836,-0.07445634580014529,-0.037823181942484796,-0.008283408708902294,0.008007674186516836,0.010230961919150655,0.019490631942785733,0.054039762900275685,0.12739329657165266,0.2294993894700141,0.334570720929848,0.40581627069025017,0.43557626076114214,0.442358592091334,0.434669136346762,0.41674515352091074,0.373704446592008,0.30398492321198894,0.2269171927545085,0.17631410008102746,0.1784559662961346,0.22111335933968712,0.26456560576208127,0.2798760269566914,0.27085217657207855,0.2495048346348046,0.22671679016590293,0.20747920393188213,0.19457261997344144,0.18150470569369292,0.16423475513732932,0.14031572770280434,0.11855168426433314,0.10546969944680246,0.10010032948512122,0.09483092897975434,0.08615552621656772,0.07439371194089238,0.06401648771859782,0.05899577701247253,0.05812825722925331,0.05561978495006692,0.038141986629722104,-0.0008524842067256066,-0.05147017312216676,-0.09275059130320096,-0.11431816067780758,-0.12769728344109302,-0.14502440117823728,-0.16178328022806898,-0.18628446483360112,-0.23492876213236705,-0.3148903957962855,-0.37955367055000516,-0.3973439287248706,-0.3904925471959725,-0.37533365037466015,-0.34646454367731666,-0.3159667814561375,-0.2913666505959318,-0.2675823680581237,-0.2439489428622468,-0.21431000528386784,-0.1823825166428894,-0.15887673587719686,-0.14489671527246545,-0.14437383444128507,-0.14879083197914061,-0.14930050466411907,-0.13731990696927135,-0.11544825907991102,-0.08914340133939486,-0.06540346682822568,-0.0512829240987344,-0.04490142122459379,-0.03792317227686064,-0.02686906681337185,-0.008248017058885516,0.013669013789912534,0.0400837611111882,0.07299809789121262,0.11256128916039965,0.15819438218982243,0.19961412461427303,0.22992801770925952,0.24492655255897164,0.2535229307511064,0.2553458387779826,0.2398291303301502,0.20464585665268764,0.1371873482243478,0.05789979248045848,-0.017623815616973865,-0.052709937016839965,-0.02280532885687056,0.021071118158554954,0.037492837242490355,0.0318105972809554,0.015896704951433676,0.014482527491956219,0.03365808401159383,0.0743773503482758,0.10678882657057429,0.11413180404461644,0.11546076111924342,0.12239547792851818,0.13853865159569065,0.16661579118637024,0.20095025343437323,0.22765734320854003,0.22097149043305292,0.18161841261136233,0.13228066554399517,0.10399320421087488,0.10629461682256933,0.12830200292030022,0.14152899542629604,0.12424161812260791,0.07680875993055435,0.012751092779799422,-0.051969504120454084,-0.10608068795334773,-0.14622907058121604,-0.16388742066350173,-0.15642697360413776
0.180046035356644,0.1486967566381226,0.10809105755196716,0.07141218813373398,0.045620156535052726,0.03608552607531779,0.04323079177736287,0.058562524968938864,0.08074473648988219,0.09496825937129943,0.10185308866536584,0.10857848903310889,0.1046320429346675,0.08606514747381748,0.060491783304066536,0.028383943129196506,0.009401129800226046,0.004679694804877339,0.005917112448831648,0.005282821759864385,0.002601309015577898,0.0005898090903715959,0.006660329791793282,0.012682106613555766,0.006004801294128677,-0.011060560240835883,-0.025678877970836875,-0.029983395776729694,-0.023044583439193193,-0.013973119103496285,-0.004899997103988212,0.0026814852073358177,0.007633581246182491,0.0036388447202710425,-0.006820540416825279,-0.011554392045708387,-0.0011100955425403015,0.020949815868723885,0.045267353174974975,0.062492340048731665,0.07538592378161571,0.09900882371815174,0.15228997107486086,0.2471409931528849,0.32543918637349134,0.3307184856090173,0.3032973731241051,0.29460631184408986,0.28844875164171374,0.2725247806595761,0.24915609490979423,0.22673524888405172,0.20305222810166293,0.1673865095112209,0.11879857675009926,0.0718012610321515,0.03760702092131412,0.024260303514724767,0.032904209784629435,0.05446612407401049,0.071799706181683,0.07685099405394394,0.07093987576321929,0.057484817308298734,0.03140597085826888,-0.012418600230351285,-0.0763410359105352,-0.15617774940734874,-0.2435104521814036,-0.32741959159142553,-0.3928965522126551,-0.4204605713843434,-0.38541125760789935,-0.2753842260761868,-0.09860308358110453,0.09531537244522767,0.23370819210068522,0.27897325719194155,0.2368982781774119,0.14114102163786174,0.04191610563541794,-0.01619676123160233,-0.0106529541615333,0.05868963356149126,0.14322342711888805,0.20210779355540873,0.22740135103050577,0.21809197815207942,0.12836150175854444,-0.006999889095325702,-0.0955718092047636,-0.13066266236546498,-0.1258556643860158,-0.12295641585639885,-0.14429058709440967,-0.20706914415899189,-0.2905162386773939,-0.35138535997624726,-0.36536862343338133,-0.3439010507466621,-0.3049044646222636,-0.25658892425406615,-0.20263960772239153,-0.1427305864373193,-0.08212179977418615,-0.028503520240882076,0.016233073285123845,0.050713873873823985,0.07752261560869128,0.09434103358993773,0.10052487894580661,0.09856109891100807,0.09105087498338928,0.07915923799084311,0.06322174687164626,0.04791800192069638,0.04000750138956514,0.0346796025566046,0.03339504897392487,0.041020731285415155,0.05326943852050128,0.05731823296131415,0.048630933564328196,0.027772758063578703,0.0035409422550818823,-0.018920045368516984,-0.011795721972815485,0.03013252948916991,0.08691345173855969,0.14019467934255034,0.18706785550167754,0.22207110529742613,0.24618848067470228,0.25635282447075264,0.2507735792433072,0.23449300876977322,0.2067299830276986,0.17036371609793857,0.13078752130888271,0.1063781797468133,0.09765309600015185,0.09859974027135529,0.09348388228438974,0.0831733765337671,0.07151868928420442,0.07112792859301809,0.08932383975531663,0.11760737593689707,0.14287474534413092,0.14457289639155502,0.1124766482977747,0.056008674812891714,-0.01261715517436785,-0.07013653133384186,-0.09954053372075156,-0.0981874578436896,-0.0882704210748104,-0.0853860603943108,-0.09326969822859094,-0.1120935326604366,-0.1383867205701238,-0.17975513077557473,-0.2303045217807302,-0.280936752700992,-0.3339825786828756,-0.396435989454383,-0.47625076607625677,-0.561547713397526,-0.6160508171933641,-0.6160962414206191,-0.5546857087695893,-0.4485364348556315,-0.32001465973026455,-0.17810643498686637,-0.018177700208704094,0.1517362425424259,0.2886900350004799,0.35101181130528214,0.33681693167455423,0.2632267534009948,0.1706870715627831,0.09338022689688309,0.05118288702219501,0.0408272237414572,0.04444959159276831,0.03820558872996609,0.021537297712518878,0.0046453025968501245,0.002329106758630191,0.017016329337020134,0.04451123213192743,0.07039694241188019,0.09066764859782651,0.116737963310524,0.146255610029279,0.15726361242582787,0.13787088689724727,0.08850330125398109,-0.013660984323963992,-0.18060589860350473,-0.3928191458377365,-0.5903104608968248,-0.725296142534726,-0.7898926666404916,-0.7839598563368883,-0.6106949850882607,0.08438254875313253,0.5207695402093377,0.5504307970777705,0.4621310290492787,0.35852354980093953,0.2944639370433861,0.27168790088169836,0.2774656713664922,0.3028079791823055,0.3326851146309802,0.35743644748387593,0.3650375474370701,0.35575044726109445,0.327209066237025,0.2793811067301421,0.22485662068162945,0.17873365041189937,0.14802298491580898,0.1237931055253906,0.09318481243645338,0.04690762606697994,-0.02264016062716091,-0.12384144175844641,-0.2565421694047422,-0.40139735714062896,-0.5315176369108204,-0.6196941225958701,-0.6633601268224971,-0.6737798648904376,-0.6587191242986986,-0.619514681547756,-0.5501093995310462,-0.41230239554818426,-0.16008651547208994,0.1699596240540179,0.4160872828448915,0.49131258008874834,0.3712050673551349,0.10016674903589207,-0.12154028803585558,-0.24001731573994695,-0.2795792242371211,-0.25408725470976506,-0.19816431626109832,-0.12799982496840073,-0.05856210524988843,-0.006577068262725211,0.028572167814966482,0.046321203677879695,0.05007224648974809,0.04032952181131168,0.015614071679560398,-0.016330213299384794,-0.045035119227595184,-0.06058926168554818,-0.058134755890945584,-0.035638946636026854,0.005512211763380079,0.05223485131368868,0.0928472996207732,0.12000858521895477,0.1309520540000673,0.1259779454384452,0.10712019657604603,0.07558111582241475,0.041109679799605704,0.023321036877032228,0.025048042796207006,0.029336448189313594,0.0240923445608543,-0.007373314572993616,-0.05966488682407735,-0.11192570892223835,-0.1497339234506608,-0.16296905911033285,-0.13756473072955913,-0.07720217717211678,-0.0010157892731897389,0.0674487142355329,0.10851343373324945,0.12554732321827325,0.1343584204772408,0.13142251192130525,0.06523247846088163,-0.10635853631381344,-0.22809373459173637,-0.22529833367919228,-0.15081297519819611,-0.04511394347122019,0.06296550250211265,0.1426947006185731,0.18072242605868488,0.18516012162311082,0.17129869946585652,0.14652991212163546,0.1267322679946813,0.1189128418897779,0.12381291619538551,0.13257924788051037,0.13932811735329187,0.1457598545917422,0.15742613443681974,0.17815261239536417,0.203365781403452,0.22467027621248736,0.23001467076177112,0.21118027464335826,0.16640556698564427,0.09163658764373515,0.0012977724325521198,-0.08134132639964936,-0.14793706106000343,-0.20757984768231447,-0.2717379080074013,-0.3331538867913463,-0.3652819146340422,-0.35550108395693614,-0.30385382938441813,-0.21488113355053592,-0.09892390591639331,0.014750699714077149,0.0913548905478111,0.10486633451645408,0.06001124253746878,-0.007365233047068315,-0.06962771664496394,-0.1299359737374627,-0.18986463038108287,-0.2528508795503217,-0.3126611650717437,-0.3567857136176218,-0.370201927247362,-0.34519441024180175,-0.2770607772470412,-0.18486296202997696,-0.10801992834149225,-0.06535119027079124,-0.049673585936955124,-0.05788109635444521,-0.08421259512946143,-0.1155986519327861,-0.13219700444812185,-0.11099246924598227,-0.036572978201548756,0.07725845934962818,0.19360120977575893,0.28091072589473953,0.3392004304445772,0.37399862539983786,0.3862022275864162,0.37321609911189074,0.33085307497983807,0.26042960637256374,0.1791890667441045,0.0972645253386218,0.013342023813651684,-0.07558114266400777,-0.19676303645003895,-0.3433037637293266,-0.43999370584390946,-0.4575460113201869,-0.3942490073917252,-0.30084645831785045,-0.21935991710619895,-0.1542020320780364,-0.10161655666798408,-0.05946491781688129,-0.025919394048675968,0.003012501223464545,0.024625988755049885,0.035493412942884106,0.0374380472791188,0.04285979547201689,0.05733466315567726,0.07732298356820937,0.10087374365118904,0.12038410014227012,0.13137080124607695,0.13568232669585192,0.13911067139912994,0.14312747853635194,0.14637609318221861,0.1531544697751978,0.16661601085745484,0.18853157534840354,0.21417827513968912,0.23789483078906853,0.2473299891604099,0.20603249175502195,0.10465784743153239,0.015776189525389818,-0.017750327068488485,-0.029472339909388957,-0.04050261201667596,-0.038571943362645765,-0.014112187515197903,0.00890044010512976,0.006249579270045537,-0.04162075842308329,-0.14059784361638236,-0.2551314518758505,-0.31890059375044694,-0.2919160074239329,-0.1683875822093875,-0.013786387556862007,0.08712648278156712,0.12913886432258853,0.12938426223272667,0.10285968231988324,0.06413598413426339,0.017398629339074396,-0.0467425238989812,-0.1319449696823876,-0.22997580400277115,-0.31272735832958837,-0.3645817151658244,-0.37686387179313546,-0.3564124090656509,-0.3185084073181843,-0.27630944223092835,-0.2367498888361813,-0.20210964121758462,-0.16862551098638057,-0.13106597809472514,-0.09783089252179986,-0.07172356709383167,-0.055108205867040946,-0.04862278268013698,-0.05093127014909236,-0.046837932038269456,-0.02088472470782449,0.03335757389815905,0.11108253584497772,0.19554970520856169,0.2764209206892952,0.34734458710712907,0.3634581854657101,0.3456788238588956,0.36395708294867873,0.44359370960694294,0.5524026162268146,0.6271515864009514,0.6371835413233594,0.6118926090196011,0.5828692301913593,0.5630479015594676,0.5414933845185711,0.4988882424906011,0.40473026105221055,0.2262145077406743,-0.0555285022179251,-0.3614708309606574,-0.5630538124215279,-0.647898602177832,-0.6616717697344655,-0.6355596668292919,-0.5852868801142006,-0.5118029700542287,-0.4139631469739708,-0.28320767860179524,-0.13097079159853173,0.008368214889790298,0.09927377022648545,0.1302044499695154,0.10819234676135446,0.06090223524764259,0.0005684865923249748,-0.05080655875135078,-0.07272791487866438,-0.06713946746048247,-0.05239951863050135,-0.03988021555971913,-0.026303306997706832,0.0047873699178315205,0.07070458935993137,0.20062275623436146,0.41074012458931997,0.6259728955972094,0.7402980640855489,0.7549327087599125,0.7071676261596274,0.6018213599820077,0.454834820609862,0.302171664825342,0.16292731312957867,0.046063794086744075,-0.04466081760605495,-0.10524700487251273,-0.1441612147340024,-0.17382988036036753,-0.1889897455990163,-0.17999521495967433,-0.13694893674569605,-0.06997034635813539,-0.012407245181575283,0.006638064085022054,-0.02333551252989297,-0.08850122742691187,-0.17665039281669237,-0.25979195530477306,-0.30397984639637604,-0.2890623176535259,-0.2157236260335936,-0.10602095450511069,0.006170122527086372,0.0923811797334351,0.13605797236480444,0.1273243028303947,0.09001287375442464,0.04953906139880845,0.01258213951262646,-0.026272709098408436,-0.05533103452801565,-0.05479065987135435,-0.03590725444422279,-0.03919386731489038,-0.13382979894131802,-0.37784244120677873,-0.6491568605192908,-0.8104909522237981,-0.8282369736073619,-0.5737398710666515,-0.05708951507071634,0.2933193761846637,0.4436637481037514,0.48926931969357823,0.47972138259536024,0.4416126773820563,0.38518401763233245,0.299933290063284,0.17002273330541606,0.002397824298078815,-0.15695786146793925,-0.2614307977366469,-0.30369971167650606,-0.29966016701702447,-0.2719470812300576,-0.23996668511027347,-0.2201890629658847,-0.21262604228473597,-0.20539516715212555,-0.19521849018790283,-0.17766064618248983,-0.15210585580536545,-0.11968196719536378,-0.08228642855328967,-0.04116984719849256,0.000613026017699211,0.029065921924643395,0.035666368044877196,0.031112324160181205,0.02360893404563327,0.01703958633458578,0.028140806987736817,0.08172741055464416,0.19848218958300995,0.34480525492828096,0.4505499854816854,0.5084832156988482,0.509225730488959,0.44460166800549633,0.33016892739751086,0.1878034399836187,0.04692028125667944,-0.06917303866054489,-0.15132658013905542,-0.19961254855251284,-0.21185628191503422,-0.19366941796768022,-0.15593865198323892,-0.1335625848014115,-0.14299928714779703,-0.18176301172897003,-0.2301536089290584,-0.2471999542391036,-0.21470337739382347,-0.14536347885285802,-0.06956626800047604,-0.011041385483882908,0.025961327481922,0.04803393032786328,0.06611725545987475,0.08260391377460671,0.09674135237883852,0.10433091000779114,0.11411000290081082,0.13252988276085947,0.15914283058099168,0.18912546099236255,0.21296004769139798,0.23593990998852088,0.2592631237265131,0.27746455652732294,0.28478204940257307,0.28361408686839995,0.2789564429764935,0.2788632839093623,0.2908511941382688,0.3057344079486068,0.2997028988290129,0.2798977757785808,0.26482513733862967,0.26399377027911397,0.27077557236239735,0.27509294308574606,0.28040839969817116,0.28395448560187136,0.27505698999864775,0.25166671819201514,0.20560959848208052,0.1368822760164322,0.05967595693042093,-0.007357058689364551,-0.0562172693880394,-0.0912587442876781,-0.11732075665522389,-0.13954281843561658,-0.16103435757294757,-0.17696327929261618,-0.18593702532251563,-0.17699526968109902,-0.1426494857077983,-0.09422622186175168,-0.04719234919062159,-0.021490096692813092,-0.026706032638188246,-0.06001041514082711,-0.1126630721995296,-0.17732989690781828,-0.2528777805384436,-0.32532030654240435,-0.3550129525472312,-0.31759310374814526,-0.23183099811269361,-0.10654033327931985,0.08222450357426699,0.32901616028876923,0.5525965243571228,0.6816768153138274,0.7176020012495958,0.6599931406496252,0.4605011917139546,0.1982575571806523,0.10244357299611259,0.1794378471781647,0.3056264854418888,0.3910930832824419,0.41468630634033815,0.3835226239197906,0.3056854198897749,0.17996202514115617,0.01504979883688599,-0.157593537705928,-0.29143502666632837,-0.3573925929803484,-0.35850170750017235,-0.3176187513618994,-0.27350578366094247,-0.257879087352872,-0.28980279555055066,-0.3678302078726657,-0.4715263952995097,-0.5652876924261822,-0.6286382130088978,-0.654634173289348,-0.6381610459294721,-0.5686420020038992,-0.436705563951166,-0.2661431646727378,-0.12319303019775645,-0.048132059798534216,-0.024494808686817568,-0.020804465658322186,-0.004422925491198796,0.06816807081090169,0.23819514653829357,0.4797636353426563,0.6623941848312707,0.747576792280054,0.7657640236146002,0.7390474931637949,0.6687816807330248,0.559695455652568,0.446977364695309,0.36201604308280894,0.3079636637020838,0.27934733831059355,0.2644532924949332,0.24853005502609327,0.22991766299411456,0.21706419319742096,0.2124221431440404,0.21131797967327062,0.2092741778609452,0.19571590513382908,0.1599786764030622,0.1072499682227983,0.054117777605018846,0.017313976441853552,0.006098143665372569,0.008573826143173357,0.0037547103644296367,-0.01311675575957431,-0.015666828060380753,0.022727415412367804,0.0910605796669743,0.16483529348958942,0.21981688926392615,0.24131571314288328,0.22000715335599347,0.1697117118489484,0.11514351934999156,0.06576523215457789,0.0047695031100357535,-0.09079114870171194,-0.2355272893969316,-0.42817565760045084,-0.5983724034101572,-0.6733456709578586,-0.6913586795637992,-0.688444062849727,-0.6757397177539842,-0.6526289631849165,-0.6123314272531523,-0.5418973770423973,-0.4453334158823951,-0.3459417138327005,-0.27160655561615726,-0.22568935050006364,-0.19978370805402149,-0.19041184453725024,-0.19421702491513723,-0.2000820993798263,-0.1897305127326975,-0.15143531210272967,-0.08890151051913657,-0.024962099585800677,0.01928643982126223,0.03702399741076105,0.04278380957906672,0.04757942943855081,0.05430410587164111,0.06194848679278816,0.06353689685660693,0.05523283622299978,0.041494654576030264,0.02773064933577016,0.021686993212749004,0.023543138484304033,0.024696410011671135,-0.005725601567301731,-0.08763764146912056,-0.19992526180007028,-0.30160204188720063,-0.37080672165751905,-0.3909124610611583,-0.3253686895404223,-0.10645138383426841,0.23624967787575213,0.4608938414568441,0.4927049809405517,0.40931805135428095,0.29946157314237537,0.22474784024192734,0.1960882185366631,0.1937255400388359,0.20187857888511496,0.2063907326445653,0.21005901893474502,0.2109456897049747,0.21273257399688783,0.22758127734720796,0.2554786408567584,0.293660153311317,0.3436601347393896,0.3877944360794147,0.4113112014271891,0.41708777291700305,0.41646456286076255,0.41384781614544025,0.40453192687156897,0.388081391930338,0.3698197510266604,0.3431882297689323,0.3001864052669773,0.24770840353548737,0.1973491390427924,0.14503361536678738,0.08891753695212026,0.005919930407236857,-0.11116078583851037,-0.2658467910574231,-0.4312339047657006,-0.5655084990113369,-0.6370273361153169,-0.6374199813881166,-0.5549991505883987,-0.37064734613409817,-0.11289509774447368,0.10356286906357821,0.2112387104649837,0.23155477337184838,0.18423722019159397,0.08036039217488304,-0.059827099771319725,-0.19554271740582888,-0.2927270917486913,-0.34623124066538224,-0.3605133448584037,-0.33269576051527333,-0.2647947258628804,-0.166792354726077,-0.0678944473201503,0.001990756753194343,0.03417479184509802,0.04175875479293565,0.031936991946116815,0.011912627862709007,-0.01386829178620155,-0.03899800943556579,-0.05243931519692771,-0.061513306366850096,-0.06160163082038305,-0.04987171807062006,-0.0283778683598222,-0.0012081564316918931,0.02551845405754483,0.04057805682337694,0.04579478997147147,0.04210592550454127,0.031693389611736414,0.01954225269846899,0.014984559052825015,0.02844785782215153,0.0741565210897442,0.15174930840326434,0.24994023469581267,0.3582357893109409,0.45118634064091573,0.5186611014422708,0.5438780919191818,0.4886756538718928,0.39406826590339905,0.3162531607492612,0.2683217505306787,0.22350950687851717,0.1723960780748527,0.11352677919028,0.05738346110453115,0.009287037328845282,-0.037451658175204405,-0.07479899379909252,-0.08196030180266348,-0.049428817235994106,0.007587784271498095,0.053890012079099506,0.0653540540447442,0.046832647221204234,0.014938640356842966,-0.00800767648912062,0.0004300511167289966,0.05091135745725989,0.11907395863132128,0.1712183681855535,0.1758487016951454,0.11453306657849578,-0.011710024686597799,-0.16713052187262833,-0.30242206783399245,-0.40197815940034604,-0.4621666764402703,-0.4934351689724709,-0.505820954905204,-0.5047269680455082,-0.5056701123568778,-0.5095823363842819,-0.5129792480569658,-0.515945901333207,-0.5274489227986606,-0.5486734862836798,-0.5536092178395123,-0.5153057525591156,-0.4210810671928386,-0.2905291757708471,-0.14329072318620553,-0.005601085334774045,0.0914044156313333,0.1340975083490296,0.1136684577991401,0.055665151269868075,0.0021571872038818104,-0.02675936925690682,-0.036941501862093065,-0.041364225461793164,-0.051440196609362734,-0.07048155445382166,-0.09178699302331875,-0.10176244056477873,-0.08994248913305262,-0.05643529861443085,-0.014276914822982222,0.012792642157834941,-0.002971232719659879,-0.06771010132837521,-0.1643614447345537,-0.26327128918365456,-0.3368394190498114,-0.36309890594607214,-0.3295018999289268,-0.2293243299656771,-0.07331995993855005,0.07833893922915762,0.1752327700204605,0.2139070332588154,0.21793819493001795,0.2207585834101068,0.2530206313961636,0.3228291092828398,0.41380060607873426,0.4897262917961052,0.5361798112334585,0.5599194076792072,0.568697066723259,0.5560029235716928,0.4945600758973298,0.3943996098587032,0.3048764971282695,0.25626551357467514,0.24066816342976785,0.24596416806417634,0.25834461576151435,0.27251871874968314,0.2761805002150457,0.25702114922822394,0.2228234974430662,0.1837661619930028,0.14945293036746457,0.12673229730801241,0.11249856635026192,0.10446493815416179,0.1006525295651152,0.10061249693227652,0.10634303975074645,0.11484876827534539,0.11707007527430172,0.10641961765861878,0.08698763476484409,0.0635303397532,0.0409316657312149,0.023383381833539715,0.018213137185756376,0.02340414802800121,0.03781068916823848,0.051949761822095,0.052387362471729745,0.031123343701005824,-0.013732109808088179,-0.08088571781546991,-0.15838038896754458,-0.22068484809718367,-0.2560968475183264,-0.27398391919611303,-0.2849861686877183,-0.27711632900624167,-0.24978452807973756,-0.21225213835776832,-0.18066338968237983,-0.15567433726182603,-0.14379441425298659,-0.14046942373064733,-0.12292958867740217,-0.07612902605491136,-0.009208767684811228,0.04592457869178592,0.06668855760259731,0.05036014756800778,0.013270950123824028,-0.03338050737716119,-0.08028576458687783,-0.12167317502303315,-0.15640549803820183,-0.18729037254215328,-0.21858401040225453,-0.24754403390208599,-0.2703073376314884,-0.281030558871349,-0.27960991649186306,-0.27029889820626063,-0.2505082864564849,-0.21415538312364196,-0.16890048335023694,-0.12179314966167519,-0.07043027003166645,-0.005864628286724664,0.073832474372216,0.1550329026091048,0.21927998907654309,0.2597939636462694,0.2633360310130636,0.2155745358841596,0.15400984643208912,0.1200657695912192,0.13363740123370238,0.17172483972566555,0.20310199650170727,0.21325323803100102,0.2046967645633036,0.18643336980412573,0.1650726116799967,0.1467344187156932,0.14038545662733945,0.14874400711112484,0.17142558485506382,0.199848492532912,0.21890515452632198,0.20748714991437733,0.14904428444010545,0.051788855356291255,-0.06728225420285254,-0.18530487315132066,-0.28570812071141527,-0.3674275000666648,-0.4298883930306937,-0.4835186951876272,-0.517831811110278,-0.5227791495677943,-0.49267784992665375,-0.4460983065039336,-0.4165720608262449,-0.41454773269771794,-0.41334471695832886,-0.3899451994764343,-0.3374575483338732,-0.26327621130847684,-0.17946464177620564,-0.10571595280369762,-0.06355830135403867,-0.033893985155048885,0.02101361630077587,0.10781045000472655,0.21317919904886581,0.3224624978300156,0.4146565427854575,0.45857087002749425,0.4548835458138445,0.42252344632663263,0.35993939211609816,0.2897425401387931,0.23985447919451514,0.2230512047787366,0.22393720767427963,0.22908084030474068,0.21330469753660983,0.1541946258396312,0.040057186726407276,-0.09622204756870555,-0.21020592895666856,-0.28084053793325603,-0.31736563584847527,-0.33066659228380885,-0.3279646134845437,-0.3171699864002917,-0.3040475369180957,-0.2867421239969081,-0.27292226774265615,-0.2687307007530298,-0.27990252682126154,-0.28313083188032134,-0.24094308981432142,-0.11357622885521346,0.13138427964312352,0.43114411594294333,0.6343988345048378,0.733122228793505,0.7772536488950742,0.7883167193061964,0.7641176084484487,0.6912905380546156,0.5670259946886449,0.4089066035020419,0.26648209318139093,0.16766377865243431,0.09989363502493882,0.06111499740100816,0.051609369768460873,0.05476446068702832,0.06782786372370304,0.08542117161108531,0.1044689659421787,0.11504021226175407,0.10693930248447783,0.07828033617571872,0.04160979691144542,0.013175857962344209,0.005149372441714844,0.012391784711734351,0.030840753792946596,0.05699184753401998,0.08886617288292793,0.12266761194701342,0.1434845596153749,0.13386885042841354,0.09993671548797692,0.05314372676494663,0.005946376660380108,-0.03280505795053025,-0.06438054249269601,-0.08859273871603761,-0.1126258276896552,-0.13500826391354606,-0.15199395085700468,-0.1693683087379483,-0.1868434072801317,-0.19796744954588252,-0.19885333153653842,-0.17354753425680053,-0.10530561594026398,0.010617561547646863,0.14020642911470316,0.1935032776676906,0.10431541824389459,-0.16078314280523961,-0.4219558739262103,-0.5325143744563574,-0.5606698288519967,-0.5464245010419256,-0.4898464221528209,-0.39660871376075046,-0.29339873413943646,-0.20312256777342197,-0.15650096119981377,-0.16445816983478054,-0.2052550137873559,-0.2445402814977565,-0.23955888857703936,-0.17055184420792097,-0.04788552943567228,0.08817872546108523,0.1946131212755627,0.24694878519575852,0.23606158073510047,0.18043252433674456,0.11006250915524401,0.04510076956171946,-0.008663330921287168,-0.052893740698576074,-0.0821137091522216,-0.08065277229539344,-0.0426352455685484,0.003865239705347665,0.007671211198864548,-0.06279748539170754,-0.20454541250890665,-0.373870451290548,-0.5243551932316353,-0.6311325863429079,-0.6711969698993814,-0.588432800855861,-0.23067300397216325,0.24085828031552356,0.4169374586686601,0.37252585867365573,0.21221893025953184,0.05093027836976006,-0.02514540521610771,-0.010266796055150395,0.06995769302136128,0.17674368026691584,0.2639184147308396,0.2899337360874257,0.2282375157140056,0.08295826217260302,-0.09508863503560586,-0.2400446575156576,-0.3114227708121766,-0.2964522176909721,-0.2155108316013053,-0.09925882171385728,0.012010053583038346,0.08504838527492363,0.11567732487736168,0.10746099734407505,0.07044606439905403,0.014269941837156642,-0.04295085577284503,-0.08014922582424085,-0.08640547873588762,-0.0724257962107486,-0.046007459620695856,-0.008018257227819497,0.03410640285865928,0.07569002969984201,0.11598267466979512,0.1427926166986129,0.149915219705226,0.14685330477549352,0.14568130693670378,0.17082318500922836,0.23813965407346144,0.3266121744180711,0.39474907210080545,0.41762964569775674,0.419703969651862,0.4226071348325857,0.4216753353106743,0.39932432929362605,0.34473626916197614,0.24742637293058742,0.11840184244614887,-0.012756459705432531,-0.12415043406922689,-0.216687673766654,-0.2999717781137784,-0.38668360236664623,-0.47031633446438925,-0.5256419539698659,-0.5381508388533716,-0.5235793245238656,-0.5046703842583374,-0.4950221336593167,-0.4887693517075883,-0.4748802627463484,-0.4432641757505818,-0.38187407707731164,-0.2768956920225959,-0.1343156272906771,0.029410209733035535,0.1896379897298089,0.3336830508081978,0.4452796182907888,0.5123846432978644,0.5305032967970004,0.501526809608253,0.4311751019693546,0.340762065819945,0.25570523224343317,0.19017391437016135,0.14835235069640776,0.1318079577380309,0.13626754417395134,0.15267557038394555,0.15524448251169293,0.11955986840594231,0.03989012747600953,-0.05286805505572914,-0.1062888667844835,-0.10864447808427134,-0.07029721522034182,-0.011755944501294462,0.03915308523637466,0.06812437698773115,0.072274372776661,0.0636351047591937,0.06070044493145758,0.07291171470866342,0.09915086876688206,0.12426793099243862,0.14054022561570328,0.14969667881741314,0.15713383514110388,0.16239606443427657,0.16126508709312512,0.1489170277437601,0.12977085122233756,0.11331523422585524,0.10210785831519496,0.09445738266288649,0.07788400292153339,0.03563731289668405,-0.04057446073418408,-0.14166446231317126,-0.23213389093918363,-0.2911209245684049,-0.3156695559111497,-0.3118191300284457,-0.27591453872422617,-0.210157560777125,-0.14067698201288648,-0.08084140871718017,-0.042734318336966184,-0.04409004992069617,-0.08947281372708059,-0.13698119384038104,-0.15421151245981163,-0.13992918819319727,-0.1010023429621554,-0.05483321738786804,-0.020461026690325144,0.006646312000198894,0.028642334652982104,0.043229104033165947,0.045568283031409,0.03572951790181855,0.013968428384771194,-0.012965117523781964,-0.03178066311595595,-0.031288854768879694,-0.021749610912767177,-0.013112802393291425,-0.00831947849444047,-0.006466556116163108,-0.006896907256743469,-0.008028561160715823,-0.01591478981990423,-0.025469427428341358,-0.02504087804571569,-0.009962451942973101,0.016783494086658163,0.04850408092901092,0.07290130243653573,0.08662075166241964,0.09704505247608843,0.11069563213462649,0.13614444938191245,0.18813114705742412,0.2616233608449201,0.3427649359740642,0.4007764020004315,0.40294850772007323,0.33093599176715,0.2237208332658203,0.13723937335870606,0.11001023161812608,0.1157573561957974,0.10926689418102024,0.08442468304330136,0.04141680972930222,-0.001042886721904412,-0.030661582674662975,-0.05456929669553006,-0.08101293261117531,-0.11088165970454138,-0.13541358004394324,-0.1379261118992937,-0.12230769210234113,-0.0953240848781315,-0.0652785817688051,-0.04479907555582732,-0.03831240987862228,-0.04129584545787757,-0.052453760611658705,-0.06228529800688376,-0.07358612328662169,-0.08795488033377902,-0.10248036885574838,-0.10580191859844762,-0.09689581177516941,-0.07800046430623371,-0.05841763200310414,-0.04158769872292665,-0.02894078846008851,-0.03126593791441607,-0.05363962575746735,-0.1086892046999332,-0.19031537431453197,-0.27844789334000575,-0.3424783372716217,-0.36626849566367276,-0.3397141164256,-0.28957780951812806,-0.23982891103031218,-0.20719982874191775,-0.2034705252403473,-0.2226099338825062,-0.259756507350598,-0.29998224551518193,-0.32145606464648563,-0.3228682756289771,-0.3036507373025833,-0.268436971837428,-0.223495575416362,-0.19396950768783439,-0.1969430851340111,-0.22110541060448555,-0.2423513982905043,-0.2390913794226398,-0.20273395910932884,-0.1484025206299078,-0.09609841679551366,-0.05793522772138854,-0.029090352717992617,-0.006913320344492193,0.012673326935493633,0.03183623218225862,0.04577515021725375,0.046513725342084485,0.03724678801226632,0.021704146305157546,0.013166840942912284,0.010027799902857322,0.011368844031427044,0.01789157912015607,0.02530991446815026,0.02747093483100297,0.027982931840307,0.031229286218938772,0.044616737085375585,0.08192016957641651,0.14631048627211,0.2318820807112989,0.3273949879214529,0.4049393008541379,0.443253041792244,0.45065260688015707,0.43674604451340704,0.4054840243633703,0.3635295966578406,0.3108418608019941,0.2534549054997038,0.1926153911040827,0.1362813358164255,0.0991700158470653,0.0859579563601511,0.09183961188492565,0.1003804656568365,0.08615259971830364,0.035174301847384466,-0.04033095781370312,-0.11155377937769001,-0.1519458974169637,-0.13759072799151947,-0.06044319631181638,0.06527105427386473,0.20340868033596135,0.3049265961815763,0.34570188954938824,0.3271168689551723,0.2608376698645356,0.17094017938113373,0.09964090084416408,0.07872151785491896,0.10809004714527559,0.1545510918687624,0.15844882678164965,0.05116233216362989,-0.19509787112465862,-0.4778832482967596,-0.6554794541971866,-0.7035319277874124,-0.6548649121813257,-0.5233809843674552,-0.346123995834849,-0.17889057779740444,-0.0627483291386397,-0.0024688013484427925,0.01971827370893682,0.014883175806367863,-0.007705150141015491,-0.04239986913519848,-0.0671205597268328,-0.07492851179962681,-0.07401273119448637,-0.06991756217771325,-0.06776488341129941,-0.07410238993160372,-0.09443118209975661,-0.1198756296542906,-0.13358262005875907,-0.1262748003853946,-0.10336688224590075,-0.07606469847242671,-0.047986095156612084,-0.015157775079415604,0.01907941441938896,0.042238989767233406,0.049105234700496034,0.03795565053571334,0.00899644313910162,-0.034351130269357176,-0.08357588348007576,-0.12116078791871453,-0.14269754264687118,-0.15443706050286207,-0.16727934734053712,-0.18093272420191084,-0.18400147435182856,-0.17189921956279278,-0.15543097386372784,-0.1301916416171997,-0.07098963079957817,0.04082057987588488,0.20272243423325337,0.3820398198072336,0.5321726409339326,0.6141680796581102,0.6119370945062872,0.5403738238875962,0.4430119133204015,0.35720659543561545,0.2934911362366422,0.24792946408587777,0.20712323993717385,0.1654857828044196,0.12602854080877074,0.10108338882119992,0.09636538613948258,0.100610950304871,0.10756443874892642,0.10869618442142974,0.1004887683676471,0.0872408348928364,0.07708896344577341,0.07312170249176761,0.07650286170916624,0.08071207729814517,0.07262464582993036,0.04436161007672525,0.002771755855687093,-0.03290537651835458,-0.044738961020434266,-0.032833867337308344,-0.005055214209897732,0.02949896521746306,0.06349656213285965,0.08638429741836058,0.0895756108489296,0.05604808591338579,-0.015814880018207324,-0.10887450291660004,-0.19782758046361176,-0.24503879319931476,-0.21684130680212066,-0.10701262418874893,0.05225291163354632,0.20401021101307437,0.3153867504769767,0.37357557475161035,0.3743096380582403,0.31040914085213767,0.17458909491040248,-0.019861681887329015,-0.24036576104802262,-0.4300184239284134,-0.5501720627562894,-0.6004624321351334,-0.593305763830409,-0.5418347257128471,-0.4645532872900054,-0.39213077386272616,-0.35270465780341487,-0.3503997386246367,-0.3674812200623889,-0.37758775462292876,-0.3603232630216627,-0.3061703561189904,-0.2195251239203258,-0.11146395332785586,-0.0068787927929201825,0.067998144098158,0.1076657753227146,0.11975569812091096,0.12164816932446952,0.13472476515496845,0.17347078357052506,0.24548009946980792,0.3344174210135633,0.4320815263260407,0.5120272050181361,0.5384938982703885,0.4933567440285712,0.4087995485320631,0.32634561521109434,0.26723519109704114,0.23884086587663536,0.23500894001546443,0.24774132336813268,0.259184895701659,0.24687858863874282,0.1990653935479898,0.13559648452006792,0.08787281610844228,0.0690249559325002,0.07390764835843738,0.09823795102698013,0.13400749200853035,0.16313400377166068,0.1740164125781124,0.1601342411240681,0.1365551772167022,0.11298461377693145,0.09444558574495476,0.08363643047045517,0.08280624814735368,0.08493622378257096,0.08492137913647085,0.08439970305510446,0.08000183421459073,0.07231507640116765,0.06549608154679004,0.06694629861747257,0.06626310146010188,0.05384429513667071,0.031932743877692064,0.021685748018457695,0.032159701351384525,0.04079780511180019,0.03544545456645596,0.028855004740801958,0.0555754167167842,0.09443154719800956,0.09237098328757418,0.04896643404696737,-0.0076009337487632795,-0.0646025102154215,-0.10258529531918176,-0.11093749053381913,-0.10650988235044273,-0.11510208534979431,-0.13906367080641177,-0.16661787741595954,-0.1835627760099577,-0.18465973602463806,-0.17472063698580026,-0.16143134113872143,-0.15969635680653088,-0.17581407958892128,-0.20464346757249527,-0.2364182509212134,-0.2540390552555845,-0.23400198921173218,-0.15889525269754184,-0.03358968066727303,0.10400589292755545,0.21097674436405667,0.2686292668199729,0.2756630846010982,0.24139353756497403,0.17955269523218945,0.11144731454624207,0.05961975161479895,0.04951724544230771,0.08469168992151228,0.15338186051753058,0.23703581358421866,0.3113504110540038,0.37571347101213604,0.44612077064727423,0.537671938997119,0.6047391113537314,0.5918886368326304,0.6167485904451508,0.6368043875227853,0.2854652704927245,0.1889226717594869,0.1655488723474728,0.13657589734742398,0.05811560952529189,-0.0995658117357509,-0.2746230747969043,-0.37205872766843895,-0.40312910811172625,-0.38734786167861585,-0.32973786668981725,-0.2437355307799223,-0.15029358061495796,-0.06826229786860959,-0.015683729302003412,-0.0015165103853846385,-0.01698865226347694,-0.04856337105558229,-0.07625782865973246,-0.0869763369592838,-0.07156303271251005,-0.0326388133356229,0.021841818809645093,0.07539055849061048,0.10880248943915416,0.11862967749055138,0.10440004610690846,0.061918558109010764,-0.020548605947395368,-0.1466394381608732,-0.2824094420217725,-0.3902836885401579,-0.439439598352529,-0.4312510911357466,-0.37372156563244424,-0.3192088147022111,-0.385672461663433,-0.6200146330739857,-0.7981175558074111,-0.835342512181408,-0.8022060604109459,-0.7186457453992018,-0.5900182997284791,-0.4293649326756287,-0.27215842569707643,-0.15122781759118195,-0.07382380504962299,-0.032873445826156214,-0.01805402785928679,-0.008061599843921744,0.009279090863104212,0.04054199796991265,0.07932103805441268,0.11394077352344151,0.1368900672451793,0.14833885844471625,0.14987091454930454,0.14733170959558362,0.14373672551260355,0.1382379101131744,0.1358053889908184,0.13607636083383895,0.13408352289837328,0.13931877224447164,0.1557482801059247,0.1719099677761204,0.18421114992147297,0.19994508453983584,0.2173534565398194,0.2364829810802758,0.26874193541802993,0.30990986188095965,0.3375893220720975,0.3339706258864442,0.3150643813148331,0.3055811118526917,0.3191097907280383,0.36779130456172204,0.4363004235165844,0.48696441340980234,0.489764431706806,0.45797652122400634,0.42089500489756076,0.38152933904843445,0.33587623392527205,0.29460483017857514,0.2566404181115726,0.22201075376586235,0.19946271561403417,0.19385845109629032,0.1924727346511526,0.1861741723967104,0.1719010843054162,0.15403019896890727,0.1301107208828343,0.10202094200472649,0.07450772015613824,0.05085905103676451,0.02901130363846957,0.00502485661921078,-0.0230443525374148,-0.052658745377403816,-0.08063932392550707,-0.09963695004768339,-0.10309600080333359,-0.09267193676590976,-0.08133532309609315,-0.0754537391758219,-0.08636623060054034,-0.10775561334788203,-0.12325590577045836,-0.12669249324960066,-0.1187044791756032,-0.10825126444673022,-0.11162359626684701,-0.1267406729848823,-0.14889923919060868,-0.17003001428526238,-0.17999669662915857,-0.18888439701227722,-0.21577158960840637,-0.24125739897483126,-0.246026953989669,-0.23183531037422325,-0.21393428306440074,-0.19516415316104843,-0.17410700041933452,-0.16018064805050553,-0.1507007344663366,-0.1428156821591334,-0.1393384257947277,-0.15219006142608854,-0.19211936055957793,-0.26014227363845366,-0.32886999056115934,-0.3712831198337603,-0.3806664235916811,-0.35756138826640765,-0.29944187318976373,-0.21625583404210957,-0.12397530573275757,-0.03488763477356711,0.03198739804684357,0.07045529765720113,0.09450229820880603,0.12016198710222573,0.1400017596668919,0.1469493629285342,0.13180173756590213,0.09226899050718235,0.04681999163812185,0.016416384296147418,0.018127438612989315,0.04402922112483952,0.06625642460866524,0.06900966486552937,0.054550617113344455,0.03459695973559107,0.03414959414434095,0.07383681390645638,0.1838024068837032,0.35591013840911667,0.5205587471643683,0.5890565645182848,0.5699052290200806,0.5040060751416334,0.43558217686415635,0.39788842321687923,0.3832996359807083,0.37902521610158935,0.36824972830736147,0.3414884532602801,0.29438174534334743,0.2281873645332501,0.14083856214835555,0.023597818836218507,-0.12229480918673565,-0.27032497038813535,-0.39087982382740755,-0.46925543125092667,-0.5045874076449507,-0.49818887393971356,-0.45816271557498167,-0.3926591281522833,-0.311129388406138,-0.22305482952472938,-0.14002738583536617,-0.06040652226160354,0.03189109176007594,0.1540247721481745,0.28577897716301115,0.38261950108364495,0.4173162041960253,0.39069860227040687,0.31473707178399146,0.2054173873490801,0.07967291743606245,-0.04266436247105851,-0.1397732623902415,-0.2053635659048278,-0.22243437206541627,-0.15423385717997598,0.0015202056799033267,0.09908105161651261,0.10608107625257852,0.05716903792130709,-0.01274866601114793,-0.06526866602145967,-0.08836181314720865,-0.08390889266389896,-0.07333031131874619,-0.07274863677548206,-0.0774564226322496,-0.07619901251908968,-0.0667960801483681,-0.04896834339532773,-0.03125465547031092,-0.014367388815343825,0.0032854302424185017,0.02939349866638742,0.057391988841194494,0.07688483017006931,0.0815691594529335,0.07072286336781833,0.047290679940785924,0.023241371246318563,0.016619353772180497,0.041450128584316855,0.09620536836766899,0.1646166501834681,0.229736845860846,0.28072828992859294,0.3147213521525996,0.32919021745812854,0.32481103376054615,0.3215850014473327,0.3404557226711408,0.38994901143176885,0.41817258896440196,0.38740850249727155,0.3331925564256651,0.28867998529350897,0.26687254533207366,0.27137019113225824,0.29896306818099977,0.3327736672749614,0.3496849065283791,0.336346287444229,0.2964976075918288,0.2431576667374924,0.2014613056146981,0.18187897985874452,0.17125211631889858,0.16427239789121117,0.15581365431875488,0.13929424303026286,0.10983220718610497,0.06939323170204534,0.017673825497507675,-0.03504752574143443,-0.07606174899439229,-0.10665314667690026,-0.12277067205839419,-0.12251711284109841,-0.09484895042611359,-0.03822559307557414,0.022409135011770134,0.07155566860707842,0.08904901598031571,0.06758425604695895,0.013911819948507355,-0.04218302688855872,-0.0766992694753707,-0.09186258690051208,-0.11275312443202223,-0.15296246991531992,-0.20740627379257012,-0.24195401675497616,-0.24008030095835525,-0.22634795350218956,-0.24166640376504944,-0.3134680128730731,-0.44040779844181377,-0.5743935948858594,-0.6550187294703944,-0.6856911898547781,-0.6910214743344469,-0.6702996445744281,-0.6068731194913994,-0.5030942521937658,-0.381989460521796,-0.27924875569587526,-0.21364106267061997,-0.1769333999036358,-0.16095033735697767,-0.15511266211359503,-0.15982081889328648,-0.17108543364668216,-0.1794283116298959,-0.1826098558014033,-0.17988279247493152,-0.17024395957676014,-0.1537582138138081,-0.12954739423617614,-0.09220871901371015,-0.03460218359049517,0.033441228915765626,0.08327322447402263,0.09399832082205863,0.08444994261770598,0.07914048090564045,0.09056392597653913,0.11568042952991558,0.14738779321376055,0.1787295519222982,0.20415771232438623,0.2182787264499428,0.21413587407508636,0.1981348093153743,0.18393180970059808,0.17721449205595055,0.18245125309661261,0.18256114571140236,0.1736377618769687,0.1560935005430635,0.14986935104897461,0.1578079103740332,0.15656496140103948,0.13588319627533715,0.11257328402636327,0.09967019033849071,0.10215198740541656,0.11781190563574637,0.14019762310450734,0.15074518370488368,0.1513200876209762,0.14522320882008574,0.12636307505743638,0.0908231530087482,0.045889548400514,0.0027326101019792457,-0.028209192997175416,-0.044468873365036514,-0.04920083065322923,-0.04544730485216093,-0.031161044305905272,-0.009645362103125736,0.019781393951902537,0.05533917979879351,0.08707470437777723,0.10496254545567564,0.1061396596199986,0.09064000555626169,0.05456006496132042,-0.00024108383002258146,-0.07718843072424082,-0.16040308036877418,-0.23031806646390854,-0.26920065548785377,-0.2647910249029208,-0.24903281489599155,-0.22489152457267095,-0.1864575049224156,-0.1465235453603583,-0.09059522681149487,-0.02903108931517507,0.015334179204612964,0.03177096153273611,0.02832520233096668,0.012055574007102478,-0.011682061673239034,-0.03116319935504068,-0.04232531315392212,-0.04831673610989023,-0.0495341373202118,-0.046160150337096875,-0.04126634565464606,-0.03553543578210983,-0.032821373563278154,-0.03408849107936468,-0.03807007363693131,-0.0363851931061443,-0.026295769706505386,-0.008622584759653398,0.01029630304818542,0.022316373434523015,0.027288026059526044,0.029842977023238255,0.04078105444857013,0.07491791305510863,0.13577480134214692,0.21510472524357033,0.29892450953077965,0.37607935892103234,0.4387859509255206,0.470580155907037,0.4403225292511317,0.3441074902413592,0.23513488187480697,0.14744067482218773,0.08062366273563801,0.03949145561864852,0.013324729966503496,-0.0011299144633600483,-0.0026059513749146913,-0.0011269852904052607,-0.027452900786735946,-0.10490877285160995,-0.2058427521248569,-0.2740815935029327,-0.28698690513375597,-0.25593794285933164,-0.2017803434124975,-0.15229805920267458,-0.13360723764814117,-0.14762595705901552,-0.17243554139630926,-0.19115386439686052,-0.18917128869533684,-0.16466191873926475,-0.1256103254432061,-0.08688435047533752,-0.05631946782571872,-0.0335531234996666,-0.011784588522798909,0.014187052044295923,0.049020940753713355,0.08620990314174476,0.10486536752908986,0.09631194571685053,0.06545149395598393,0.03414193300428326,0.01782574319146526,0.03285978872250258,0.06435748769427614,0.09464094650135431,0.1172024969066037,0.13345677736398923,0.11930467922907058,0.06017920070739242,-0.028053935438937666,-0.09961852604409961,-0.14426140062014167,-0.16397714139321967,-0.16580919039645733,-0.14191171094191987,-0.10012688361608987,-0.057713532953437445,-0.035640422666586874,-0.03757044907238555,-0.06569330409982574,-0.10565538401669008,-0.14140260916104452,-0.1593242972980425,-0.1483810501360261,-0.0925693048893996,0.004203256552675029,0.11657369903603262,0.2088115463626324,0.26039349201405865,0.2650843018700137,0.2311812582472167,0.17458662865869753,0.11403766132904244,0.05759619970880546,0.004336081882887254,-0.04487747964691685,-0.09076499010332492,-0.14030020778001803,-0.1943804536276519,-0.24724344240286836,-0.2774139978297378,-0.26936681074651664,-0.2216714451922966,-0.14041031365155696,-0.04778780082712036,0.030913637564545952,0.080897082926944,0.10283256501215088,0.10809435340219482,0.10622930626436242,0.11015416224872371,0.12841700465241657,0.15313648515076633,0.17876271968882348,0.19502253795183788,0.20764038977442884,0.2183942404525164,0.21966727557367247,0.20509803781187622,0.17975723236696098,0.14821019366525526,0.12047799385190999,0.09925468063423132,0.07976983165521823,0.06555175185169204,0.0588354894807867,0.053829019668068155,0.048492625304350036,0.04805748244482055,0.055746733196440426,0.07121350461075031,0.0862529746633927,0.09385145668568182,0.0945456021130603,0.08627037887962465,0.06557637842979015,0.035485475429742244,-0.003635497764748035,-0.0517939214631809,-0.11144879549449488,-0.1716272001750646,-0.22764362329863247,-0.2804187189666703,-0.3139129867868246,-0.3202091257184889,-0.2960139872255571,-0.26061647048439707,-0.22310364526133675,-0.18788759772099117,-0.15981924965819713,-0.15983134630503465,-0.1817782088122741,-0.20497713832555794,-0.21177794088937785,-0.1926275514212274,-0.15155000172309357,-0.10748232435176329,-0.06465820350878866,-0.03218755248634471,-0.020758978743526807,-0.03212040313144599,-0.059506803357473895,-0.08384795756596401,-0.09500706367484864,-0.09364537176174918,-0.07977760363340917,-0.06221674119560491,-0.042625743858308814,-0.013727216497985285,0.023940562923917618,0.05830724047803921,0.08150156242049054,0.08918374615457868,0.08274923200577741,0.07160236960569796,0.0671174098214337,0.07205595449664415,0.08271336066133174,0.09526416933306957,0.11070996927967701,0.13831130365045288,0.18907451613948195,0.24895114820154612,0.2762064755047965,0.22557324725845712,0.04273092522297585,-0.28029606569770565,-0.6001882508965652,-0.7721913589141921,-0.8185489244938046,-0.7620281889078055,-0.5663747124272186,-0.24616275982199928,0.01384877051799945,0.13670373016611323,0.1660655418756855,0.16961500596890897,0.19216235104287582,0.24440780436871676,0.313004232483885,0.3755878865518715,0.42075468748251244,0.44911693359709476,0.45102666082822124,0.4187469620148258,0.3537417044318841,0.27062177314401864,0.1906027183493339,0.12520235584938608,0.0770278585291768,0.04050962639879153,0.015325085080871546,0.005146436142084904,0.010544501020025477,0.02084349702399061,0.017889932242662117,-0.02641057479471399,-0.14750137427697363,-0.3283775933851609,-0.4966462224558177,-0.6059450937493777,-0.6663169487980917,-0.6932736752876147,-0.6912994008910581,-0.6634054018444516,-0.6108198786499424,-0.5538701861999832,-0.5068222747790262,-0.450311376105089,-0.380241728784199,-0.31428997888179905,-0.2495352188396982,-0.1835605743694162,-0.12367306802549174,-0.06917163510202529,-0.024401523521249642,0.0030709545198309195,0.016553141088005735,0.01864563987043034,0.0036906678962001557,-0.02413393174596642,-0.05323619793019092,-0.07132020611922711,-0.08313252266336488,-0.08736790865413865,-0.08031807237982151,-0.06358779742127278,-0.050040929660903406,-0.042015266161176,-0.033976645742289036,-0.023937441799641013,-0.011185413667747014,0.004313322707316302,0.022378875583082436,0.05208092980045933,0.08765921808649961,0.12690382332103486,0.1656032736530898,0.1944496447168695,0.2030591503665304,0.1899641485927209,0.17503747436993397,0.18114455865898407,0.23176439349926797,0.31176182510293715,0.3531638438409582,0.3478600372042574,0.3393737260418473,0.3364964922152949,0.3325322367504187,0.3179426775897656,0.2921815115109217,0.2695677575263902,0.25357995008008394,0.2413510586155676,0.22783415496010923,0.21327115410914793,0.18884477579239273,0.1447850007773945,0.0844321506179394,0.02322580383991258,-0.017346991841701794,-0.027442428920107564,-0.013672254058609001,0.009016242374099,0.027254792254650433,0.02923374052679653,0.021386882608146664,0.013328917563991625,0.010975435052170114,0.011199762046670135,0.016987585139783108,0.027988557055295956,0.040393027605829135,0.058981736446041724,0.08114860769154039,0.10275134019423057,0.11065679365982231,0.09855693388540417,0.07044676686693992,0.04381711116340239,0.02558575821156191,0.015130785427994465,0.026156288235390717,0.06617875028603597,0.12310199900384973,0.1564402411369535,0.13142543222966513,0.071459137925618,0.04202516019924839,0.08193617597899572,0.1507019587908323,0.22505408975055255,0.29582691561113506,0.3569634831254498,0.4002528156877626,0.4244369046789616,0.45266468201180465,0.4873669199772805,0.5083795402796197,0.49238166673491357,0.4256668198868621,0.3208599665400638,0.19508812780676024,0.05628980860523251,-0.0908416921046559,-0.23825637298958124,-0.37311975908158873,-0.4780909310252107,-0.5498564149811264,-0.5995112703675888,-0.6376551248495805,-0.6686916340472563,-0.6955307843554578,-0.7170944503484039,-0.7283398744665444,-0.7208784418391518,-0.6872370456209278,-0.6229462952973281,-0.5137744276850862,-0.3292742405332862,-0.03403910872355594,0.3322444936510132,0.6150292117078394,0.723289509646598,0.724983368640901,0.6909785361211517,0.6500485443922337,0.6026757149015101,0.5448207467233389,0.48065820477403287,0.4216799369811692,0.37138918698244044,0.33764183845863577,0.33368328228967414,0.3603868133891143,0.3903576966121974,0.3953915781587668,0.3569427024123979,0.26980644220387406,0.12891713478179134,-0.020943762390833804,-0.06623049368809575,0.01670832925860002,0.13282885295767696,0.21695726470693477,0.2660290443641661,0.29042183442603364,0.28872872685163764,0.26133893060469066,0.2125776440433247,0.15239689452331426,0.09374016395837853,0.05003841180778678,0.02532097673005643,0.015188785510930022,0.004339831066375869,-0.023270915374624224,-0.06823368735318547,-0.11484626775911971,-0.1434370057236654,-0.1417608831912218,-0.10751455644642557,-0.048346431196383925,0.019533030063623558,0.0817584344674972,0.12331167270145421,0.12470839918271885,0.0824706293015942,0.010600622052635782,-0.04979684587681396,-0.06843911731145254,-0.0598542247086348,-0.050612929240840786,-0.05192561075899431,-0.056365699656269606,-0.05701355055581674,-0.04676880604322287,-0.02474085388257035,0.0010978140643708246,0.018273300492051593,0.022181927927668404,0.013890845099866678,0.00126248354309209,-0.009529467089162556,-0.015230070862030582,-0.02419370877406163,-0.03529581088802614,-0.04166257590203545,-0.035851706639730654,-0.015358209042325516,0.01429168318159437,0.04788439180026527,0.07451944418366002,0.08265532913671204,0.07636564665760925,0.06825527346825605,0.0680440439680375,0.07344804762207989,0.08713448792657019,0.12110374366260264,0.16842322002325213,0.2171414949712719,0.24461917661463345,0.24507025029897878,0.22795855999631326,0.203027156491146,0.17055217374059028,0.10911744569271428,-0.0010082274933874609,-0.10703942655832996,-0.15378639692260365,-0.11870536399625826,0.006517434471926903,0.17020366093830272,0.29262233017872336,0.33856546536288884,0.29693237175139336,0.1549407134749659,-0.07200340064210103,-0.29280572261077303,-0.41034893624086255,-0.40544068308111597,-0.3172251122354613,-0.20384907513999387,-0.1151552040689832,-0.06509446726101012,-0.04757392556550352,-0.05400249003910323,-0.07329085014785673,-0.09044925793250358,-0.09722674866783779,-0.09423523283234692,-0.08939004137184726,-0.09599323862097417,-0.12261982090870854,-0.16961455165821962,-0.215801137806794,-0.2350993652055233,-0.2326471903112754,-0.22857540593665188,-0.23922717692403941,-0.2702906376579949,-0.3086975678281222,-0.3472891699086713,-0.37585231311137984,-0.3954957767623631,-0.4088144348382472,-0.409877862134689,-0.37170379347225,-0.29673937484285756,-0.2285734831174256,-0.18406760610017522,-0.15311340932853007,-0.12235608569042358,-0.08000451137220312,-0.012846474446838303,0.07413472283802501,0.14885228658850397,0.18493286376517962,0.17880400276920366,0.1352525894507517,0.07077119026250558,0.009788496706002155,-0.035729958705613046,-0.06867502184919926,-0.08692636138899483,-0.08726201660086588,-0.0739392255224103,-0.05386944942775813,-0.04262417464884068,-0.0711844119193142,-0.16063207431324858,-0.2962266020019099,-0.4319531047667905,-0.5263801099269872,-0.5635527345741819,-0.5215916692898548,-0.3405179666685444,0.02599713213175934,0.41623643886890305,0.6312803279673442,0.7089358372604992,0.7122449333702743,0.6662820177494426,0.5709483538022767,0.42019459048310526,0.2290628444766633,0.07241814470807938,0.063618682093678,0.22466390977445433,0.4230913709944938,0.5338019994663495,0.5527305879013521,0.5057538391085268,0.42716082133022076,0.3481535436005121,0.2883720252163255,0.2469270840758336,0.20909675607456504,0.1687963802583138,0.126639358485134,0.08581510573421713,0.0461164361665961,0.006578641890920641,-0.036228401410655676,-0.08277673418284891,-0.11666015927524007,-0.1194177077723843,-0.07982728466888665,-0.008147107119292894,0.0698319419507477,0.1266196856426663,0.15640534552450014,0.15466811064525415,0.13141704228564405,0.09506006833475363,0.057016726776846244,0.016225981667717396,-0.023188679913119892,-0.053947747415938406,-0.07943715005312045,-0.11088394793815827,-0.17020482879008628,-0.25566979112589294,-0.3471645268357288,-0.40417898815858433,-0.4111104175756542,-0.3727305901034499,-0.32585272051115094,-0.2813291701691399,-0.21460697487339175,-0.13630577396575258,-0.07318743824077557,-0.03170790517344561,-0.010858064638032005,-0.0019720900195456096,0.0028040851992509968,0.00468039248119926,-0.0013056506653920618,-0.01902828251716597,-0.054390333086882806,-0.0996516573616534,-0.1403053314433233,-0.17089280397633,-0.19358136486542046,-0.20937341192849906,-0.22331573059368673,-0.2387667606018364,-0.2587693333584101,-0.27839553126969824,-0.2810889555264907,-0.25359477037408773,-0.1989555781946931,-0.13217443871639514,-0.06927827060058851,-0.01984624243425695,0.0165600583947193,0.04660221143265628,0.06856761297889934,0.08982748508754577,0.11205561033479619,0.14314376773425677,0.185231929349832,0.2295397190173097,0.2725089671905548,0.3124296616870675,0.3369746908019007,0.3406549121166943,0.32826819694604137,0.3263606398239373,0.3438216893654643,0.3719693857150823,0.38422255709407344,0.35873232969238183,0.2946135171289831,0.22037317834083922,0.1639682149896631,0.1354808771811198,0.12192905735873752,0.11038369681966495,0.09713455882533972,0.08652970020660163,0.08820266578748263,0.09247997814705397,0.09208502335690938,0.0836390516548512,0.07382756727503313,0.06173025812921795,0.0429894828286245,0.019155412247661218,-0.00404123235278088,-0.023421757691167208,-0.040777212478407224,-0.05382710776818028,-0.05735437864917541,-0.04685613747367858,-0.028452137912644584,-0.0168525627506138,-0.014672852364016527,-0.015041569204149353,-0.01839658651862928,-0.02303385403379938,-0.03185608523330492,-0.043031385419174194,-0.05468925338072692,-0.0680233649483324,-0.0885556008818467,-0.11764678314692394,-0.15208991621670384,-0.18066767125072614,-0.19354891182769432,-0.20152348085423877,-0.21049739706275028,-0.21112275009722833,-0.1984229322923017,-0.1694226139867634,-0.13271428530298465,-0.09531217468569451,-0.06945861839634061,-0.06800860879490547,-0.09393798713842604,-0.1297224011032471,-0.15082391564435232,-0.15397721615662252,-0.147619823263488,-0.13513800385882388,-0.12059681354104529,-0.11004108583629395,-0.10194333275493635,-0.09902109151712987,-0.1098595849636471,-0.12912521785545902,-0.14188914132431218,-0.14267787244216912,-0.13463804366117404,-0.10877274867478316,-0.06678441155868672,-0.011505319224351234,0.052528847581933755,0.1082991106478905,0.1492316581357708,0.18773936037504996,0.24345583268291798,0.31583844396956984,0.3766729902085918,0.40234639138428346,0.38208227543506723,0.320396601286386,0.2399299978938008,0.17151151745591076,0.16464559873696194,0.2575950507917952,0.3503174244196695,0.3946963532683334,0.4066752804758589,0.3938206552933481,0.3569718444916706,0.29774058737718223,0.2236164925046089,0.15883932722753383,0.11026508743810076,0.07751607776724817,0.052931966635262916,0.03510401331978091,0.02214768063632199,0.007850393765294282,-0.007247865144747459,-0.01985487610730574,-0.023341991992304585,-0.018640969845849512,-0.017231059283079598,-0.027640592385482516,-0.04949639173937505,-0.08833587415102563,-0.15045159933112284,-0.24498776482204215,-0.3665278665680082,-0.49068488247997194,-0.5942290309287312,-0.6628994876426687,-0.6978245604540438,-0.7031880935096952,-0.6786266412277577,-0.6265505180553891,-0.5580878612339524,-0.49749831132571765,-0.46105624313854576,-0.4381109279126718,-0.41093823802951257,-0.35453921368118235,-0.23953735172550358,-0.09067099670101986,0.04078225423066863,0.12932737717132453,0.17850983963866718,0.2047368128573356,0.22171614733704034,0.2442093158714337,0.2723697053804887,0.2955556626755789,0.29857979652727445,0.27880207292634834,0.24516946894881692,0.20638767427934387,0.1664798099347752,0.13223934585403224,0.11211678551997364,0.10747387030192626,0.11156790345699386,0.1188314523464344,0.12495320589298546,0.12164052518740776,0.1082328374477112,0.09745034220366183,0.09417911163602456,0.10519612377841556,0.12468355458189978,0.14740568568429308,0.1633412728032293,0.16495962753394514,0.15919524132693524,0.14963132349395697,0.14525821225371988,0.14877196596792275,0.1523828287392615,0.15234211547796764,0.15520275321144442,0.17446853936538456,0.22231948031352486,0.28480258891483146,0.305598899895133,0.2684536197347272,0.19569633288308325,0.11021600745385998,0.04195102740130354,0.0017775953074654954,-0.012701154408373317,-0.011637782836422325,0.003182932460820176,0.02505131805963272,0.04706512026250918,0.06490191766014357,0.07392043235327571,0.07105925924671788,0.060172994935764126,0.044252639928034465,0.02636662097459185,0.009915866418121772,-0.0061200669346426,-0.02178014073015109,-0.03786835812042371,-0.053230428704718225,-0.06175581614150887,-0.06131080730716221,-0.05323500776003296,-0.05437642236630312,-0.06691894221956303,-0.08258052826847673,-0.09323827114904124,-0.08759652343662723,-0.07023712638312997,-0.06022598148095698,-0.07273582878756546,-0.10068517328638305,-0.14421275814865503,-0.21015831742188462,-0.2969507646930069,-0.3465028847916495,-0.3174330493786471,-0.23551979130548278,-0.1671614281731468,-0.13974705715038543,-0.1232155066457639,-0.10166250193452955,-0.08480721118356724,-0.0782656545007352,-0.08613834153858335,-0.09854303357675134,-0.11427067486388562,-0.12890910822139223,-0.12995062059054477,-0.11214731516792241,-0.08537309456949299,-0.06159024922037534,-0.04183204778472311,-0.019734138099452462,0.004779335501464158,0.02793669165549022,0.04368500802249686,0.056520152824483486,0.06482435012904225,0.07252614648071846,0.07750170282310782,0.08115961770251971,0.07565774957184766,0.05468922415592501,0.030543859566176237,0.028329053925237012,0.04216695265689138,0.05561114185101487,0.04854609830349192,0.005435354356887737,-0.07936040410230871,-0.19426148750991004,-0.3138389714441949,-0.4066918952316813,-0.4442057146308533,-0.39758979700868297,-0.2452813631237853,-0.007671201148526567,0.23098661268556264,0.38403301961714015,0.45703289247186557,0.4831734125526784,0.4690468065721,0.42142148715463335,0.3635190386905881,0.3139218845040617,0.2688499018688988,0.21203410381135895,0.15034972126898766,0.10996886870916579,0.09770329231799665,0.10593369450161404,0.12092751207053655,0.13310080596020293,0.13718528159522897,0.13277116798877486,0.12161991626829002,0.10671038531187121,0.08885344112413683,0.06591341252473193,0.0348678367877509,0.00015218873516635007,-0.02564896781385026,-0.03141977287354537,-0.020988684608670694,-0.013968631267446494,-0.028079196070822834,-0.06767971508879651,-0.12113546669838542,-0.16282044656471661,-0.17479539855132814,-0.16223933513871058,-0.14475750794148112,-0.14346339722751694,-0.1647059196434231,-0.1941039189308334,-0.20620623283096312,-0.19989545984080803,-0.20446084941508844,-0.25447645707383293,-0.3459035645699664,-0.45973176517906733,-0.5479018359230567,-0.580589887408198,-0.5526144153159291,-0.4744025679031448,-0.37423030629780013,-0.28230939052453896,-0.22976281176909624,-0.22814108416365506,-0.26315711116697066,-0.30291430261725527,-0.322541725041408,-0.31640222320389505,-0.2904493473411454,-0.2507947090308359,-0.20482895609940555,-0.16018335300401984,-0.11578100140831168,-0.07258997173101941,-0.029207923188132735,0.01760653504351498,0.07967518318369338,0.1683611422337889,0.2754561474546958,0.3675945447432663,0.4166045742854804,0.41842124439908945,0.3880676117339338,0.34145382681685893,0.29932683817467204,0.2758054794770232,0.27321204571796914,0.2856028656715605,0.32083453806906914,0.38231565372374227,0.4341192884135889,0.4385802500623529,0.39393527686510404,0.33365013573589025,0.28911988509450676,0.26712721178623927,0.2548059337667889,0.2319556994294078,0.19543226098337085,0.1490609156296156,0.10298269443503319,0.06951587823130498,0.05717107178514707,0.06726154673775235,0.0980773075051432,0.12770313277942125,0.14249640547925638,0.14854442009635888,0.1480109605867916,0.14337622873290579,0.1320084039358666,0.11795946962253424,0.10407525213197766,0.09492158602151363,0.09093107797429238,0.09014145694387224,0.09417325415145024,0.10876188620226887,0.12606213901016655,0.13189702287824684,0.10677447540739615,0.04950032050347957,-0.029565915195002762,-0.10468535656422469,-0.14196569452728805,-0.10642071337641867,0.02636361958949049,0.23178632234151372,0.3705726135414444,0.39777512018163214,0.3845912309851371,0.3862462240228763,0.418318840132971,0.45621958160912973,0.4725649352499329,0.43895500082998734,0.3380446139002845,0.1805185748361233,0.009425280870818575,-0.14707105602938136,-0.2756375098358884,-0.37891847690567554,-0.4532655693562568,-0.49264624865447115,-0.4970323080321278,-0.4830346427591186,-0.4784256488092969,-0.5027365047118258,-0.5473230650295169,-0.59069797282224,-0.6132015876606628,-0.6043084299969864,-0.5606535835716959,-0.48459902526250864,-0.39096063071055415,-0.2981446712695806,-0.21738018287294605,-0.15415451675713734,-0.10934300073539618,-0.07284589818160309,-0.031593661634196385,0.024029779332419378,0.09433072933240522,0.16344967928575546,0.22175900419434477,0.27954830429901334,0.3654585509090053,0.4746020580433843,0.5467423957211734,0.5405700663038214,0.49369714876499793,0.44339588665060053,0.40462903258214844,0.375943268520043,0.3482616776043548,0.3171482728380706,0.2847744506200566,0.25969192033451927,0.24651065123709504,0.2418846798184837,0.24601271910676334,0.25522634187951154,0.25390069586368474,0.22432326443733253,0.16342838742769053,0.09910523097001174,0.05531649348848037,0.03307457443509631,0.023104061497544466,0.024855111368123288,0.0414952819646556,0.0776614687387522,0.12682641367545525,0.17959141645203622,0.22745268412270878,0.26195893301687595,0.280218478147188,0.26790524835400825,0.21104486616335733,0.11741918838522183,0.027312057544689378,-0.036105273699033706,-0.0785157882088563,-0.11520248665998278,-0.1638239739269947,-0.22376241423233828,-0.2768934025007482,-0.31116217778078636,-0.3186624675637454,-0.3113072429363057,-0.32456652011179105,-0.39944562669935124,-0.5100148028256344,-0.5775261816626811,-0.5603969189932064,-0.4493492857481904,-0.21829204032697025,0.09143994120408615,0.3169443274588686,0.40535184141667574,0.3934316206070693,0.32298586203476953,0.22997263095647524,0.14560184269892204,0.08333368785039558,0.041679736181513855,0.01290816211505275,-0.005989192827058021,-0.012929448175509858,-0.0066584284161012265,0.0037576794108751315,0.01395848109760672,0.018157482450476485,0.013569357077909312,0.0048214115140896765,-0.004086697393944477,-0.005127072692790679,0.00023764754529629007,0.005947113813217939,0.01176643133720656,0.023927664050874053,0.032229047546733953,0.01709175688281861,-0.01691473657836307,-0.05499402246848624,-0.0999435562581139,-0.1778709003986688,-0.31559811157396056,-0.4967095843273551,-0.6090889026021468,-0.5835169325073241,-0.44688047563318384,-0.2696978278976601,-0.1365105738522855,-0.05761103785737813,-0.021148678811642063,-0.015024312630290144,-0.017806350497152408,-0.017994208610354154,-0.008272903914923036,0.006409856492086689,0.012084469768407753,0.006926324595447416,-0.0035274849687089776,-0.011957491698335819,-0.012680393205153833,0.00017448188537397142,0.02525018476214041,0.054027923915945304,0.08587980384435163,0.11514533971242845,0.1329371247687355,0.13243184913155823,0.11507018139648131,0.08576966331874383,0.04273038380714098,-0.006624346368232246,-0.05006757221567089,-0.07215550134445557,-0.06831294678043388,-0.053339419367963596,-0.02835730202382814,0.010164292384529745,0.06352848129184209,0.1136746978000289,0.12770994420420403,0.08225755696572515,-0.0263092954869251,-0.18201633317603214,-0.3329327506145977,-0.4284012220332332,-0.44654505520355997,-0.4155705984363011,-0.3600011391148052,-0.32146606461734395,-0.309061867605165,-0.31229623155032227,-0.30749596469069135,-0.2896235507097658,-0.25657641072843324,-0.20692548160259305,-0.15025751907502147,-0.09740064176439622,-0.061456292556267014,-0.043670867155819304,-0.03939573785395664,-0.03972020369230712,-0.039573988751820915,-0.03520490906447819,-0.026277291099475866,-0.013521243460764906,0.0026097905693596166,0.017892962952264106,0.02773524136554563,0.03374750160038153,0.040496486760865175,0.046222586233364164,0.055383801185251165,0.06924582302543368,0.09414460956291258,0.1332222566087871,0.1751097642015329,0.22135990791893223,0.2782152384912714,0.3598924759007824,0.4586770996191624,0.492717195201772,0.4237998233737236,0.33583763279256557,0.26898220685167423,0.225121792255958,0.19222214158061499,0.16468750582485053,0.1409789729015085,0.12553821771688353,0.1302208031107442,0.15623781309369283,0.1946627178885363,0.22723028807520407,0.2369445655369615,0.21716593436134465,0.1781402396665095,0.12936818306399586,0.08144227739841921,0.04521156599529906,0.02515871443729029,0.02208748072663404,0.02144183520342336,0.019630402388695584,0.010051348990217429,-0.00989951345932335,-0.046142907002680894,-0.10434435156615396,-0.17398711208470746,-0.23696111027489497,-0.2740211716444484,-0.27982931772174285,-0.2610622183993505,-0.2215916151535889,-0.17141655118499616,-0.12492569824849402,-0.0890836235851564,-0.05114522010191362,0.0012067727384721374,0.07190009539429494,0.15472031827095525,0.23045712759564088,0.28869114483425046,0.316448547840939,0.29747814483986135,0.21067178734502043,0.07429738095413853,-0.0657827504456536,-0.17592318146370944,-0.24843078692296014,-0.2836142230594071,-0.2806440228108274,-0.24237464156022032,-0.1917735486743494,-0.1380179795242186,-0.08244159976868484,-0.020381232111848956,0.03961855024635188,0.07483646213564768,0.07312851061984965,0.035497964220472196,-0.02748959301336443,-0.10093611462057404,-0.16420133760433311,-0.19652797481493553,-0.1849641778621235,-0.1307973502174833,-0.05468590590183918,0.011933818794343843,0.04158678295255982,0.028991930704324875,-0.013501211608053934,-0.06510983684235909,-0.1082228899298669,-0.13569210289665484,-0.14700774301495434,-0.1485059653717146,-0.14369983795347396,-0.11793601386638532,-0.05156634210835244,0.06492253065836255,0.21277210749967773,0.3783014085208648,0.4998206424654094,0.5220886469401452,0.4792230173682337,0.42007735821164466,0.3541057508553729,0.28214117284792173,0.21188592596739736,0.15005277953698254,0.10066944192456717,0.06388795979233326,0.026706223867354606,-0.021321750985308596,-0.0890270109834265,-0.1595713368051731,-0.19784314221639124,-0.17713051797710735,-0.10119132925495673,0.009485395575097467,0.127307914416204,0.23142002940660034,0.3058130654471847,0.34854852595382213,0.36007902734357694,0.34093418269115894,0.28442182002747696,0.19970999483411053,0.11790032219483645,0.0711456050590328,0.07419468896199274,0.10944112946666204,0.1562603559007869,0.20075898160586747,0.2396736730999186,0.275973996747556,0.2987560986510266,0.3034182323011075,0.28701687519959057,0.25880674513433566,0.23642337681223588,0.24111423780362887,0.2578653179437352,0.21710670166783233,0.032628055807119714,-0.28458572643313923,-0.5550941380340972,-0.7014054064783151,-0.7654044147526085,-0.7817037227528003,-0.7646489779074586,-0.7146380642318837,-0.6250093295283378,-0.48816688701179267,-0.32489435118790716,-0.1906294608409184,-0.12288409105618343,-0.11284542602307175,-0.12378597933107209,-0.13639160839328224,-0.14504405955127778,-0.14410607803273115,-0.13473543279682923,-0.12270232586212501,-0.11840070342238532,-0.1213995438757648,-0.12470775915687178,-0.12774563606045986,-0.12785027112125322,-0.12478101378021628,-0.10722886537165625,-0.0699908472010058,-0.0163140937626327,0.03486863913513358,0.058905051955660606,0.04285919898029177,-0.011149915726989257,-0.07263740785818049,-0.11003478031594444,-0.09755678383879986,0.017399893874745484,0.26762253108847733,0.550525736063442,0.7078066506640165,0.7572891600581467,0.7410357902306409,0.6854919998838197,0.598383754369232,0.4806014936208271,0.3434194302216221,0.2180849869450516,0.12593959131333435,0.06877275957346865,0.038668193358208376,0.02851650108481571,0.031434088700717,0.041047465182355074,0.04694130788126374,0.04100067999655235,0.02679201012439851,0.015558618990981425,0.011634055030919539,0.018351429545997326,0.028964540928502976,0.02607639656144947,-0.003834591508533247,-0.0619459600895122,-0.13992961208640672,-0.22381858372630492,-0.28902674528474653,-0.3164549795153969,-0.30860921566405575,-0.2766831669307538,-0.2454869515474278,-0.2356870952248002,-0.24591443508638713,-0.2607784101032444,-0.26331882251908995,-0.24889971547087444,-0.23064165918602056,-0.22428792460664143,-0.24091720704414016,-0.27329263784755503,-0.3108330261248142,-0.3205326264880871,-0.25251842348672576,-0.16286113837360003,-0.11369410634351118,-0.10079395973309978,-0.10544580078498886,-0.11839475178709062,-0.1262966958105547,-0.11977241734827539,-0.09477398508015156,-0.049509598005273284,0.00835671784597476,0.06735216171562233,0.11563342302483844,0.14491304815160147,0.15876781852773067,0.16473623041363297,0.1679350327438498,0.16916498695530252,0.16648402759407252,0.15918531483717913,0.149628456912005,0.14616267048980763,0.15439577402144022,0.1657221227295792,0.16387200187804365,0.14133820642961695,0.10335439994993001,0.058722531371033004,0.0153254687169035,-0.015827863363107698,-0.03063272696879021,-0.029563833112288943,-0.016445770808191974,0.010597111181032001,0.0611060174563308,0.13237088150016857,0.21677799346685128,0.3009088967527475,0.35527783737561774,0.3587144829570163,0.3263319868617727,0.2986156484945898,0.2837376803875937,0.280600201955993,0.28218907625353223,0.27254472529119655,0.23880857545026085,0.18494403577225516,0.12917479801744397,0.07889180666612043,0.046113351856606435,0.03241443144226377,0.03114564445745804,0.02912455152821842,0.025016102893683348,0.01670175712943656,0.0073734522412718705,0.006688719096666593,0.01409922291655318,0.015448654500158187,0.003559220204771231,-0.01722662872023552,-0.03636803655025211,-0.04710010277576774,-0.05363070267318914,-0.055357691314268556,-0.05068183842317489,-0.031041511718420286,0.009533672856698447,0.06408108665938278,0.12046681894778591,0.15880948743145362,0.1596763854046332,0.11083211884771835,0.02389950855641243,-0.09240167779987526,-0.2299319753634779,-0.37648138765202677,-0.48550383492017374,-0.5429231775545477,-0.5601943375434406,-0.5461093768523287,-0.5027431210390289,-0.4516724403940924,-0.41515390171671884,-0.3974339157494789,-0.3896449218844856,-0.37585030905596917,-0.34749075625023196,-0.2938857510214681,-0.22374716380693477,-0.15655101390078563,-0.11004766124296697,-0.08924334850920027,-0.08787242821452325,-0.0982483635221262,-0.11136319295492203,-0.12292520257989156,-0.13231087648483922,-0.1385030428130642,-0.14094631681799308,-0.13760912252157845,-0.12099744416510493,-0.08396151996013841,-0.023298976320318285,0.048117239568189696,0.10355782020860976,0.1330221192339939,0.14355584774842492,0.14232613754552698,0.13335348271654085,0.10857049178867959,0.05152131169330392,-0.039815546460993584,-0.16220747706781044,-0.2690407440512764,-0.30390861393066104,-0.23592725004807383,-0.07595895670254424,0.06885486120490399,0.11179150183787086,0.08841637099746413,0.054484650062106316,0.040967214823106134,0.06240397400131653,0.11149663699709228,0.15971239440836185,0.18164441823592228,0.18161062820160584,0.1794497624693825,0.185650092599835,0.20605645768463757,0.23830589733838398,0.265188769967829,0.26420447728375734,0.23645270513394115,0.19031122241023218,0.13511001298652314,0.08613930606178953,0.06469308125356045,0.07866084274073866,0.11181994863429304,0.13950168631028478,0.15376813719628848,0.15743732734909774,0.1569466016611752,0.15224077725798277,0.1362383919394826,0.10320370667507787,0.05579010207810934,0.019753451866164937,0.012510887023711904,0.028236672185249917,0.03650770825578584,-0.011242665147051693,-0.18561696872533018,-0.4805704335128463,-0.682722070033606,-0.7276767752210648,-0.6863478151998743,-0.5878820657989973,-0.4136376214843426,-0.1640976929120928,0.06890474523891973,0.20112713866782603,0.23646637130805584,0.2124748990612463,0.1536096132566885,0.08128387857108882,0.021444545138392498,-0.007757351972801072,-0.007684000528003124,-0.0012077695364609185,0.00020240109314786545,0.001076975858042134,0.002112005887495265,0.004471881463599772,0.01015179111124194,0.023525400684000438,0.040122374345349036,0.056576560833902514,0.07511522162083707,0.10855360510156137,0.16603170700599948,0.23666630177831818,0.2923107855681438,0.29203867958749646,0.2089872884307864,0.04686434489707877,-0.12438273159727221,-0.22153037557668678,-0.20808681905586793,-0.09069733138503923,0.07997477964856749,0.24618770428732967,0.3891941120424717,0.5089182877416335,0.5678177219124861,0.5062188234259355,0.1931105583924845,-0.28075751890049777,-0.5113254048227618,-0.5794536898814486,-0.5919208341735974,-0.5854739409330731,-0.5737346802203359,-0.5525574866653022,-0.5209874509228382,-0.47309255820286106,-0.41365104376000744,-0.3496282180655272,-0.29473993348486144,-0.26906957764588746,-0.2778036071475123,-0.3122875136367613,-0.3434162423753961,-0.34296518040459856,-0.2955642366053747,-0.20638948320312991,-0.09068182484441585,0.027929741022614776,0.1290008766500151,0.2089548405034256,0.2822474309231689,0.356785748443731,0.4188125067056619,0.4472501954205386,0.4343588426095475,0.39448797898217636,0.34376077802942623,0.2920861162960878,0.2395169637029149,0.19251705023119936,0.15673886634000084,0.13233857267599122,0.11303496461225654,0.10361638041689894,0.10940526793328499,0.13041659833064367,0.18224588738738845,0.23046580542112471,0.24748237438495194,0.22397813444419798,0.17578146855499538,0.09578577496076306,-0.0064384216351427055,-0.09795848945399736,-0.16403230221896964,-0.19801530222890829,-0.20570290554723591,-0.20192034650578525,-0.2015652209656715,-0.2116929275243363,-0.2253205205069167,-0.24000169686948755,-0.2557315480031956,-0.2678944708387146,-0.26943648865216513,-0.25006485522567934,-0.21326897842501566,-0.16818808567337634,-0.12457977117672737,-0.09068659033796139,-0.07008857598777028,-0.0637990762384737,-0.06255808390266084,-0.057420044783823024,-0.036118844970394234,0.012555731768692468,0.08521131662693554,0.1672395384930495,0.25150604344698685,0.34368986502066945,0.4603023469207006,0.5989016685306899,0.7112921832966599,0.7625298460375038,0.746283040755986,0.6583337143057085,0.5034824631588836,0.3141338071821379,0.13451721698890906,-0.00277393734401378,-0.06805470111831251,-0.06924619877371621,-0.05037618220225125,-0.04645074255344441,-0.060894270672242116,-0.07631958436472183,-0.06740110764650616,-0.029549577421375327,0.018627507554990538,0.061242168332821416,0.0909156598949431,0.10821964801160704,0.11308610178837761,0.1084968357360072,0.09629883503439043,0.07929799444941278,0.06413917690495044,0.04804230235253579,0.0284211739905958,0.007166203771144084,-0.01276702005299752,-0.027520028851420995,-0.035706954616843006,-0.02855658432787668,0.006586125787648892,0.08298991029327366,0.1906289231531501,0.30215658685969654,0.38835044584071216,0.4295889584614171,0.43226037859484795,0.4244418149351261,0.38788479842803786,0.0368352295568532,-0.08702277357273695,-0.10751011648132967,-0.10260284076555364,-0.0987630710050079,-0.11489827141072942,-0.1650583891540278,-0.25713325642533413,-0.3754981191043315,-0.4862414190014852,-0.5605324846022579,-0.582411585782866,-0.5424611454930462,-0.43963932298610414,-0.28453930986824094,-0.11160588513134154,0.025154993652198372,0.09905571020405203,0.11971478917276723,0.10499787533835547,0.05053726322763103,-0.050928677104257,-0.1908865998019351,-0.33344295042482147,-0.4353721585807814,-0.46605861700170004,-0.431282558571277,-0.3650206855045722,-0.3173991402987165,-0.31174423594683554,-0.3350515456104489,-0.3528933456930027,-0.34145789082253536,-0.2953671823772912,-0.20268715899667508,-0.0682809565178344,0.08079665762596351,0.22477909772180174,0.34041582577816226,0.4272192674834002,0.4796260352384421,0.5035226495677936,0.5080781554868353,0.5099700268778284,0.5130391866984895,0.5176906629392171,0.5166902434334765,0.5083159253946684,0.48339993408245924,0.439794763947721,0.37503305039262796,0.2879732449798201,0.1909797251432957,0.10402038875215412,0.03293324811366292,-0.03046054806220984,-0.09475472911551726,-0.16254179926443724,-0.22502145013894972,-0.2728175291719225,-0.2947748218973888,-0.27690498744085473,-0.20693807576111176,-0.08893506511318242,0.050078475902888636,0.17180856985018345,0.24957980816069228,0.2742343559581407,0.2560837022915438,0.21371618732536113,0.1681048850387855,0.12815546534168618,0.09679972380413993,0.07179122162794935,0.05180687264867208,0.030214761250371744,0.008876409012835918,-0.0022804251859779544,0.013889462368241845,0.06431780166298638,0.1285387955146865,0.1547192823240548,0.1086695943019119,-0.006648300838556875,-0.133549935319461,-0.21161509051228536,-0.24829420107907563,-0.25589418866744884,-0.24647063148287435,-0.22520016973315404,-0.19740882723316677,-0.1570647341750045,-0.1005341589300772,-0.03601668526327592,0.015484075949188457,0.04189156099781894,0.05514202877189171,0.06699655494137269,0.07903960831887759,0.08624542049877096,0.08699244789928444,0.07593071335441341,0.05191047508946868,0.019229640854288344,-0.013698434880339309,-0.03873970236596143,-0.061449008522029745,-0.09660494373550767,-0.14605233288198888,-0.19073046879781366,-0.2076907326583677,-0.19718770161967472,-0.18385170895218722,-0.18078577663895679,-0.2024273180386985,-0.26084681402998405,-0.3392207124927803,-0.41435581335995597,-0.4814146262921554,-0.5378607029621407,-0.5763859604799249,-0.5741429065010778,-0.45119117557971494,-0.06809025241848964,0.3982335828097954,0.6170043592451747,0.6665305803721724,0.6161537273328349,0.47161414891219333,0.27612801342235443,0.1300605417384685,0.07508139782928644,0.08705231370146001,0.1221879452962175,0.1483472277618355,0.15070181469275942,0.12876129020729998,0.08496326165387105,0.03746176211992183,0.0060902396354285265,0.004421365650934937,0.021964782155809187,0.04625419659832537,0.06807041383322915,0.07526921876896853,0.06660927908657897,0.04916243443286437,0.033382837889527346,0.018853614908746433,-0.0017776466904143673,-0.022196903828945545,-0.03447388344007032,-0.037582042897133024,-0.031364654261489246,-0.017077874426743647,0.0007872543473793259,0.02224854001173281,0.05251401689562414,0.07847136065928804,0.0820760534498307,0.05587116163643504,0.018628860226781417,0.00302340751757979,0.022545521582774487,0.055608835297930224,0.08414480543485509,0.11357905688751216,0.14054292005072838,0.1611201022002114,0.1812971514253408,0.19084002649453685,0.18698032383878124,0.17279112027295734,0.14579938027768094,0.10730541476392239,0.03916629375980747,-0.058210861475224175,-0.164113954333285,-0.2464190014972242,-0.29028710005053004,-0.3043512222210624,-0.29527793848301526,-0.27542800729583095,-0.25704317412661937,-0.2508854569467774,-0.25999954258366226,-0.2848836636320628,-0.31043786773423426,-0.311934803374372,-0.2680813484344982,-0.16042584492100767,-0.006266989612616345,0.1462051491640207,0.24973616403560667,0.2810679820440217,0.2458749522719559,0.1810584393448242,0.12496711662885204,0.10532804302673802,0.14086820331954936,0.22270147060785644,0.3110826378282421,0.3550853629316617,0.34054560535080053,0.2741846382226867,0.186554476306371,0.10636001121893005,0.05363343763443859,0.03270291219638286,0.0416149115077809,0.0694858127815432,0.09913694129254756,0.1187059269988996,0.1241768526452622,0.12406772843524842,0.12132483353012,0.11504732383984431,0.11380610159851309,0.11687384382428502,0.11707178408995611,0.10534239796408346,0.08066632128800422,0.05732452673580613,0.04416921736417591,0.0386463706398419,0.040658402219605004,0.04779385559917583,0.050254975193678754,0.04336765343830306,0.030877806618950874,0.017570577992142962,0.012191861996395895,0.013880125656120651,0.012394087518720606,0.002461853064330716,-0.0159006829276128,-0.03967116004941199,-0.07255757673339526,-0.10007053270620435,-0.13189667193883972,-0.1653456575832492,-0.1980344781017657,-0.23152263732791528,-0.2517411866151192,-0.25295729841735287,-0.23644733982156524,-0.2150626399518956,-0.1874975924953486,-0.16392405971410365,-0.15126477365350338,-0.14382611356883213,-0.1304521276492244,-0.10781209631999034,-0.08720355201578257,-0.08179331053003874,-0.09043966539800088,-0.09661538921658325,-0.09633643054981321,-0.08950704676330024,-0.08568743086489537,-0.08225254173756803,-0.07553291465195514,-0.05850015012589079,-0.032021041203371105,-0.006061602388164065,0.01137821690710671,0.02832924720056669,0.048739139258061275,0.07165319598744493,0.10068091263241752,0.13270728440513094,0.15763785883090095,0.17054145525353456,0.1718909554246161,0.17201451103195914,0.168908684869096,0.1590710545844864,0.13573948704480363,0.09819984872771974,0.03646663003277663,-0.04840610330466419,-0.15590856111446308,-0.28803424173312836,-0.4035201952805977,-0.45588056334055327,-0.4673374875943655,-0.459144687723279,-0.4287788209067727,-0.36168501700835587,-0.24610948337968247,-0.09319008839456303,0.08259439900153326,0.24707395934106732,0.3742951484545645,0.4707812541366559,0.5360527403642882,0.5568472973842301,0.5332919359135841,0.4684689574529466,0.370308851820859,0.27423843621215355,0.19895271184106647,0.14980296713860666,0.11602341046690683,0.08092083894382808,0.019220625305539647,-0.08663171009137706,-0.22075753575147122,-0.33275066549782956,-0.39162479886062557,-0.3821602954637171,-0.2992172627109979,-0.1562495952899936,0.013213841880179834,0.16097424359327814
-0.3717112996328826,-0.41615765114536146,-0.4606472976832438,-0.5080515401732626,-0.5407219555364705,-0.5151181889059024,-0.4472256501725944,-0.36935164953046173,-0.2954976810230797,-0.2349877130599327,-0.19089171483438672,-0.1623500481434576,-0.13348266993780109,-0.10599512081321497,-0.08287091424429234,-0.055976856050934935,-0.03191036142533489,-0.01691443556399863,-0.014503412582655669,-0.01857993376852556,-0.02333765015775586,-0.012161937477191978,0.007678788046391586,0.03380888167180323,0.05467038360564239,0.06468629752129522,0.0639576118135573,0.055416802040119596,0.05114558570976515,0.060343922554553425,0.08111440080665647,0.0973570153180297,0.09634701462799118,0.07245667625760377,0.03619269818669825,0.014394022127677849,0.0166056470788108,0.03766292226396116,0.06313199285781541,0.07417668376617824,0.06682088597730772,0.04637114869044628,0.02156345048802159,-0.014678859195498096,-0.07060292357020914,-0.1024840565621878,-0.07678080462308284,-0.03802215283836821,-0.013192695377676448,0.00035913222091269316,0.008931238061007868,0.020437952100255976,0.026697820434865547,0.02370477171436132,0.009858402932033147,-0.003750037352093173,-0.01844218590359163,-0.02300590883161165,-0.026590142376304575,-0.03655164956499614,-0.051162687796549415,-0.062483108285267125,-0.0666349284928391,-0.06439697891410842,-0.05996201758796523,-0.05432071869568267,-0.0463837309547812,-0.037200690104469164,-0.021649479597426163,-0.003952834296021736,0.009795189027338776,0.01826535060833192,0.028388685306898552,0.0449553659586437,0.05502932604176491,0.040264247258221975,0.005786935219175198,-0.02431266554918857,-0.028226723554629643,-0.00801560167398634,0.03321409270658742,0.07546383332208531,0.09689929182243517,0.10345534648531093,0.09771357349390114,0.09281330752784092,0.09938309181440808,0.11274556398241692,0.10863761948931834,0.12792688364391364,0.18495865351229943,0.2358329991486298,0.26795129767716375,0.26837535981685906,0.23817166239767856,0.16648090919706762,0.049671796656145045,-0.08508664403870114,-0.18410766234258982,-0.23078401879846894,-0.23333285014897692,-0.20820048003230757,-0.16642969111013298,-0.12195434824329372,-0.08775828443414949,-0.060018222212940134,-0.03208279990079005,-0.0023888103642006045,0.027155019934124155,0.05666013333504348,0.08638339360700181,0.11963248061963255,0.15321794771729969,0.18646542596578744,0.2146615172648415,0.2326345419582056,0.24544664609216552,0.2594392209789026,0.27667317047807516,0.2935312302883235,0.31145466772845765,0.33114015336990166,0.3496933860863864,0.37096180795648503,0.3799546541269856,0.3251401705811606,0.2090701053119476,0.10760383004186942,0.05095672678673912,0.018635640785935832,-0.00015247170134499114,-0.01470508082373985,-0.02181309277086938,-0.02599527004064732,-0.022665341146326633,-0.006434908969217614,0.020594699628927265,0.03149595731897283,0.008299255359892852,-0.04025788565791517,-0.08597162613545646,-0.10817769050516472,-0.1150585018270515,-0.11764203401170226,-0.11688865245005448,-0.11003162581173398,-0.10244828184660636,-0.09162963706825018,-0.07999336604866299,-0.07117416365828283,-0.06930770841488873,-0.07681931661024387,-0.0959266372603511,-0.11311990710138675,-0.12462472418222165,-0.1252907538498183,-0.10524742715915068,-0.07806937986164082,-0.060895128345975935,-0.05714111811287134,-0.0629163415223748,-0.08094804750732107,-0.1196825553002675,-0.15866084389848983,-0.1884076981258134,-0.19470928619475766,-0.1842031459483509,-0.1570857553987972,-0.1240936239883772,-0.09846058500656063,-0.08469051565106162,-0.06870917693816248,-0.04060972495944435,-0.008966670909927801,0.00825787129436479,0.008922736644313404,0.006934258659829428,0.010420193391322219,0.018168718867853723,0.02587199417098682,0.03006999132660421,0.03564166219103691,0.041262309939619046,0.04284140848306081,0.03945969697406222,0.027961807629239194,0.01620453539080982,0.017606851146019908,0.04138882255287948,0.08089299240213343,0.11982002795684302,0.15237354266357675,0.17697126615147252,0.20206686200447616,0.22924208483157243,0.26552229208419614,0.3154023492460676,0.3736830426905061,0.42384047611441716,0.44535157505032463,0.4195850408578442,0.33691602701125417,0.21563768086578938,0.09256767833262408,-0.014102747546349922,-0.10709610881680272,-0.11233591554807694,-0.02820570471180327,0.0013387117946676512,-0.01125485904504828,-0.038176371969409574,-0.05861472098000122,-0.06434612997087615,-0.06281321724886707,-0.06640837722540607,-0.08409813905735897,-0.11163905809026023,-0.13481989956097157,-0.13893307897917584,-0.11958983125948747,-0.08627098414187748,-0.051787402120553584,-0.028704888266251494,-0.01599980943045266,-0.002515755267572135,0.024808818124278438,0.07041608253101692,0.1211188868973505,0.14529865557786176,0.12604614025430502,0.06234880828861866,-0.032372759151562965,-0.12294441058665902,-0.18965417897815784,-0.2363194389930061,-0.2697232849170739,-0.29244935591135324,-0.2998495842631431,-0.29665484106899115,-0.2696653578871459,-0.21387717725716357,-0.17183046120359718,-0.18093321409919072,-0.29067480767017634,-0.43365756783036585,-0.4995875573980106,-0.47228059789252913,-0.39503894207605916,-0.30826737303027235,-0.22070916955131104,-0.13601921653092744,-0.06178028839418217,-0.004011431464905658,0.03625950388978055,0.060769882004872586,0.07077292265498758,0.0762225052464382,0.08557568839437453,0.09541198825656012,0.08850719309845094,0.06643214352523143,0.04490890507565409,0.03669386761082029,0.04368095693905322,0.05647129290541741,0.07271580791713937,0.08850631524925345,0.10143299681026932,0.10988114548524032,0.10621143093181332,0.09102985270321108,0.06734615021007384,0.03957288451097823,0.012464063921748599,-0.01015915181364534,-0.021623109065262255,-0.012799886731992085,0.02019914327862419,0.054576612750458324,0.08180038449501079,0.10662870418535403,0.14221577260811863,0.18339251236360543,0.21441632466671057,0.22808306222748448,0.22868195549335635,0.2204364844673396,0.20518265069329772,0.16684836682989096,0.07531750043432166,-0.05290359685603184,-0.11634711509494318,-0.11528202452769078,-0.09374020478489849,-0.07924668356241923,-0.07518860711806004,-0.07406464054163922,-0.06421399334508268,-0.04786346255627025,-0.031306038513443095,-0.014574873204949974,0.007713768727868737,0.03573107886990351,0.06104205901896811,0.08042760982575624,0.08958591481176414,0.0874206010655851,0.07343301415212276,0.05107892219058542,0.025211872593617478,-0.0011267059642930382,-0.021458273441877368,-0.02722482618173554,-0.01506050369873006,0.0015356594733667208,0.005959746597161358,-0.003920563282844629,-0.024715025694447494,-0.0631781833452552,-0.1333228545378735,-0.22891669857423524,-0.3194956704249583,-0.3823703641490714,-0.4098792057496044,-0.39964241474240103,-0.3625603842157477,-0.3037781162554163,-0.21177259220741287,-0.09103641023408267,0.02775984525347692,0.11482780530891752,0.16119139994355275,0.1582896720283363,0.10054240901317595,0.002798501489094459,-0.10263063311704763,-0.18001392154907292,-0.21337024663104293,-0.2027769137473959,-0.15712955585038652,-0.09382384620599926,-0.03785587534056533,0.0008415025267021094,0.03528001017165959,0.0762249615232906,0.1266184619488291,0.18490363517250583,0.24166816001957017,0.291973333330461,0.33038849633461115,0.34761494332155096,0.3349852852715461,0.3052774061539906,0.27538993339593365,0.2522116701008487,0.2352727354826915,0.2192369992859789,0.20881138488782977,0.21322202112646235,0.2354227920698845,0.2662125450202577,0.27770984717273123,0.25018496512393734,0.17651765465801053,0.0551115249006,-0.11386884966867349,-0.2808481221281007,-0.3647297640432774,-0.36508718389094724,-0.31426820337284717,-0.24867346561551473,-0.1963845254045855,-0.1759711270693678,-0.17639948770636954,-0.18118671623539911,-0.18130874115459727,-0.17565032184839705,-0.15996559510233369,-0.1281264368084857,-0.08188404182244889,-0.033768611529529674,0.003361947495405562,0.024499691107986735,0.03170645006688346,0.030830655727112185,0.025823225727348156,0.01445757318725748,-0.004945868561138223,-0.022152910229513524,-0.024838517435861036,-0.0055643127355867695,0.033752929375764205,0.09883508465299018,0.20637146294693529,0.3702426690725892,0.5403972383363861,0.6675242200396322,0.7503040099512904,0.7869675389117744,0.7660531573006073,0.6898893944887267,0.5785892702036539,0.47820375150518607,0.44463976623017315,0.45019266866316393,0.4496399514743178,0.4247528518023592,0.3687982011529517,0.2658345771662455,0.10801873437929838,-0.03748294785055054,-0.14066981497065378,-0.19615871939159876,-0.21792784123203066,-0.21322958198979486,-0.19868005391240362,-0.19115747682437567,-0.1898103998818753,-0.18937408153477597,-0.18752234132120169,-0.18211131227139588,-0.1750122481574018,-0.17222866997101133,-0.17826283402753745,-0.18847379576964673,-0.1996940557247886,-0.2061091020513705,-0.20591592149809274,-0.19886578107382435,-0.18156580741497325,-0.15694948353417962,-0.13110267994580183,-0.1093199597749687,-0.0910329897242803,-0.06826873217048357,-0.03975271334170872,-0.005344575277555251,0.031468135149163155,0.06840396454543121,0.1111901577645015,0.15637122881672982,0.1863751435705022,0.194617870918966,0.18855924435153287,0.18105189762022944,0.17976806998394748,0.17866227628033626,0.1782106636955906,0.1802574476565053,0.18166941373046092,0.17530074781003202,0.1657724637445085,0.15903355617754342,0.16158968141328656,0.1804285756416372,0.20475196818671965,0.2054162115183444,0.16452757970530077,0.1015376985526137,0.04837763194461256,0.014171233883403944,-0.004900125943387141,-0.015172317691208649,-0.01887415982507877,-0.02312707089818982,-0.029056500262174968,-0.03978846434854972,-0.052093196313393174,-0.0677918374158932,-0.0828536277603197,-0.10002616845237992,-0.11723347127748894,-0.1349809346797793,-0.15139065647178054,-0.16442742586605166,-0.17309713533478252,-0.17414997967398244,-0.1646952936226631,-0.14777833802851287,-0.1305887779536897,-0.1336100045589529,-0.17307617434996445,-0.2389380088539382,-0.28303973024478724,-0.27607690016906494,-0.2532226900976186,-0.23405431251837544,-0.20238010885609997,-0.15806463345932592,-0.11867446852759918,-0.09195423034504692,-0.07769320565192643,-0.06728661225429176,-0.05617044386991483,-0.03897448009316714,-0.019159766606845725,-0.001256931783710639,0.004612763573668013,0.0002557554140234343,-0.00546316040929294,0.004835078262570694,0.03622953704618293,0.07891120885653752,0.11792981552948638,0.13673174068417038,0.1332385330368532,0.11585938928205125,0.0910589621214092,0.06677187781110643,0.04806028236488442,0.03884208600313768,0.03905844146461232,0.04497143527413454,0.062287948158331254,0.09749125896629164,0.15483659450994794,0.22812313972826537,0.2987434575929855,0.35108118864046184,0.3805401184224511,0.3757595294571618,0.33543312150653687,0.26084961006516527,0.15164723047661263,0.06123892941446252,0.0749040137852326,0.20141081059572588,0.38339868244904657,0.4274089386597509,0.3222547295385553,0.20714555119638692,0.11450336000008142,0.050622308548008,0.024040234435685984,0.03132889824722803,0.06049017499438332,0.10940400481401842,0.16179723422252404,0.20006330420974364,0.21726517672857165,0.22004114272491085,0.2056341560183185,0.16670232799461643,0.09836083404539397,0.002279940984053711,-0.1058311242794753,-0.19560651613560875,-0.24123707493903113,-0.24210602749375934,-0.21335117903388479,-0.1683954506769321,-0.12082121306360741,-0.07664275412030182,-0.04104144762226248,-0.009489045260308913,0.013649790604391688,0.006360275189019809,-0.03176631560093369,-0.07822395802172018,-0.12741229534995815,-0.19178319287408785,-0.28530975365269884,-0.3570351967934638,-0.3506624433879415,-0.28852320193141856,-0.20118798988029038,-0.11181412829963229,-0.023814416074967974,0.06400467217615734,0.1442187261313408,0.19623007778936097,0.22360814248481264,0.23068627154275306,0.22357186307469715,0.19812121440168903,0.14899387459007704,0.07436454052855337,-0.020834762590099903,-0.11730549589540896,-0.1874777397448253,-0.2132023457240828,-0.1956152850927185,-0.15120718278360207,-0.10063830829675857,-0.05112313239082257,-0.00511727690959621,0.03637009386788446,0.06348567238255774,0.07736074127165257,0.08466451057888176,0.09104219323732969,0.10000108979924903,0.1123589163203258,0.12224681031061256,0.1261360375542627,0.12020954923168493,0.10148781063466174,0.07820929700556128,0.06289542625599201,0.06223309940972765,0.07234420071613146,0.090403224195783,0.11512961008603965,0.14371225258339732,0.17995841929614523,0.21910956122779515,0.24265857931059467,0.24045562460221143,0.21876124840768052,0.20384029570760548,0.2262848107689412,0.29433123410172984,0.37958641893010797,0.42913834265614165,0.4275805110485969,0.38704355585481753,0.3193433359133402,0.23816758482909917,0.16379895607684136,0.1058844734000253,0.061875438096842046,0.024278486943142233,-0.01771599019543093,-0.07224286411560679,-0.13843335310742422,-0.2047029518335191,-0.2543362269172232,-0.2744565741138292,-0.26610818322685376,-0.24069005308583666,-0.2137726600860351,-0.20125152797230095,-0.20888709108784953,-0.23384229283037442,-0.26560987113194084,-0.2927129524816397,-0.3086540370263624,-0.30448453422237143,-0.28038332896248386,-0.2518953664679405,-0.2193731460889303,-0.18090158735130557,-0.14128245681984553,-0.10756540965266342,-0.09366168201539204,-0.10503656864244691,-0.14686757315335752,-0.20466364243533508,-0.21487196383019136,-0.17430684474856237,-0.12975367123809006,-0.11193411090107896,-0.11004743793019706,-0.10716459831764219,-0.09720182000979123,-0.07413842936154688,-0.03848662830238303,-0.00016569141236170274,0.02834567797074397,0.0534227476125872,0.07131510660068069,0.07769210950276027,0.06283325964969358,0.029632568362568716,-0.013121911148676378,-0.05290638454686295,-0.08409588257577971,-0.10354676606253391,-0.10924049326243794,-0.1069590363358644,-0.09819948782165795,-0.08450924443563101,-0.061045830212486996,-0.024144062988737204,0.022248632475444785,0.06613940896715856,0.09372520352288602,0.11222457740223779,0.1350943467663944,0.1723895216237091,0.22221863461272512,0.27518031864621567,0.30808979820419,0.30719660899767726,0.2911519538679004,0.2743069884969742,0.2513952485507329,0.2268960388980825,0.2133881287067086,0.21704883786402493,0.23285986473095874,0.2492586355232473,0.255108730066499,0.24611057864337196,0.22407154899389395,0.19345852101745906,0.1623792777497511,0.1323623879486512,0.10800352097684102,0.08913667908590092,0.07438935583438773,0.054115164036035904,0.027527510562103515,0.0031174796466543805,-0.02785074862939598,-0.07107313290089241,-0.12911310341085713,-0.1874586175573126,-0.21895843146637686,-0.21794881318511816,-0.19598940096725628,-0.1656976006868323,-0.1432027638173863,-0.12628631065794454,-0.1159756852099231,-0.10746318704394699,-0.09676331334449266,-0.07933411566125734,-0.04724179908639499,-0.006423238014696373,0.03221614779770566,0.05870212282825129,0.04677430887274721,-0.007686484065655295,-0.07293279341547435,-0.13027120446698373,-0.17407876819173757,-0.2053946800142051,-0.22122299176502466,-0.2224839580629154,-0.20794278884542558,-0.17637860721909282,-0.13565411499862917,-0.1020947939771909,-0.08160317568239253,-0.07834520392351765,-0.09025016183615282,-0.1104546227863598,-0.12805898381309774,-0.12529974220234993,-0.09752853675421237,-0.0525705618620822,0.0018125681393922793,0.04929889375074198,0.07415858747747268,0.07909971664035066,0.07113661871615784,0.06395849647698804,0.06314198836431026,0.07560361735913732,0.1015562739393911,0.1295016538322869,0.1497082925131502,0.15474402929211586,0.14362814615517755,0.1190962563995847,0.08798145717331363,0.06033092985994866,0.04585406225050426,0.04283595389859921,0.05808144820637177,0.07829688425494227,0.10315114696142591,0.15385250287479127,0.24801662398216356,0.32469052120119135,0.3461867539285264,0.29828249170055415,0.2220830403990996,0.1534420208940247,0.10837187358524256,0.08305850226091689,0.07162508257358323,0.06708472892769508,0.05797632281096449,0.048141323969884686,0.04864514274220686,0.06415981861430951,0.08324143416160094,0.08235430827393134,0.057356145596009864,0.006446134275249978,-0.05780253419329063,-0.11824831631368264,-0.16387689404367178,-0.18668756099324976,-0.18805096366912621,-0.16589468973154003,-0.1288525717920762,-0.0904865250847809,-0.05537154330174301,-0.019068420663533682,0.02029024576117585,0.06647471702380083,0.12652050385380312,0.19596725020663658,0.2407476780772557,0.23664016490112091,0.19050870884021373,0.12131338157667315,0.05160447233203778,-0.006936224932763939,-0.04230831197892414,-0.04316968897894179,-0.003907118923549179,0.050717876600652065,0.07954654126594361,0.07842267204110556,0.0506223679917773,0.018241164381481864,0.009421322018814963,0.027206725214344342,0.0715714137717763,0.11254322603208912,0.13237778568747238,0.1477920657179959,0.1449799856248783,0.12469173134968305,0.08028411710684243,0.02234467059638293,-0.028079935842828675,-0.0499526489544544,-0.040630693201711414,-0.009422069170718257,0.025399066568690887,0.05867576263903452,0.0870580287834626,0.1121652752047487,0.1274900530428517,0.12784828543428184,0.10558055035748366,0.07454419363990836,0.04333392491942487,0.02057810636438634,0.010189754125825564,0.013945866131420927,0.02512078888410518,0.03548297056423687,0.035806306929135265,0.025693251344493347,0.003573316990526955,-0.032652721080332306,-0.0867155451339008,-0.1578304532526875,-0.2245887376663146,-0.24322384026582727,-0.17956213916732516,-0.03823838373192303,0.06434327443798075,0.09036618620076897,0.0778237315453384,0.04692608624718128,0.002929868641824296,-0.05443183136220475,-0.11636861271335712,-0.16538754805331146,-0.19786990479879635,-0.2113189224201728,-0.1970283738893255,-0.14908000076296446,-0.07560695191971273,0.0026907298193212317,0.0653540540447442,0.09865222818198754,0.10411848216840987,0.08872397020766346,0.05541964881447259,0.012985347647136564,-0.031238446517890078,-0.07835311814501034,-0.14169451392530633,-0.22240504881643827,-0.29690843703673037,-0.327347959880769,-0.3099688027209551,-0.26065183722744467,-0.20120544076977812,-0.1502357679520119,-0.12196069458268319,-0.12161549296048423,-0.14682850220538396,-0.1848425946453488,-0.2256162039563766,-0.2611529319507075,-0.2771314221704016,-0.2632607913670104,-0.21405905586913715,-0.1452869297986818,-0.07791254540517029,-0.028080211185544934,0.00994852420819653,0.04144732748709123,0.07051135630408113,0.09586076250243017,0.1136684577991401,0.12847292038678038,0.13998407773797014,0.14609076907899513,0.14183966532011974,0.12664017674663358,0.09753599859285968,0.06864699778954575,0.04875543089330289,0.040957332792876035,0.0409834630510048,0.048693609882351885,0.06908197588872901,0.1047718381775896,0.14070852899844072,0.16873857577082532,0.18100464426260932,0.18490423880291101,0.18657380139776908,0.19552424713881275,0.21132425572698654,0.23445760751761668,0.2563191459228348,0.2657855069148375,0.26769460638230363,0.2670757618107316,0.26546629021906065,0.26658869295341914,0.27593375758168087,0.2803531958761744,0.2725757570556647,0.2559793426901473,0.24076517453634255,0.23929346462272244,0.2492483490158776,0.24822799469451037,0.22190002815332438,0.18474655441490664,0.15508053070068206,0.1273599568841896,0.09342163083167575,0.05717643165350448,0.022447448509682617,-0.0176518404299294,-0.053567134444894485,-0.07782107830679198,-0.08888701031941634,-0.08626764802792741,-0.07317458402921002,-0.059750451432678625,-0.055443090568266275,-0.06364682645291664,-0.08375204439717704,-0.10787768282452825,-0.1287311525488659,-0.1374330240054341,-0.13436136067686444,-0.1286672438173596,-0.12614251011068076,-0.13000011586790947,-0.14166353428984224,-0.15885932614647338,-0.17716332027071174,-0.18929570051814745,-0.1912116585806737,-0.18503829825973378,-0.17805658411784964,-0.17467719467671852,-0.17465660070311056,-0.18654009733667906,-0.21476399634935667,-0.2619740443570545,-0.30822415863775526,-0.3239464480380827,-0.3003335555161424,-0.24107552340066837,-0.18282407125401878,-0.1399037117909931,-0.1137050169861209,-0.09495015769568528,-0.08217842043931724,-0.08137622627066993,-0.08765650242895477,-0.10587031260490966,-0.12549665668754892,-0.12938858317821023,-0.11299977584497396,-0.08599055011561593,-0.056123121813353466,-0.02142000907705749,0.01619313998915669,0.05225866814884916,0.08355330732663792,0.10488400405200411,0.10965655416180524,0.09436298233191719,0.07162569751201496,0.05624492889219902,0.05126642843438827,0.05876525324697448,0.07975496907984571,0.11301618157937841,0.1458200440078786,0.1696932776903189,0.17659753684879084,0.16323715624623586,0.13662786374210847,0.12096820467828677,0.13532872191045958,0.1875937013151943,0.2734457843180912,0.36490772700804214,0.4016677036841382,0.36140206980320694,0.2889197859285725,0.22462528323447917,0.1680860044515933,0.1186504849379215,0.08366272010270533,0.059666915812326984,0.03452470705883094,0.006495258092221645,-0.018683234597216023,-0.03504056993769621,-0.03530054844253104,-0.004254663971829647,0.048804623061296765,0.09775851655158876,0.11360118775630033,0.0928291525336472,0.050717445804640174,0.01633596986221011,-0.0038167550156264873,-0.00905561258914148,0.0075750369084448925,0.040464557022436815,0.07030919624133243,0.07947665459320667,0.06322998725530132,0.040286917220410556,0.0194802004173201,-0.012184343525288976,-0.0748134825484106,-0.16240156702169192,-0.23104789519117153,-0.25612933879959987,-0.2531086784173807,-0.25247480625236135,-0.25496524418641625,-0.25025089590053007,-0.21920438787704694,-0.15806803455132185,-0.1066558770116343,-0.0930095361260302,-0.11532598400435759,-0.1272297828354886,-0.12360636831166283,-0.0970820489909801,-0.046211397492244684,0.045182666084134376,0.1747215588995687,0.29228255697169964,0.3598529355378468,0.36616487977810025,0.32186027984160753,0.23697015694582985,0.13012359225103518,0.026415715491033595,-0.0485890498168422,-0.0709813836512942,-0.04512305546709713,0.01487740474891652,0.08089945582724832,0.1184866143760367,0.10685463758834256,0.04895338169606159,-0.03808308604941948,-0.12695796264322817,-0.19263444330335508,-0.22286125074343513,-0.224922379599491,-0.1968590181273699,-0.11222319144696391,0.022667710420257312,0.13413112667710309,0.1979354496451198,0.23207020081650379,0.2577646054293952,0.27938290536300214,0.3103492307841893,0.3542947477803854,0.3999217719342652,0.4120376275563779,0.36692055810607516,0.24079717242304974,0.07575475030486965,-0.06793897009582864,-0.16526850468794704,-0.2098069439317291,-0.1964970797829216,-0.13683647560738846,-0.07095521543418852,-0.03255421606946764,-0.035341939614195635,-0.07302518866101043,-0.12041391965535468,-0.15138650340632293,-0.14352437735294304,-0.11086766239900102,-0.06660327687903,-0.02590234110950094,-0.0011762164490051513,-0.00013582919080435177,-0.02473881317100092,-0.0642116332986181,-0.09733087385632808,-0.108760084502119,-0.09385260575172986,-0.05773794595750116,-0.012341130369337304,0.03015820873107006,0.05877761587113142,0.0690328643054248,0.07160899116253089,0.05308692796974271,0.002338318899093719,-0.07970349589198378,-0.1814945203531902,-0.2748623816944513,-0.3063436818128171,-0.25621079262924384,-0.1842661786646462,-0.14291706010490088,-0.14537970378529042,-0.13248138719890543,-0.10128288772972435,-0.05870213429540989,-0.0033098240608366762,0.05765434075897285,0.10687128526556391,0.13854648481156248,0.14729820373748206,0.13386420636013457,0.11030011797800476,0.07778617618457717,0.041977214966211984,0.013118854891889036,-0.007735174273891418,-0.02193245807466312,-0.021248871467709124,-0.0038889950225241723,0.025687697811438162,0.05341088865414418,0.07502284492849917,0.09166376839936168,0.11122296187391467,0.1345781981577579,0.1590668587199764,0.17804577609393574,0.1879929373609403,0.18742721906349105,0.17022683930565663,0.1422090610564814,0.11046143584983031,0.07430158589222476,0.04143507720422695,0.012003591676779808,-0.020748780869317012,-0.06163213309526782,-0.12220698799771956,-0.22066740656973863,-0.29141281280287906,-0.325599291232742,-0.3375735269178034,-0.30928701479389015,-0.24341400167072175,-0.1758080804948062,-0.13373556708849407,-0.10855898492864127,-0.07866412559024218,-0.03837965818540143,0.0033488512341305217,0.031516568530492686,0.034046746163184066,0.018245644420879406,-0.0018791816348952266,-0.01752892379722405,-0.02700227229934531,-0.03265946051819389,-0.038620729598268365,-0.046533936120041725,-0.056593265629605864,-0.07200793625282026,-0.09478742102769953,-0.1216366208797099,-0.1449492799616038,-0.15131663370088236,-0.14362543349090623,-0.13272293741990565,-0.1268249435171946,-0.13106046332553992,-0.14619891263979476,-0.16186982798377442,-0.16804479972877467,-0.16616962573727917,-0.16365505007012382,-0.16978696551567446,-0.18821791426146628,-0.21055065350097024,-0.22426409054492252,-0.22260736307792758,-0.21112760190646873,-0.19044509691215145,-0.14403118625759956,-0.07897735156711576,-0.004650527338016256,0.05197777328751204,0.08103619690926109,0.08786962425974884,0.10020688701628132,0.11710365538514853,0.1380553665817524,0.16181773770271424,0.18820342775882482,0.20158737806341767,0.19603248405890827,0.16544548311055385,0.11928331224612942,0.06763727912153797,0.011865332638015315,-0.04033800154371484,-0.08232555861411177,-0.10885902907062073,-0.12343379494535626,-0.12293500779344388,-0.10224423039717893,-0.05775579379584186,0.0025431906312998603,0.05657309463093303,0.09407931058475487,0.10827934873615759,0.10462270405050263,0.09745985044069409,0.09641664875904375,0.09733542610772725,0.09443216566976681,0.08534551140393919,0.08170499600590798,0.09406894408773658,0.1179308477187384,0.1424507351575485,0.1577624227425106,0.15320453980670953,0.1349914914946203,0.11448887864507162,0.0921700980729681,0.06826677830506483,0.06465699806715258,0.0860360321033792,0.11970360032488259,0.14043970412018456,0.1343030044101611,0.10209896420166831,0.05505458484575151,0.00404654573357566,-0.03896416150188968,-0.05997217301084674,-0.05313604060757167,-0.025439486943544677,0.011708245143628724,0.045043146919843936,0.06888754300205768,0.08547827525200943,0.09461877451098714,0.0955916647683268,0.0905442425436734,0.07410764352951907,0.040952836715419765,-0.006382721022164342,-0.06709036218290454,-0.1338424174699884,-0.19061826755927783,-0.23186467733212388,-0.25952791178819845,-0.2843549674055229,-0.3003346510253505,-0.3079325417622419,-0.29008901470611664,-0.22701650335756646,-0.11729830106469706,0.009626282295843464,0.10376049389411346,0.13885141897339304,0.12003401943859299,0.06929859521287927,0.020485635782621574,-0.0009230131789707325,-0.00080924290496463,0.0134580331601693,0.046163456356073516,0.08529892537944812,0.11893041560856817,0.13476657557746752,0.12834190834037673,0.1071110426969945,0.07808933368075324,0.051048239790923676,0.029995420759564937,0.0203679905615957,0.025614361882625454,0.04177473007890399,0.05845994305553392,0.06437325937681794,0.060291452543338384,0.05307431762926178,0.055635133104487866,0.07588626318569931,0.10402957446026007,0.12766437664808902,0.13778239007901327,0.13135798146475777,0.11915296371026393,0.10544946978266752,0.09517537932287524,0.08802610952971635,0.08760303228482073,0.08985048352773191,0.09691185679706485,0.09482664890896503,0.07058391350115917,0.03215054814466861,0.017500863109776083,0.06687173679758214,0.11828694828918535,0.11775612844578534,0.10286326540735702,0.08912772285001663,0.06793751037744596,0.029180534333056056,-0.016372125875718554,-0.05720973877976846,-0.09036895978357623,-0.11391418343185683,-0.12391194787477958,-0.1223205260538067,-0.11535873771489351,-0.10886026339792489,-0.09674947173157433,-0.07803581814959722,-0.05987740148225458,-0.04674539582280112,-0.045494155976905995,-0.057528693845929436,-0.07260200432590903,-0.08518706810760986,-0.09019063872943722,-0.08751880313723945,-0.08144515309264128,-0.07940566856006731,-0.08528731637700719,-0.09896869166229683,-0.11714178142562358,-0.14236582056010638,-0.17862524618962353,-0.2110553994885445,-0.23398650803521992,-0.2472814335398405,-0.26176959025189506,-0.2683887194661163,-0.2775329181041977,-0.30776754213467505,-0.3488818336311633,-0.36669652125539914,-0.3146617640254131,-0.214802300670987,-0.12532841128787453,-0.05132938388770289,0.0038910388215889348,0.044507827694547974,0.06401705632396344,0.06393166917048622,0.046069359891747624,0.013245680515252982,-0.02288368421538233,-0.053397750964174096,-0.0717151142717496,-0.07545819737037442,-0.06156297741057536,-0.0318689524744546,0.009231305282620603,0.040889933883339794,0.05525207380907391,0.057906684859255146,0.05332294153711506,0.04623638434684051,0.04475411945310513,0.0562823377853271,0.08100449150227247,0.10549475820043204,0.11710844923799386,0.1139884674959579,0.1026344626628816,0.09252930881639868,0.08892588707782546,0.09369570875778442,0.11151873082946401,0.15073140602790874,0.20410685583218355,0.2572819830289018,0.2845623992795081,0.2740799727775366,0.2404552349531779,0.2098972655444755,0.1991419511995269,0.198900132656983,0.19317307020338922,0.1799000033787711,0.1596018472833094,0.13244451978857455,0.10239138043885017,0.08545006460302801,0.08252092047584964,0.0871701392735073,0.09351564508508185,0.10730582081871394,0.12226621783131197,0.12751766439517248,0.12021648212655013,0.09278328132972088,0.04382193942942903,-0.017145310278057175,-0.06978221601071273,-0.10130066100495508,-0.1069219302460029,-0.08377417555929338,-0.042133539009158345,-0.0022563913273366864,0.02025288914124676,0.01940935304055319,-0.011592203048742394,-0.06804074081276769,-0.12981527578092159,-0.1779444657626165,-0.19604696478639388,-0.17080453166465925,-0.09966594038845579,-0.006481894150137536,0.06727766655623064,0.08264370794333996,0.04234925112590559,-0.01834195623070685,-0.07017511725097736,-0.09563801340225171,-0.10272705091446889,-0.12411185548524463,-0.16007269752899728,-0.18391804315726704,-0.17680647504384212,-0.12791928107324962,-0.05579615889865904,0.009816085322243567,0.05853844464661703,0.09506471508736625,0.11768500655987657,0.12467643977980195,0.11293571267689656,0.0830878109070081,0.044234697886945375,0.011331759808002169,-0.014422241153180599,-0.0363987212746455,-0.0498886692515061,-0.05319083614264305,-0.04522440998450469,-0.02251573918913281,0.011463392712097384,0.04599755278570432,0.07229855081323086,0.09340727639448665,0.12195483452743232,0.1642219211747998,0.19920750026040676,0.2112785133933223,0.1979461917814394,0.16318248975855484,0.12701477518322327,0.11746405570214905,0.12484403654868201,0.13190272722926366,0.11740536345888344,0.07585349476516988,0.014923394801637953,-0.05376670678561006,-0.12876572995948662,-0.19334996270390117,-0.2089492099162103,-0.17910133195328798,-0.12120647911124274,-0.06772660122989067,-0.039834005956771217,-0.03973909315344076,-0.04853585827984939,-0.04171075496012883,-0.020392321392235718,0.004986158373249,0.026396331355778027,0.04637325949854953,0.06014680975892223,0.05819011211870179,0.04266640677124941,0.017801689229124323,-0.011784255017768159,-0.04151876842394763,-0.0642485416603828,-0.07806004251919678,-0.07851164273144455,-0.06597952898131677,-0.04494454918029928,-0.023599234431358057,-0.004720361649911138,0.0077069800186313235,0.009056215890857568,-0.00313087479896088,-0.027200783273702258,-0.05608702611765435,-0.08870333678530819,-0.1334123355006284,-0.20165674501461794,-0.2823929588850494,-0.3453226501957133,-0.3744594349686791,-0.3765510932702659,-0.3557672112683907,-0.31610060593565187,-0.255894551282195,-0.18645652275594474,-0.1153299492162086,-0.060818416426811725,-0.022493372711897098,0.013339758134583926,0.053776159081698645,0.09921971090475432,0.14812764839311196,0.18156225876285872,0.18183454547503178,0.15645084881700497,0.12376494255944827,0.09207071670713932,0.06541434525872347,0.0407749660141673,0.013172103611263223,-0.020299442676207365,-0.05448202306722695,-0.07843696893584698,-0.08872540239979804,-0.08689059181057067,-0.07213162530455451,-0.0404059177220313,0.007463996972276103,0.06704080090383123,0.12572751073716967,0.1731344006918543,0.20717671617146327,0.23042032598892523,0.24515530488855955,0.2605082060878899,0.2830182670037423,0.3103291433463182,0.3407571887813123,0.3628901509839465,0.35773915173700316,0.3114335041483996,0.2552050785464492,0.21700093343332358,0.1965041252676376,0.18095269261053276,0.1547264828645691,0.10809876457923559,0.045248586161875805,-0.017983760343110874,-0.06759118581055926,-0.10962609470730152,-0.13539918114190236,-0.13676154359022885,-0.12190275551397986,-0.10667477381123344,-0.09775040021794289,-0.09567814456999539,-0.09770863227284204,-0.10277662546622252,-0.11357741318016315,-0.1272250656910925,-0.13780743299141585,-0.13854414893322767,-0.1286060510447144,-0.11912549275216752,-0.11739014654766264,-0.12372481559933028,-0.12618945165337092,-0.1180078100072304,-0.09347994816270266,-0.05845200420295641,-0.013578617916597025,0.05384429513667071,0.1417760187610101,0.23197108914141976,0.29960085435705847,0.3484808499892118,0.392861367913371,0.4580040583251652,0.5629209293104532,0.6755868316328079,0.7108426149976697,0.6651630007530213,0.5901280553508056,0.5118411349647182,0.4377290117339879,0.37395627446687246,0.3230780824020437,0.27255278753772677,0.2144574623442859,0.15861374597949943,0.11744021312184771,0.08138535788219767,0.040426001229167535,0.005679322877111903,-0.013614901876488873,-0.025354538941062266,-0.03324905030086064,-0.030694423396924804,-0.01830473571295963,-0.007883890817914229,-0.004063249355713359,-0.015118131791810851,-0.035792138195916534,-0.056245376762789796,-0.07159787106882126,-0.08858319305349807,-0.11297939297209193,-0.14149618934185212,-0.15949053934039892,-0.15714732465817519,-0.1285383664308424,-0.07879008536204823,-0.020248015389198393,0.03288669277234199,0.061693482635080246,0.05155202682854604,-0.012873192920785904,-0.1510883202108394,-0.34512624860831037,-0.47762091513580907,-0.4670519308896308,-0.030659434725762727,0.35067416842725135,0.38262683640478157,0.34034256695338355,0.25726313599710193,0.12192008504885478,-0.08313595526917505,-0.2733469311062272,-0.35821022615168024,-0.3847736658968298,-0.38734786167861585,-0.36803035936023454,-0.32171649109496503,-0.25641110481682194,-0.18448397935526756,-0.12257508363728348,-0.08718967133966173,-0.08614290043240459,-0.10882488399267659,-0.13886503610744902,-0.1626118294564626,-0.17532883895695342,-0.17295219952217286,-0.16437191567110246,-0.15630401241919026,-0.14615608020234594,-0.1298229154112276,-0.0999364240339234,-0.06107687079438351,-0.020964730309675238,0.007017381590951717,0.007869670779857807,-0.026426042779425386,-0.09186433869473021,-0.17641968704423897,-0.257397272682921,-0.3112361578950824,-0.3268952871194717,-0.2871690021240467,-0.21085046937880217,-0.17322121857207526,-0.15486541928507855,-0.1370136787209676,-0.10707627973891871,-0.06331038072259842,-0.02338178511422527,0.00021155780007971233,0.021667923720361394,0.04629135795053339,0.07136145313102259,0.1008743983969247,0.13686375541094942,0.17545201931375334,0.21064786236525673,0.23715757425530345,0.2552484131613327,0.2654767194348842,0.2718900277549702,0.27362866459424184,0.26708552488271087,0.2588258452802436,0.2556860900082241,0.26030508259128254,0.27045713640370345,0.2817966280705638,0.27787490895723227,0.26217293736580016,0.24690464150329264,0.24725975063857286,0.27280334654764127,0.31520234605966746,0.3484551754569782,0.3437753446668057,0.3112434631665586,0.2826448582287462,0.27850990554991756,0.29308702292281436,0.32627906212692365,0.37899032129706756,0.42693809022476054,0.41812515517354976,0.33661170145565295,0.24363001700596565,0.18227003021476101,0.16115564042341468,0.15677565593643059,0.15471303880901346,0.15283223829490572,0.14476982562466273,0.12400972679667625,0.08914592535188713,0.04719969445462939,0.012039643483252436,-0.011927576965287361,-0.03115118985037349,-0.05274581555324239,-0.07201580864016456,-0.07828679711406267,-0.06871450697518093,-0.04807940575535791,-0.026917267699614226,-0.01857730417276465,-0.035351151400956064,-0.07653443275999616,-0.11680581182585598,-0.13260872186016734,-0.12656264992452976,-0.11183013034115567,-0.09897111750471926,-0.0939112890743101,-0.10544970792294757,-0.1277545818121514,-0.1529450139252853,-0.18021611361431805,-0.20416015278911856,-0.21667822813224133,-0.21584568613649083,-0.21074701934092327,-0.19797465303832332,-0.176714753782549,-0.1535333399172728,-0.1388958203884464,-0.12833494233664308,-0.1042367912553833,-0.06581620665849952,-0.02889890462145753,0.0030875308457910112,0.028534562842061923,0.04568228539679877,0.05235360385432339,0.05538562767101658,0.04662169354280624,0.03161728181526768,0.008229592139980157,-0.02266500063805684,-0.060496601587824175,-0.09735248555092246,-0.12094822714325094,-0.12664118544026087,-0.10806343119630651,-0.06581837828121018,-0.0123105732598011,0.041779696240103366,0.09662057549246077,0.13800307282451987,0.15044828522703052,0.13382456596537157,0.10198402706436296,0.06823021105176458,0.043715586170951976,0.03380377496744224,0.03727413950745535,0.04646123583344648,0.05390103292334416,0.05477594876985371,0.05429370474779815,0.05076199147025875,0.04239147409096222,0.0291784152777491,0.022060190182442495,0.030691300104826236,0.06210603332204975,0.10845676171717589,0.15126469531003955,0.1708782460533013,0.1716255124467395,0.16427710620046965,0.14764068946651923,0.12562816259714196,0.09552299540171902,0.06404237087743778,0.03714449617007973,0.02080227819468495,0.016002517872825094,0.024481573359022457,0.03346540679716942,0.03171144645797694,0.02228681635510658,0.007481186944432128,-0.00795613786902538,-0.02661115057925643,-0.055938762966559905,-0.10184375864395377,-0.16077588491330683,-0.22139628529332725,-0.26693200202829964,-0.28604802784216055,-0.2761556705652816,-0.23114858203868752,-0.15087955084809446,-0.049910257067474234,0.029798686999140563,0.05615893065761887,0.029027929499920425,-0.03165934336619352,-0.10948782121307434,-0.18677984623505786,-0.2558684099530711,-0.3125444190946394,-0.35227685051966534,-0.3736205258505195,-0.3865815233753482,-0.36032953370848814,-0.22479281262414336,-0.08545545471004638,-0.02004942973819088,0.009536222360118541,0.026780497621664536,0.04420350289466857,0.06214425733199671,0.07035410056674012,0.06121994293213706,0.02954156421414093,-0.013223946832898544,-0.04134939265257893,-0.04708514442250947,-0.03129222788658781,-0.002673058259195657,0.03232956302711913,0.07123904481767832,0.1081223081920031,0.13628085943921486,0.1511910270553164,0.1533536548193491,0.1439807382630875,0.12576079193699974,0.10508991685412623,0.09086333579537302,0.09643343907235254,0.13156088193724608,0.195674880359239,0.2741309425437985,0.3419923371440552,0.37963801022268195,0.3930801931250901,0.4101472945259308,0.4573033777602886,0.5424992778226765,0.6241473099755238,0.5971213269988076,0.45924400907059576,0.3353165382920908,0.26191764453867167,0.21533977593878093,0.18032026967649187,0.15391819949225027,0.13481307330782666,0.11330789856169833,0.08289993546828865,0.05211967272133329,0.028346367154509645,0.013198773943682662,0.008749351829954838,0.015498680734815922,0.026430777568626204,0.02849051500088771,0.015963098229791015,-0.013747800018698216,-0.05124983496606067,-0.09086406600058565,-0.12517684734544,-0.14968914219206608,-0.16114841167091754,-0.16150948508442858,-0.14986676693060358,-0.1314159364029457,-0.12287557143558336,-0.1287440196457243,-0.149613967078719,-0.16841440725153983,-0.1764620489186825,-0.1745723426879647,-0.17080770935779915,-0.16941865503458353,-0.16550047868694343,-0.14714477777386903,-0.12185688536244511,-0.11052592396855002,-0.12580602617460798,-0.16852237531273406,-0.21314275947544964,-0.22325913710371503,-0.20151143455738335,-0.15564021653251314,-0.09860287623853388,-0.058554760939860104,-0.03925079689586424,-0.021682580019537545,0.012092434769825635,0.05127664656812096,0.07986485792781949,0.09958751940836841,0.11426243372224087,0.13091298184273104,0.14552887169656456,0.1413367146746121,0.11611732239161354,0.08184747249340271,0.053732616924382276,0.03620236993602455,0.024832483886851366,0.015454388421234373,0.009710878697554708,0.008759057092696908,0.0172406706035932,0.039226276137327966,0.06952520245415308,0.09390659384033963,0.10862912386105092,0.12287339111381479,0.1454873050295247,0.18239298067094017,0.22244216618824778,0.25035742809278816,0.2560588918979639,0.23414719813819218,0.2012088075351345,0.1665184235068082,0.13515454380167397,0.11751959744401495,0.11843724638696214,0.13168788924055766,0.1456690574738175,0.1440118852618729,0.11259734889151495,0.047143788660363915,-0.03362031088161706,-0.09090168211266293,-0.1154494355014768,-0.11212288214576095,-0.09699915545980588,-0.07415186053927825,-0.048693497933252235,-0.029535149992875747,-0.018496194310487372,-0.012587529830056572,-0.01234196457266066,-0.016580456813045284,-0.02932180979357967,-0.0525608440097688,-0.08849445390205088,-0.12439114535886,-0.14864761549512756,-0.15384746668177918,-0.151561243421049,-0.14780779936882416,-0.14933987060576753,-0.1515180629155518,-0.15532157304837618,-0.1632359666089039,-0.17527291505349027,-0.18300939613672199,-0.18787865139221302,-0.18988311768815763,-0.18938757976525783,-0.18494189926290514,-0.18213709227186578,-0.1745772973405989,-0.1520763554465123,-0.10791221409671829,-0.049048993974269095,0.0021857363203114264,0.03356216422729015,0.04992091440835654,0.052681879058482525,0.05850821119123106,0.07482113322908186,0.09417800424054362,0.09966208912812213,0.09547168920756897,0.08843404827218022,0.0768895482769285,0.058802238678758695,0.030209149199922108,-0.0026294408118919133,-0.02468066448566876,-0.01741143328082547,0.018653118631128937,0.06765641967073927,0.10734069230546278,0.12193892701895236,0.11063539801338243,0.08539671616429642,0.06156904496734186,0.04831126787371822,0.05104267805954127,0.06627082267852186,0.08708451551953124,0.10717399724290444,0.12058686467453156,0.12064663607704013,0.10521261879662468,0.08225654962293051,0.06652307927385621,0.0678681779168982,0.09144552405635412,0.13955885228816628,0.21142731054406871,0.2977282919361557,0.3608297304382178,0.39788984685662,0.4198610113986534,0.4276240102126872,0.40581931174436026,0.3433766731187405,0.2317832080081133,0.08406646591943966,-0.07575623235612168,-0.2232171810795583,-0.32526030655497606,-0.37084852366640303,-0.3686585038537734,-0.3307537749326051,-0.26744213537471423,-0.1939049670212542,-0.1355028369939427,-0.09924850146608674,-0.08393136399029448,-0.08233970068264086,-0.08432196343733613,-0.08569869393021295,-0.08442509009735791,-0.08072026564988531,-0.07539541011062767,-0.0631173550517636,-0.04356791397436516,-0.022410769528534914,-0.0016122132284289337,0.015633561363919662,0.03126826534226529,0.04124886256033186,0.03961844205867293,0.02646641961004278,0.0056559617041612165,-0.01517565964957228,-0.02679208171739354,-0.029932588575906846,-0.041647972401311795,-0.055692422382300315,-0.06797093675739774,-0.08468952898560071,-0.1070527089446814,-0.11963748747172631,-0.11683279229428559,-0.09423347506078367,-0.05037214599678419,0.0012711052557407168,0.045792208763071746,0.07981942206793252,0.09960604531040844,0.10366375454702279,0.10215361236480425,0.10617151299478146,0.12527447512942846,0.15398350016669649,0.18018126242613988,0.19151351518740078,0.18208777002919052,0.15640014139777142,0.1251989597651479,0.09721050984197133,0.07730026190629097,0.06465606581577021,0.058600080453596236,0.0572619920585264,0.06383567844676466,0.08170437200502716,0.1012999459023151,0.10942710655412109,0.10616620264969202,0.09425879493243489,0.08092365938933518,0.07800357883154287,0.09038654544592005,0.1036941656804272,0.10281706928177567,0.0839661221709862,0.05115445701953238,0.020847426761227975,0.012331509250337661,0.022369015174614915,0.03140231574887209,0.03174987955986738,0.027145217653343934,0.015603277109619815,-0.010765407710148691,-0.03572514435876376,-0.03890636638745955,-0.030541504023793995,-0.018668574307021547,-0.008145987396324201,0.0034793686719002746,0.022593074832228683,0.03659604008169239,0.03731212164419415,0.018109082357174414,-0.020014101248016686,-0.06447152156484269,-0.10246642815958054,-0.12308814345626087,-0.12300703164496594,-0.10238681234136922,-0.0796610405045648,-0.06882264949712258,-0.06941533393208192,-0.07043520619322062,-0.06802316628828396,-0.0562465992258922,-0.03361942378484862,-0.008426973079658954,0.006287240193217225,0.0016373964862138395,-0.022136914379388625,-0.06047345639979343,-0.11243081108656565,-0.1623739101755309,-0.19715643650333295,-0.20932287328510968,-0.21241054683259292,-0.2078539480755282,-0.17582551104417513,-0.11280964030642808,-0.04565710000353439,-0.017207395505903906,-0.030835412086137368,-0.06690022469144503,-0.09003555732912527,-0.08511268688059107,-0.05883401356225707,-0.03258662710472393,-0.009243564079219897,0.011598512143883329,0.03357806170763326,0.0526952077334581,0.060439888722047266,0.05985408352254599,0.05994824595016925,0.07104727245426895,0.09320741513374466,0.11975199510827336,0.13876558469038178,0.14361926715063514,0.1353297014300956,0.1186863723337448,0.09212429326039608,0.0640851969994985,0.046486044626671115,0.039831130844379545,0.03908536064596444,0.03447408524251124,0.023704261476116487,0.015262745080753535,0.024164907725152243,0.053961418435199505,0.10330372043653077,0.16564727546245028,0.24798740792032226,0.3299817947845389,0.3731393663979775,0.3323584813589684,0.2449318605045671,0.1595969353351986,0.09567350401387237,0.07347689314876223,0.09542572265887758,0.1325419372516571,0.1594366948440082,0.17054629597941487,0.1659153757161262,0.13899536048030636,0.09234979246615017,0.05014467354114878,0.019252504031552917,-0.00038854834880758607,-0.020448517019956963,-0.04339736810797175,-0.06946638884281407,-0.09231539671372982,-0.10392276225934984,-0.10495762454477778,-0.10059746631077121,-0.0979036118070914,-0.08962393610833094,-0.0723402668732467,-0.04842724026684854,-0.023137762433198872,0.007820576669532493,0.04769415483143226,0.08109665876965368,0.07541867784870351,0.0224268384530191,-0.04975198356596872,-0.10817899881159732,-0.1479924147965139,-0.1790262145294185,-0.2058646356968472,-0.22835973034890028,-0.241851165835939,-0.2365036297168856,-0.2130799403763946,-0.18089180865170873,-0.17054103581537958,-0.15658998320932055,-0.12795588818997158,-0.08754398709745272,-0.04851248912611099,-0.020835229791304328,-0.004295243308847013,0.0012208003780041208,0.00016359462315319553,-0.007274497540295418,-0.0153200326743765,-0.014709125202904863,-0.004061786747550409,0.00455820956282952,0.008997539425155389,0.0119551602069848,0.014419119483199414,0.017934651328494984,0.02526067115399297,0.03482498125680829,0.045051181247633215,0.05200134061561593,0.054887970333320484,0.061054687672646414,0.06779811584500015,0.07446905835127378,0.07748882118158164,0.07041353044845217,0.06432913178816728,0.06984357916949521,0.09284185708727813,0.12352325981024168,0.14978673581334107,0.17653174841758687,0.2141057700403823,0.24558535147234106,0.24694756880331079,0.2466630505199964,0.2646545707822386,0.2919746598488091,0.30801344480253706,0.2938900034161738,0.24284571330755056,0.1667321811374359,0.07252571207067295,-0.020564021533594757,-0.0889500642203376,-0.12475912908569546,-0.14120446412743848,-0.1458554416495174,-0.1454040900360544,-0.14215422080250312,-0.1368243693372688,-0.12997252448427848,-0.11550358963899193,-0.10162347189523908,-0.09312512634685752,-0.08917450803060871,-0.08499195194615589,-0.08042156205027234,-0.0749024666582041,-0.0729024256401599,-0.08044410379497517,-0.0925363893130153,-0.09869330572272503,-0.0882741404609905,-0.060924889358331735,-0.025279566026044184,0.011302165856980172,0.046448846607643264,0.07242256814251796,0.08193348187017908,0.0713386505790376,0.04524006412596143,0.015442019491150092,-0.001954638859954005,0.011892670111177494,0.09179498432357815,0.21311501084568935,0.3323351232518373,0.37936811097184475,0.3623732408650554,0.31692359717708757,0.2536032993891815,0.17412328244247716,0.09242524174346467,0.023172003986120366,-0.017175192864064187,-0.026122460318348303,0.0031054938164856625,0.07028704465725899,0.15545769388250857,0.22582048460366622,0.26411792230199876,0.2749224229116818,0.2632157480329756,0.23252952272275726,0.17983041483648418,0.10334288685019058,0.009346938195037248,-0.08997840309861269,-0.1747308494788942,-0.23218642891356142,-0.2581550180369289,-0.2603505076961824,-0.2453720809228678,-0.2165058383290674,-0.1824233413124513,-0.15201357645559416,-0.13061081276176675,-0.12746929152643244,-0.13836403427542857,-0.15327445732123138,-0.13857262039612114,-0.07821301991816516,-0.010223976653455558,0.04582266151167296,0.08696336609388344,0.12336220612689518,0.15232507113306104,0.161850419409258,0.16187788055230504,0.16891966806335695,0.1917027750704527,0.2323266081077437,0.27525771440681734,0.29465259742436456,0.2745077773831965,0.21567278359300063,0.13691647992622188,0.04369931406051223,-0.06705322602596932,-0.15943880447070916,-0.14240554290052976,-0.07016271796813475,-0.021936960844830985,-0.006672700681317464,-0.0021608027432006064,0.008213151298275559,0.022683529390128736,0.04080722938953421,0.06439601861146521,0.08664522137665076,0.09551065371717576,0.09279348985625907,0.07923971587658714,0.053537191974874436,0.015307665838158404,-0.03116996949782913,-0.08792816057600193,-0.14851513966953003,-0.1928713336798064,-0.2146097668758547,-0.21183454450780118,-0.1877236028454229,-0.14282836885177427,-0.08678409750236285,-0.03748009797273025,-0.006849797749688769,-0.002056090300261199,-0.004627173308994374,0.011859886665537998,0.09027211034455228,0.2017046213495437,0.29113738191463456,0.3314130747584285,0.31998061207242895,0.2782447352367278,0.22137913599407563,0.1600000215484247,0.10883094136008871,0.07315065734271872,0.052210113722653155,0.03752299622193046,0.029869175148875646,0.03458071764752813,0.04855461943418524,0.06411584222614701,0.07948855455816563,0.0905851737102981,0.09403616961059538,0.08737303159887026,0.07162642965778927,0.05359215423994157,0.035966244708527,0.03319817786524754,0.04882152643385171,0.0746187153725305,0.09656471254280914,0.10169422126394269,0.09466828192161093,0.07824625177123776,0.06427344798334671,0.045392902131317074,0.012931533195574309,-0.018908071116701886,-0.03775402791429884,-0.028420018475819687,-0.009156362430494312,0.002749505876496259,0.00337175776325861,-0.0063003148816709945,-0.02689006234949528,-0.040142561969521116,-0.03890080694052904,-0.016176384427984917,0.018455304093559517,0.055065173348888455,0.08817135030108281,0.10544718880452489,0.10427984475044601,0.08792705757435017,0.06440226633984304,0.036617262944696034,0.011190326964748733,-0.010900154434581229,-0.02830544418694671,-0.04198057873929934,-0.05000141274163766,-0.05071934006451389,-0.05246168562571518,-0.060239587051588245,-0.0751148862573246,-0.08227882017310553,-0.08118858962196264,-0.08159658770469944,-0.08247635696727913,-0.08106593198494016,-0.08294263784871415,-0.09682509224691965,-0.12286349205030002,-0.1444507484886862,-0.14834206928566737,-0.14394503329424538,-0.1425030668197045,-0.15530558147521947,-0.19091736966201397,-0.24326689129344706,-0.3040888332979011,-0.35185790883052337,-0.35276379092513216,-0.30030270424544764,-0.2255846530606739,-0.1530781492980477,-0.09343116654636725,-0.04991502385301062,-0.018230202765205913,0.0014814509772269758,0.00184473728354872,-0.014892698648777524,-0.040263213242428694,-0.07127211550918382,-0.09514355801207816,-0.10501949555536791,-0.08986576288095825,-0.051035509594597336,0.0035680913277220698,0.05796072108723172,0.09873713949675629,0.12068149118280787,0.12071428240093007,0.09735373074968136,0.05846826102103237,0.017352388006265512,-0.004855533789195804,-0.003821803672120045,0.0021092125562844244,0.002967836124296568,-0.004059303657149514,-0.016977505037298314,-0.019270330459225063,0.013171302071104373,0.06632295927350632,0.12414101244659809,0.1788587955955507,0.2235978065203373,0.2438733979663331,0.23195704986323235,0.1994247057708685,0.1841216804086099,0.22947683934997806,0.30351539343727524,0.323518939861415,0.26586917499788326,0.1633591531804522,0.06918625706646758,0.027039988893615554,0.03158331529688006,0.06493247664120892,0.10489323177556704,0.13458790985457664,0.14048638944817912,0.11981194469480017,0.07739136742908675,0.027148260482788157,-0.026033566654277026,-0.07909012618143878,-0.1264357161683263,-0.16467330695369356,-0.19096736552850085,-0.20260912647900003,-0.19297931694330428,-0.1655602423218391,-0.12874258624759943,-0.09082935000759715,-0.05363009619048595,-0.01758280764153481,0.012097101152773277,0.037488338152311444,0.055140452337265514,0.05538993726824865,0.020109592457823025,-0.05571418847169292,-0.1403593917164816,-0.18935713376757252,-0.1882485765727597,-0.15059407015414486,-0.0719299660139163,0.046348213576230056,0.17686730289166705,0.2516460903774577,0.26890683386522796,0.2473078207095711,0.2293237835936905,0.20586818737041965,0.17066776402047684,0.14002159453614083,0.11641261157473949,0.0879578722322443,0.05624226000389722,0.04001315728981002,0.0483728630968398,0.07617632476214985,0.09713517186679682,0.10036318797763992,0.08895681422473024,0.07896487792539174,0.07480649066412014,0.07636982464632608,0.0819457057852227,0.09223408766407978,0.1043918848499529,0.11338372750899897,0.11802369234012841,0.1276182188124434,0.1444588722507821,0.16296828051202458,0.16799954607255063,0.16150121080527224,0.13702083550285715,0.10267258155143462,0.07339770505914195,0.06284720816084022,0.0707887800277646,0.07590640904636221,0.07352945254267373,0.05060057094066699,0.03299509880238729,0.047055766827417564,0.1133482823668197,0.18140183286851155,0.20888710629968746,0.18441703374780175,0.1376214431101568,0.088620499470967,0.030199734735076526,-0.048675734958287184,-0.14262414987983044,-0.21466788254280286,-0.25236150081062,-0.24328932482752721,-0.20349352177137242,-0.15807072643621975,-0.11317210835006498,-0.08351468010343277,-0.07158426662576259,-0.06869249822119046,-0.06853298711956773,-0.06437579079931083,-0.053183489258446424,-0.04131996013023458,-0.03782109112874934,-0.04607955129439887,-0.06052294087106779,-0.07521440354251169,-0.08600342711648806,-0.09580628955393317,-0.11116452829979392,-0.13070361554881227,-0.1513355158544027,-0.1662004067381717,-0.16729874571300424,-0.15288454751025296,-0.13271674041711498,-0.12356030749840312,-0.1333970993561321,-0.1678965464640958,-0.21631988639732047,-0.2604346917649849,-0.2770390216461911,-0.26668880340782847,-0.23699683466376575,-0.21118099442113827,-0.19030743930878194,-0.1642438160092952,-0.1368774495467387,-0.11468700916642681,-0.08457937656155401,-0.04820958908891722,-0.01622216016176166,0.003991565826712337,0.009473251478399369,0.008518270142080148,0.0033739390885465406,-0.0012276831863637754,0.01311572997427117,0.04113607359363188,0.07343722984804582,0.09862299564686569,0.1117443796219651,0.11133898356338229,0.10217120243836597,0.0927106383244001,0.08718183732012048,0.09116801093226383,0.10278155741755916,0.11077401173419638,0.10665080591346192,0.09006851844413909,0.07575301776218607,0.07309035245611605,0.07996676912983443,0.09144739569223624,0.09793384800111621,0.10071237965889361,0.1106091165595801,0.13021908754900877,0.1490604441060737,0.15689111208607173,0.14573616326104502,0.10749976692745582,0.05398018425266434,0.03533686081909465,0.08168500569474178,0.12232485912006201,0.11140662058706974,0.07357627378009059,0.03185421893989412,-0.004287319802825909,-0.029277329775691623,-0.03713373767395656,-0.03252975108320551,-0.02361627138115731,-0.0169647667144631,-0.01260165299192165,-0.010118925051829404,-0.013871152476233675,-0.021572066408469343,-0.025031970750636588,-0.014971452894044711,0.004654787749580953,0.031633748702831706,0.06390829339290176,0.08803001624473358,0.09562327792571744,0.07919806012152976,0.0392749340510271,-0.01694356930896912,-0.07321221026483524,-0.11953919534944395,-0.14941085111138086,-0.16499239144090838,-0.17372213079160723,-0.18522095006043482,-0.20474645242929101,-0.23094901569205356,-0.26975736318004134,-0.3235215961420894,-0.3831478410210109,-0.3865580468908243,-0.31315916043446507,-0.1757682757161029,-0.020601587159167475,0.10122935969542604,0.17120930268842594,0.20422474847200825,0.22191598547222616,0.23297045067992497,0.23487740377155894,0.22499015314575085,0.20657385194584016,0.17885907147077568,0.14284383590510455,0.09940921249338405,0.057330818520843554,0.037061491855771074,0.033819288762277105,0.04052817834808211,0.05926361305330273,0.09298448892209207,0.13207562491940508,0.16385097589723283,0.17856070897156254,0.1832453894167823,0.18109850960311066,0.17828063757335333,0.18292966262126972,0.19862310806030753,0.2237113745756492,0.24694645539812723,0.24808617514666434,0.2154222289725949,0.16482879151092192,0.12079591485507615,0.0986775809862933,0.09870715249324216,0.1098826429173256,0.12046304522597831,0.11301888509458036,0.08680185058373133,0.043151222303459885,0.01082497734737787,-0.005005066441526015,-0.010898083873446238,-0.01630501329913559,-0.027183184927011023,-0.03712574464935188,-0.038992244052556684,-0.03301874326066749,-0.022728499957752068,-0.013435492888406484,-0.011018784998240399,-0.009120414681072423,-0.005502051955407843,-0.005916708426736999,-0.012207733700634991,-0.02331180669572883,-0.03502703660982396,-0.046216716791889455,-0.04913946329316512,-0.04250363222156704,-0.033288289341324606,-0.0331480421338266,-0.04237194704167763,-0.05669854795558907,-0.07088095000803309,-0.08143052119174046,-0.0896251556361864,-0.10333603655394755,-0.12171010643989857,-0.14020300626991952,-0.1534978091968541,-0.16714343155803613,-0.18698626462106643,-0.22084608655757657,-0.27085166670286,-0.314755734095244,-0.33662578351358596,-0.3337703205087466,-0.3102533026485751,-0.27391686686067435,-0.23413998841418882,-0.20188756669723953,-0.18805023688790523,-0.17767947254142136,-0.15488868933047162,-0.11755933155505106,-0.07541786530353675,-0.03627275123081603,-0.0062962777368456915,0.017412247644709923,0.029362134686163274,0.019591918885498855,-0.0005039051737316749,-0.018691782158381614,-0.026190061415628376,-0.023562270033427576,-0.017684017013516733,-0.010462669092733839,-0.0009776330041848668,0.009718774122406529,0.0162427597203839,0.02265528750461578,0.033597157935712094,0.04416218584873762,0.054794430276198215,0.06204489119202617,0.06956451006108684,0.07614021514430414,0.07762314973648798,0.0743592230717961,0.06894627140794066,0.07060925042187653,0.08760407540657637,0.11264560416754088,0.1168661270856351,0.08917703289207159,0.0458597981496687,0.009342299339663384,-0.008271688112863614,-0.011389664865378414,-0.026543971823433186,-0.07164816993090674,-0.12695518143089987,-0.16230610347057967,-0.1700032953801078,-0.1471323274178827,-0.10448772188325528,-0.048135764473962186,0.006753170192987101,0.05683022265973854,0.0995044878635709,0.12316162477706417,0.12373612203219829,0.10313948838035542,0.0759737974476856,0.05367931984327793,0.03653689058808808,0.022092094758876,0.007485458379301552,-0.005904279044711461,-0.012673744378905052,-0.012486749085181912,-0.004444166493673847,0.012532044306022906,0.034580567427341884,0.055019876643219036,0.06639704127485982,0.05912569912832712,0.033879265368566606,-0.005141679262073931,-0.0540498797053057,-0.09960061739362341,-0.12302839809842696,-0.11772711435878254,-0.08807385422220677,-0.03716149942114198,0.015950320546694947,0.06335414718839003,0.09940984931358599,0.11387863809393213,0.11478744267975624,0.1330130024084362,0.16820951117829616,0.19105889090881642,0.17670637000972544,0.13561916053049194,0.08200425301934756,0.026344069304240103,-0.02291115789915791,-0.06023250652678596,-0.08075696261943953,-0.0827878949140118,-0.06345070747122313,-0.026533382077908865,0.006727748987313534,0.02418785145210437,0.036030318058668624,0.05216857700354784,0.06879090119486242,0.07320480868332507,0.06049802835619457,0.03734310310518717,0.018585711027336804,0.00938717877188562,0.013023002181400541,0.02806118018728732,0.051539407373101497,0.07687294464281827,0.09222360364345546,0.09581460914546924,0.09390140969459011,0.08558253699183224,0.07176100658183118,0.054271896139186294,0.03269611839296576,0.0007617606930487964,-0.03431034100736722,-0.05660225345856845,-0.032135579293263314,0.03661283242837638,0.1186882458121387,0.18431109425588552,0.22414325281577496,0.2387823779422648,0.22976795548535117,0.20779817193582298,0.17717047177838394,0.1413464000504483,0.10530584915658331,0.07299683533536759,0.044185734675902755,0.02032705536983573,0.0030898714272923956,-0.014392534945416847,-0.028551168198873687,-0.03507551224194591,-0.033464681028176055,-0.02912426554117369,-0.024711114821242525,-0.025187472416716185,-0.03181548448090007,-0.04631650120021754,-0.07131386424863549,-0.11255097453266884,-0.15253120444148582,-0.1735885308906545,-0.1697831255380353,-0.15121460990278912,-0.13544629210235792,-0.13615598277224808,-0.16021675050312284,-0.19999389323457897,-0.2496405764014495,-0.28766973318381983,-0.2904297511835971,-0.24141528691055503,-0.14530612750664776,-0.05899988973593194,-0.04000402746688957,-0.07658410513714303,-0.13299891420191237,-0.1681790681960145,-0.1543006805050749,-0.09839595721047824,-0.01807583362797102,0.08100426666397141,0.17280443599969195,0.23458249925247301,0.2620027540578287,0.25801892043182484,0.22332924288083,0.16368182009123985,0.0886460862978161,0.008590014782842353,-0.06318547364366615,-0.11813052492628998,-0.15115219924246096,-0.16261203267179575,-0.15497560062516494,-0.13273768109657236,-0.10162060997490423,-0.063373969929365,-0.02151250576024283,0.015493832269736763,0.03970754760003268,0.048141976279288394,0.050226823649526145,0.049348053852869875,0.04754572202941664,0.05289393061296275,0.06770691901658721,0.0897519452479872,0.11173341861593629,0.138771647470866,0.16571409030391918,0.1875049409235416,0.21041453360784076,0.21545214806488605,0.1956714874893784,0.1515374678912922,0.10689655245525743,0.06579581260608809,0.04113239447718903,0.03633340356984591,0.04881244509283692,0.064213511292004,0.07254100734742598,0.07449741834684205,0.0716875666390712,0.06510036387988564,0.056003187794319204,0.04217458587010438,0.019867250368551265,-0.003931898902005372,-0.019903160497158734,-0.02626341710934641,-0.02830288863649839,-0.032254930657439854,-0.04309611706721773,-0.06631808406099247,-0.09511545761184305,-0.11897160104895588,-0.12175491055732143,-0.10071885051090157,-0.06102068436271174,-0.023398813586748855,0.005107698263687879,0.030223250632182706,0.04312134481893239,0.043578136391710674,0.030287735600144777,0.0059758327305036,-0.021956389793507693,-0.043868519672418976,-0.05121916983905284,-0.037867722456694425,-0.007949004457822446,0.027973033324031206,0.05382501186380308,0.05747487209333171,0.04980462375227179,0.07243009005362015,0.14165521886962065,0.2204910885461111,0.28237167775671884,0.30894702538782354,0.28057891185250955,0.220259738283537,0.17375255645958942,0.1387137116868774,0.10720564195406924,0.07274802752354188,0.03355657295610182,-0.004830181290038235,-0.02935631441983897,-0.03488130203385233,-0.022895408889035972,-0.004625393038368841,0.00848518480450523,0.017895048291191425,0.020325087842533247,0.019541045139045487,0.019972902738168763,0.02179945134203442,0.021659107386547128,0.014124664180127455,-0.002450402588845993,-0.011952568913576114,-0.0018664908704468755,0.022142646398451087,0.05477376585165111,0.09312345682456562,0.12621298162260158,0.14492026099946861,0.14085233240580708,0.11226969719038035,0.03488921836969281,-0.11626691299506836,-0.2637399422661327,-0.3098524956047985,-0.24532281701505623,-0.1471010201167331,-0.08849397486753287,-0.06824224461711141,-0.07404187403329628,-0.08316435026483796,-0.08333270802404243,-0.07078304750857112,-0.05189010285246045,-0.036519301231037776,-0.024579941552599908,-0.020611121017510493,-0.022216365025029213,-0.033709360598032,-0.05696183939996812,-0.08017836154465542,-0.09524987170187565,-0.10153359475685374,-0.1019883017106554,-0.10462338477112423,-0.10895612446141631,-0.1117548075894863,-0.11428421599017037,-0.11628520292028567,-0.11776630230837071,-0.11753104644621379,-0.11294680774685256,-0.10488676756962526,-0.10259132999600465,-0.10406829376707337,-0.1090297131960002,-0.11912928111999224,-0.13175581747090478,-0.1509461657300457,-0.17802192808302922,-0.1916789406814044,-0.1691831620004916,-0.11300717974988601,-0.04449574002132825,0.0140719776373515,0.04356253595963122,0.0416143908198319,0.01725043058181893,-0.010751638199732379,-0.03249786674185636,-0.045839775819761834,-0.04698864308026159,-0.028797657412800368,0.011068679849196711,0.0614073398420946,0.10578919515705196,0.12758981947058629,0.12683097326864143,0.11083140089154164,0.09592777387260422,0.09194414704922019,0.09546316464071278,0.1012625972749161,0.10422851059952756,0.1056952700054668,0.1099229392932923,0.11824186907184406,0.1280073651948255,0.13689031830018233,0.14660722049468008,0.16031750732994945,0.18379541382602302,0.22341556114033706,0.27076496226458124,0.304615830277638,0.31808345209019634,0.3235913254446061,0.33909072426398174,0.36440668160355033,0.3790200034153832,0.36267664262402444,0.3137723412232536,0.24155354558201847,0.17502911335458074,0.13499225970657341,0.12473696065372046,0.1276172279365231,0.12104524006465242,0.09659200060368768,0.05525293797931557,0.014636961970139542,-0.01666411878594009,-0.04421812341457729,-0.07003589822565355,-0.09430839910993233,-0.11018656907386663,-0.11302086206270763,-0.1060261384181775,-0.09123701385987307,-0.0769146751699613,-0.06667002376253772,-0.05999469785193678,-0.061108430025569385,-0.07099084998212582,-0.09034197481360277,-0.11832926718788042,-0.1509072134871421,-0.17070086348791966,-0.17512345177392735,-0.16281853810897473,-0.1399724644703014,-0.11195380317864456,-0.08583533849005161,-0.05953945913889996,-0.03981416367000533,-0.042579906125583517,-0.066266551915331,-0.09740451632012352,-0.11967370444884841,-0.11501869695923783,-0.089974509134148,-0.0832347409013199,-0.12413539280778114,-0.19195083651175912,-0.2607700871284162,-0.3151822900442868,-0.3366316896223959,-0.3252716270126481,-0.28519074296108415,-0.21894606768936256,-0.1432134324085242,-0.07088160072264224,-0.0203261324793729,0.012120232801283291,0.0396800951120401,0.06392715881317271,0.07877771372198017,0.08262581375860689,0.08032670855224663,0.07564504275614443,0.07034029347136471,0.058265640713227373,0.03930371147871013,0.019835260267400748,0.0063041398239267205,0.0018491423164707882,0.007022286318964614,0.02434426656595851,0.04829371612155345,0.06601121811833134,0.06876271425030595,0.05594506490131359,0.030830584695645338,-0.0004027012171098776,-0.027914516003851284,-0.04081139239590397,-0.0364808923751101,-0.02293274705694153,-0.0008244881783625018,0.03548201239366662,0.08589879181817708,0.15626915623208334,0.22379889553289692,0.267774178782218,0.2748076095839004,0.252544712015454,0.21084473821578792,0.174372636692431,0.1610961657211819,0.16902585677238166,0.19143675290569576,0.21952347397195324,0.22695406269739604,0.2034243726379513,0.14765853213551636,0.07220203988254181,0.004400138476304119,-0.03857668953396282,-0.05805497062320889,-0.06581252679304464,-0.07536136661116308,-0.08331077384479404,-0.08041074089116036,-0.07008467736335587,-0.06544388747736278,-0.07070428925819844,-0.09108148858052212,-0.11690159855817446,-0.1310459555221307,-0.13389482645368633,-0.12710445281585425,-0.12164970754894534,-0.1266248992078692,-0.14278972333419104,-0.15611270072649036,-0.14994099324511778,-0.13101149500166637,-0.10622866999263818,-0.09129950403085185,-0.0815469528238621,-0.05467327536665764,0.016781386761506673,0.12668455381181484,0.25143964024300064,0.3311189782290659,0.32814130520748985,0.26613960583734636,0.19671787063965554,0.13631138248779884,0.09328467199595641,0.07237499233938235,0.069065095641276,0.07370997719191062,0.08157323224015757,0.09581551322122697,0.10392162250103175,0.10295790049125703,0.09302957141680523,0.08025221829672548,0.06541472802742469,0.05626617448802391,0.05547047451448969,0.060838595936791126,0.06527563305599052,0.06348877063711202,0.05247491995013259,0.03730815138541959,0.020624196567730416,0.006378358693182837,0.0022244526366086257,0.005649649199265007,0.014357796187347524,0.02772454961138892,0.042867653750853205,0.06272510093362355,0.0899011670758816,0.12517376059574012,0.16122673097433074,0.1838415424584142,0.18427908589685332,0.16837711056810767,0.1509585592974973,0.12487711741145066,0.09144867683789203,0.057486039531309305,0.03461586414063165,0.02853064757398818,0.03626804634149502,0.043081673273405494,0.03183963052311388,0.0031196021258964655,-0.0290358958707102,-0.04989063847978887,-0.06130665288479074,-0.06382132337767436,-0.0606141281835381,-0.05029859972484103,-0.04129490057703605,-0.04504211548977828,-0.06221994556129182,-0.08291220329399941,-0.09709577226089919,-0.09894993611798272,-0.08786020455111708,-0.07343532717169006,-0.06360908079486088,-0.06881501020204744,-0.08937077632421243,-0.10992228132814241,-0.12345950610376931,-0.1258559071366203,-0.11851502770476649,-0.11445923334734212,-0.12462737004080648,-0.15478945181965242,-0.19582213205676585,-0.23100460077686846,-0.24711139886703834,-0.23576113920505623,-0.20656433681190361,-0.18458431179628404,-0.17454389186825572,-0.16019542569550588,-0.11463296069617811,-0.004383209512370025,0.14441644425975272,0.2306397625294529,0.21476290079239488,0.15361361525739486,0.08308644471282933,0.01776458859874588,-0.02461791228386156,-0.03159073705276015,-0.014343823553923144,0.012289398149394065,0.02923029480703933,0.03815415802165236,0.043276348470247375,0.05544775140660241,0.0694722454583308,0.07613252213175407,0.06716572860962206,0.05204154360307523,0.04522971942910664,0.04926479927425278,0.06656618368490289,0.09159652014980753,0.11335012705483884,0.12351471204962446,0.1263359967323357,0.13048122039073606,0.13851817858078697,0.14275429618034866,0.13455204887402092,0.11720592987826238,0.09802442860268991,0.10206272333485174,0.14493293659535844,0.21720901880689572,0.2868141134295319,0.3337680118348639,0.3545122579570102,0.341972907811562,0.28818736148321206,0.22070424917982973,0.1750302861847916,0.16009326430434825,0.1467929493273866,0.10581455972113735,0.028012785488897737,-0.04907535991918678,-0.09315115507033582,-0.11347808484504608,-0.12550063500136974,-0.12909769690173123,-0.1284064298700694,-0.12884584133929652,-0.1230931777296764,-0.10537065981837594,-0.08576132274821711,-0.06938848748371583,-0.05467478844505555,-0.044932541065149385,-0.04162152313972393,-0.04232527568728177,-0.04495434279562347,-0.04889473066245504,-0.054351752520669365,-0.055232168393062483,-0.04396060801322786,-0.029328723206955093,-0.02676460406845737,-0.04397877103176914,-0.07601810976313524,-0.10453074295240063,-0.11519138341194846,-0.11943042846854064,-0.13686220579803676,-0.1792391517298907,-0.225644482870524,-0.24442817765794655,-0.21899451269540643,-0.13912035516659774,-0.023441009542534738,0.07945363308475395,0.12341604084451419,0.1054125030121445,0.043871860082130607,-0.036166810481462947,-0.10390208854482279,-0.1454361246642391,-0.163249150013653,-0.16180900719669125,-0.141482440140972,-0.10606237110567995,-0.06597655359717398,-0.035400408985868104,-0.01594105945462333,-0.0008068183110291926,0.01710945004723486,0.036118742582925016,0.04994108243648957,0.05926442909051479,0.06837517039583692,0.08205272967101415,0.09703061167603004,0.1106941266613067,0.11766171255837869,0.11930441622368405,0.11850014231398116,0.11886782215962963,0.12709213418506585,0.14892771360511434,0.18466506689250428,0.2199005029885968,0.23156017755748065,0.21239181382210637,0.16579255293122652,0.098322260622584,0.01803581116894345,-0.04541689904608538,-0.08960325804336768,-0.1022500829320235,-0.07797428302600191,-0.011739394027978902,0.06645465185317961,0.11112018244238693,0.10417692564224304,0.06327589848452078,0.018738662975887835,-0.014881873706530711,-0.03489231513256488,-0.044132717336677764,-0.049683904280622505,-0.05562186362812148,-0.05366416348575561,-0.043897998517012454,-0.034668842269127746,-0.0385374642951518,-0.04975630623668686,-0.06107523416835535,-0.0645925263471919,-0.05504963428330265,-0.03395428255616832,-0.006665956470443732,0.01598487578943497,0.03262049697129824,0.03711653097264395,0.03102966436559659,0.023623941988878527,0.019291737951886986,0.009750461005645469,-0.002917990976213782,-0.015669332266595358,-0.02911488605608456,-0.04115747839411695,-0.045938052862874564,-0.04011020461228611,-0.03217989019967846,-0.03156854186169916,-0.04111701103140725,-0.08023054761416606,-0.12297626154397122,-0.15463923939792643,-0.16996892721964293,-0.16275801701411607,-0.141095249560269,-0.1106625847382374,-0.07560076505138444,-0.03582815192187186,0.0019516952342383842,0.032806177906557536,0.055375585050890457,0.0770982772703962,0.09492257212758333,0.10832999629636106,0.11182983083101049,0.10452580127773559,0.0849092686398175,0.0659539279475554,0.05062334533905039,0.03918381445506453,0.03443910404171254,0.03891246078999433,0.04968745276314556,0.06583152725382581,0.08015017295117852,0.08838525521084342,0.10073715997431189,0.12348914185834288,0.1575959838036602,0.19862894903778658,0.23961291346972693,0.26053797803992007,0.24241371550571042,0.2051813987000372,0.17421079759251312,0.1738680615071891,0.19913033718752207,0.21881078546048252,0.2136261518829996,0.1651782901465521,0.0712273111348996,-0.08773044319182177,-0.31180850872207666,-0.41700073010080585,-0.35295745765463604,-0.26873288078759255,-0.18964739423441887,-0.1240911827509916,-0.0794729828651205,-0.0617875412352667,-0.07613346337448294,-0.10648131749451226,-0.13006869274728158,-0.12540012214714688,-0.08389157144975701,-0.015680866565425836,0.040713506813189464,0.062058642899487204,0.04842702315370426,0.013887549583255894,-0.032903216822799806,-0.07805392244269531,-0.11011069522921173,-0.11700435290030772,-0.10176180709619398,-0.07320236410188949,-0.042133175422996584,-0.012466178021492035,0.010686284772503435,0.01451135792330714,-0.0010035409353133262,-0.014638652670378683,-0.011928622952945184,0.007237524453245798,0.0136113130559066,-0.014918954643369722,-0.057379369747790454,-0.08756826640865872,-0.09601568807406254,-0.09364937963365852,-0.09191879102560738,-0.11192391752645368,-0.14229415841151097,-0.1430874630985941,-0.08713521387295672,-0.015376053661174099,0.04107609338983835,0.07515129120892261,0.09527503335714048,0.09970707754446609,0.09773594144717326,0.09557185053409045,0.0887275860498896,0.059355136768760385,0.011664500772777767,-0.037230000037595065,-0.06874002858069247,-0.07962978369541932,-0.0748304965491643,-0.06155871997565169,-0.0383975552754725,-0.008645439339613963,0.018506551434744174,0.02970142447191935,0.020869159805232382,0.004434893438162988,-0.010237544656532293,-0.02458754273111787,-0.029855520447333538,-0.023599117306118328,-0.006192340891909563,0.011830363796688054,0.02476966372666179,0.032816548494239206,0.042995810131108446,0.06304462381401119,0.09399936399766917,0.12979102215156657,0.14724081749678009,0.1458588911883555,0.1363801639602244,0.13352262272495966,0.13400390303037923,0.13215954324050402,0.13300927031902662,0.15135838736006796,0.18228473309236087,0.19544306627432514,0.1796017125959072,0.14424736214833303,0.09585920978282121,0.04197914315760863,-0.007690809252091249,-0.04320703520096413,-0.05069957908027739,-0.02749686850901649,0.007136816534978976,0.029440676930814452,0.030548510050232455,0.020773552956712744,0.009359846566360009,-0.006365949545617941,-0.028119265588604055,-0.053809415973744376,-0.07871815515885591,-0.09402620148502636,-0.09773774579337792,-0.09304316677730684,-0.08248034662062871,-0.06862187374775688,-0.05460986798405797,-0.04493866771811538,-0.037506180147495814,-0.0357783467256174,-0.045640794369880895,-0.056333372801714326,-0.04575910805176884,0.033789102128148986,0.3923021370688892,0.5870718122249783,0.4390361444219334,0.3244397387457897,0.20139427208014773,0.07669538960073446,-0.04357996721622967,-0.14547297665430184,-0.21986137397453878,-0.25952103371192564,-0.2571517434518024,-0.21909709205507577,-0.15288868041968495,-0.062450695838709,0.038444743121133294,0.12267039538586827,0.15889266904734733,0.12423087266345499,0.06488705222854867,0.03615384794587462,0.05740375877181178,0.11626838452111202,0.1898614124662558,0.25409594105923544,0.2859605102712259,0.27764389438667875,0.24613784871941816,0.2035143562488611,0.14238474423094938,0.06432212795219393,-0.02967511857730478,-0.13037327857182263,-0.21702578384942087,-0.26792271038715637,-0.27290305871138304,-0.21876486700199468,-0.10064436526768827,0.04742054352175515,0.16328877304610256,0.2299348209929945,0.2609266481925602,0.2653493031274576,0.2599233309019878,0.25498527694169715,0.24822379681048765,0.2355734290818009,0.20967511879519934,0.17182608073618053,0.1241094926078245,0.07487499400123544,0.03322035199542454,0.0070862012287093825,-0.001972504216859388,-0.008997259642178266,-0.02599494433243568,-0.0529407535491845,-0.07248559587584921,-0.06860288861393221,-0.05010703505177575,-0.034797981177606886,-0.03274258349622027,-0.04212159687154963,-0.06345268532773032,-0.089833233632198,-0.11182944796411377,-0.12158811486236393,-0.11907309201221135,-0.11035252886248126,-0.10050251550976345,-0.09005422547060184,-0.07435948135530829,-0.060493233543599007,-0.05221694136708693,-0.04936330291817906,-0.0497113300747916,-0.04818943548321707,-0.04037414945112735,-0.021889690168974355,-0.004882973892639661,-0.006692866230612857,-0.0270909586261489,-0.05593244342692304,-0.0838658071945152,-0.11859551128384521,-0.15650691384482635,-0.16149640079053984,-0.12229282582742725,-0.05951688619762798,-0.011213521999389058,0.004580545200825662,-0.0029875821718177652,-0.013067744477042917,-0.014534204146074033,-0.008787319845906624,0.00020952369463368627,0.0038591112747805947,0.0027642075121635415,0.0023131924940232493,0.00842191223834157,0.02414708872781168,0.05014350652198063,0.07821072701590864,0.09926671194786683,0.11092742835431196,0.11609768040963435,0.120254938639437,0.12520107284522305,0.1254016105464095,0.11105990691971734,0.07996765778956884,0.04677569243692396,0.022118284295961875,0.0016948542070450495,-0.013244345043938732,-0.024657407284552492,-0.03774308051791393,-0.055576101463342686,-0.07508262864478864,-0.08134872052735471,-0.07222394130264424,-0.059822227521742995,-0.043789370522493064,-0.009218690659640925,0.0482846039269349,0.1159342274134421,0.11988024514027225,0.08402604803054352,0.05348386086686737,0.030738259119403363,0.005971929916056042,-0.023896082061255847,-0.05430042355781312,-0.08676045349245039,-0.11366947915288995,-0.1275734378015799,-0.12271977256821141,-0.10484679925665477,-0.07697382606554273,-0.035902020535001335,0.013684692720128741,0.054262571756465115,0.07359308798331812,0.06891184564654172,0.04651315881884729,0.02180980687085171,0.0010254877019711406,-0.014614873705412677,-0.024162303668171476,-0.026731995482241377,-0.02188986518294142,-0.010036339537139484,0.0037784786917591014,0.012195248299585145,0.008989496681946405,0.001167069954502918,0.0026375820235582472,0.01488998613671502,0.02734920878318758,0.024763720328563055,0.0010276288771561483,-0.03429151206968848,-0.04477494420298997,-0.022606804338257062,0.011104724572310962,0.03403727877562622,0.04212636328448532,0.04999034007978849,0.0729635921945175,0.09959108865411105,0.12388105538149054,0.13621296318188328,0.1402854961819912,0.14090251398190198,0.1389800975929215,0.13929443938624728,0.14613036201212207,0.1486265113851781,0.12805648273291176,0.07988785513771335,0.02164631275566989,-0.016684020217871274,-0.03296428654182809,-0.03414530810922657,-0.03071331108382892,-0.024075253689202523,-0.015860749589715173,-0.006555051885379074,0.008472774274510087,0.025827591558226635,0.04107694042185462,0.05279029838874018,0.061995184479923596,0.07590118811715643,0.09498453090801012,0.12266342237599591,0.1524970324479814,0.17960009577148642,0.20166420558027182,0.22144913680491907,0.24368305782277924,0.2656336196331473,0.2647462864116247,0.22411404113095676,0.16904516198682104,0.12681051634038826,0.11302606642052125,0.11611355310760788,0.12873688832496358,0.14244992425537065,0.1427576706245196,0.12634504517437908,0.08663341667637889,0.028489971034386892,-0.03296700443870906,-0.07069190208554951,-0.07665558202316818,-0.06128228754810349,-0.033845399045257595,-0.0039181729200101455,0.017349497739259513,0.015664762350813766,-0.010127715218688422,-0.046487525306505184,-0.07465925586691999,-0.08624223902488655,-0.08402241969898934,-0.07354314434266244,-0.06628825405075965,-0.07043866049579578,-0.09084969394318053,-0.11889344150149593,-0.13764636347242307,-0.1414263574609153,-0.13955047321442007,-0.14513270140775983,-0.16342563375390604,-0.19534522110661573,-0.23806454708906624,-0.2804890425510795,-0.3134877307232121,-0.33553069311205913,-0.35618814875554383,-0.36258292022548005,-0.3226255049063172,-0.23912810708104462,-0.16161071968898633,-0.11000186889984719,-0.08006727265423157,-0.05371356281059659,-0.032348617028796545,-0.008415791944751196,0.013249225552975287,0.0354908341834541,0.04921404651118394,0.05408926626731556,0.05195876738511948,0.04079841618833737,0.0216436351893697,0.012296943457554076,0.021199702610693746,0.04439219757236956,0.06769079836550997,0.08325622500664753,0.09481092474032393,0.10769944462413454,0.11272587524197188,0.10717977367559034,0.09718772883812722,0.08551408569895293,0.0762460112313938,0.0700823608697156,0.07267878826241989,0.09207193547906557,0.13132139353949768,0.1821447290463727,0.2236245186849934,0.24118796428001463,0.2297958790582667,0.2016020129542244,0.16933203360374302,0.16240552207641523,0.20878682061689077,0.2997839576429925,0.39372090039910657,0.4179423627060655,0.34385881034025334,0.22609189814374242,0.10375871168543688,-0.00913067975110865,-0.09111844318115352,-0.13557558533159317,-0.16644997114514135,-0.2050028531360848,-0.2495753221994128,-0.27925523661567936,-0.29475128835520537,-0.29181387517305585,-0.2787230124600278,-0.26413952899559845,-0.2531275884503961,-0.2364552847700022,-0.2056393347404978,-0.16640082561215674,-0.1260713559185485,-0.07570802638548284,-0.012821208808727952,0.0505773526813095,0.09304485308066289,0.1112626435654631,0.10670573432228551,0.08591027974886803,0.05584792812539435,0.024833250736186613,0.00375571720146393,0.0025410730184615466,0.023227601269655347
-0.545421984450997,-0.570009099030652,-0.5796854008223002,-0.578267168480611,-0.5590976787914438,-0.5362856990343047,-0.5070755192740595,-0.46529950495088823,-0.41155890680938007,-0.3523702412752463,-0.3031553113846779,-0.2810048550002318,-0.2980484634705072,-0.33420289292631744,-0.36408230507901856,-0.36913419767440153,-0.33892003633261253,-0.2844172200639647,-0.23217752011839174,-0.20906332881118486,-0.21277066384799764,-0.22821304073825432,-0.23675117839396304,-0.2270749085664785,-0.19233044246143746,-0.14509696807779351,-0.1023870268597588,-0.07874324601537465,-0.07656344118196311,-0.0874054303274424,-0.10110869688017027,-0.11240734789684934,-0.11609832512757227,-0.11330926454770694,-0.09417731562293985,-0.052525563892590624,0.0030857384708741077,0.04552792956642278,0.055011726386270186,0.02682419065633948,-0.01954341257256053,-0.07248815873398365,-0.11962119535946039,-0.11914886436017717,-0.004834199049719468,0.17582342424510292,0.3032973731241051,0.3577440919382735,0.37907061816899124,0.3851049712428677,0.375986366490287,0.3459851916061495,0.29877385018356667,0.24431150884248065,0.1993558736546445,0.16534094711501754,0.1411423360551144,0.1269286954938124,0.12039592530971276,0.121970974416306,0.12637091046266843,0.13109061455489507,0.1320170521057852,0.13515173573213057,0.1389657587903711,0.14112486140330152,0.14225828914603128,0.14942417152717477,0.15979262851251447,0.16679039630505252,0.1590403972424087,0.13916424921276327,0.1182442647541679,0.09582009968088226,0.06892373906403981,0.03467311486849084,0.004411152973090886,-0.013481028814742052,-0.02876559438751017,-0.051145220299510866,-0.09329956325733844,-0.16164168036673765,-0.25243043804601684,-0.34515427236451496,-0.41503075238657167,-0.47187459479714894,-0.5395336909159786,-0.5970262285293573,-0.5606594143165117,-0.4117802479250322,-0.24103209266365386,-0.09840555342190815,-0.007278430842683559,0.02809941099762264,0.02368532103024986,-0.010839423175621098,-0.07045397857738768,-0.13926997427409898,-0.19343118423848807,-0.22657602452294348,-0.239586730492364,-0.2350830411968,-0.2140510774714823,-0.1855680138377528,-0.16207649964750273,-0.15126662949265257,-0.15122069941153796,-0.1556100232918316,-0.15918340375324352,-0.1548462352651415,-0.1366348900714384,-0.10233533881861516,-0.05483110559164922,-0.0016420512296288748,0.04651486988495419,0.08827148015842462,0.11964912052869987,0.13876505318619411,0.13612834415448258,0.12061639866016854,0.11183126871322767,0.1176438541682713,0.14791179084650594,0.20032237236252431,0.2695603575212441,0.3302123534448706,0.3233375374969913,0.2879569599678263,0.2616329118850069,0.24776131155382242,0.2458742603877275,0.25348806509220484,0.26253464932084614,0.2720170449976032,0.2783722639419475,0.27633084558256255,0.27023500765276864,0.2607474515888403,0.24169728173572821,0.21015138241483278,0.17862149193218607,0.15623942560024412,0.14134032127732313,0.13127864535410155,0.1251690298103706,0.12097076718507536,0.11341913571803094,0.09689085876925878,0.07136819960043977,0.04011787532339576,0.007753047626247223,-0.019424511091619807,-0.03752411176934189,-0.04178581213512847,-0.041994447935691556,-0.0439808979923549,-0.043175253778227785,-0.03416942565528174,-0.02801469742048125,-0.03965624212496922,-0.08229389381346243,-0.14416332086160003,-0.2153705327569782,-0.28667739488692984,-0.34581791107668364,-0.396435989454383,-0.4355704589801638,-0.46058239067140655,-0.47633009498672385,-0.47936210983873073,-0.4696446699904897,-0.44683823628747055,-0.4159550124822065,-0.37625706334549347,-0.3359331153018811,-0.29746791740014683,-0.2710268403941105,-0.2617884669410599,-0.26882287989673453,-0.2844239735169385,-0.2907011472530222,-0.28280610681119794,-0.26217012528965467,-0.24082349154060037,-0.2240066485780413,-0.2135929787417168,-0.21843684223947982,-0.2433294631857034,-0.2802380814253655,-0.31769741449334554,-0.33884451408987837,-0.3280565433045579,-0.2685197088123954,-0.16783386526333233,-0.05751751508372057,0.04081002782313826,0.1208822466392221,0.18228439759635645,0.2214143620666711,0.2435303136257167,0.24698304626947842,0.23460149766418997,0.20992059689933557,0.181523143765724,0.1612616883997226,0.15240546951963319,0.11900504150741481,0.05069559959981396,0.02283931369340187,0.026533559105929524,0.036538413357074494,0.04336299554523931,0.04127731647703645,0.029196884684028614,0.008600069150772832,-0.012367899650050978,-0.029518895244838743,-0.04058695295580645,-0.04340202542167124,-0.03600787211675214,-0.01860880370079343,0.00968902836853449,0.03892651286113433,0.06322928651771406,0.08115380246738967,0.100382270238831,0.13492098061671623,0.18099382502792596,0.20945227741314412,0.19652300821740962,0.14171154512297499,0.06657943042351833,-0.004641906211237311,-0.0630960822592335,-0.10556329721309164,-0.12561519049097705,-0.11830731429680526,-0.0763387815494711,0.014984792176274922,0.17199607995073965,0.3445265480297821,0.46131170774837654,0.49264900890296504,0.4222309898635237,0.24455089944236663,0.07583803120635503,-0.03998989754026084,-0.1316248573134663,-0.21390873451344905,-0.2734971013402787,-0.2883873778805917,-0.26176688533149917,-0.20712431736132741,-0.13893089184686355,-0.07785925928872661,-0.03771403137895207,-0.026110668534921784,-0.039740176258732225,-0.06757749729105468,-0.1038842773626715,-0.13615442032653616,-0.14480062550177777,-0.12686950650042972,-0.0952282149784844,-0.06184618061569981,-0.04067188115571885,-0.04103572235524544,-0.052656411049042263,-0.06450079576291175,-0.06312398800266304,-0.04275630095831866,-0.005428805454724651,0.038010200920165466,0.06531674724136549,0.06397600465136997,0.04149150927562745,0.0031180590118224257,-0.03442483141703986,-0.05021507029019407,-0.03237547159776624,0.01649210062448835,0.08427307373179778,0.16192187027660018,0.2323334411971671,0.27890044359450683,0.29362604462724856,0.28401225119369233,0.26184202814290586,0.2276738881828663,0.1753274831700093,0.0932066069106964,0.03505157975180279,0.016063988877100057,0.017598463952998456,0.0223190019135171,0.025636969196646913,0.01924236484348132,0.00624717452712605,0.0005118494509418558,0.010284376515114338,0.034396526054046465,0.06917628423614262,0.10492653177327739,0.13224483575691756,0.14195739418681586,0.13248284552692355,0.10455197007149877,0.06629477611315084,0.027084282937214692,-0.00936651780759578,-0.03764513618749149,-0.056696523967568205,-0.0647934040247624,-0.06812788164837902,-0.06761929644053258,-0.07221798269023325,-0.08474029193785818,-0.11518183464175241,-0.1716788748833298,-0.2580175112693097,-0.3574229135189903,-0.43646191099803794,-0.4837927548835287,-0.5190112544000058,-0.5527777559541803,-0.5862380015973835,-0.6181836375890817,-0.6424105386312291,-0.6358324535113669,-0.5710205255592431,-0.483477720344807,-0.412433142852202,-0.37799547578223397,-0.3763535539823556,-0.38692002312457885,-0.38903593027068767,-0.3808341056500162,-0.3665617045363872,-0.35353563584194175,-0.33831592819061285,-0.3131151825621193,-0.2748250427967041,-0.2244065160856646,-0.16479186100588938,-0.10268136468115016,-0.04645181247541505,-0.004364558729078875,0.024010897859343225,0.054162243799631936,0.09545079087102215,0.14303653864669236,0.19360120977575893,0.23985801754809705,0.2720583759314867,0.2935780785562943,0.31274810371682005,0.33777178990318696,0.375113557372107,0.415434374106752,0.44672530697462703,0.46503254750025075,0.47146663100680186,0.48542357684888243,0.5112916942832259,0.5616813594785259,0.6232347933287746,0.6560619638152777,0.6195524014102123,0.5082813329664221,0.3813013297374922,0.2744689418771205,0.20125994379063225,0.16934153427033416,0.15829554800723183,0.1519097995529442,0.1437645207304501,0.13470552267147937,0.13520873059595967,0.15275759136403716,0.17892303114298683,0.20092352804358046,0.21487868897754217,0.2165513970802154,0.20372593825523652,0.1737841482003433,0.13106130805311186,0.08481402532107764,0.045953327338273654,0.017689676986597107,-0.0018639747232161057,-0.01974259963152095,-0.04122902175032566,-0.07055142851729176,-0.11544571784702999,-0.15597611459556654,-0.1698989376887223,-0.14987637677353724,-0.10795360396617511,-0.0689774955983277,-0.04983465927610111,-0.04264915284381019,-0.04265973613734747,-0.0354749358200696,-0.0343421113095058,-0.05258039299537011,-0.08211803581740486,-0.14048428381736855,-0.21972577662921763,-0.2831226207041673,-0.2885135201770474,-0.2466308700267789,-0.23634426789785273,-0.27831291599376473,-0.33622623505422405,-0.38172065013978596,-0.40070883233496146,-0.39064600289769946,-0.36294668894101256,-0.32916263632997117,-0.3014120060382059,-0.2952376097720144,-0.31676228838299914,-0.3484422753893713,-0.3709612975615042,-0.3796845690633067,-0.38623557591079355,-0.39651976593114857,-0.4084657619071822,-0.42044434640376743,-0.4334944762080063,-0.4451909003389749,-0.4490354585659474,-0.43534356233586446,-0.3935593243781676,-0.3303943216135072,-0.2706476340716651,-0.22938170026477148,-0.20423982970220353,-0.17686278275475023,-0.123001945669516,-0.02004327784622882,0.1299528696708434,0.27381617442002437,0.3456788238588956,0.34683407804192024,0.3296856793900474,0.31821038670443613,0.3090735127535989,0.29928857338859743,0.29556608945078294,0.29923232728345633,0.3161140042264605,0.3373674551706427,0.3517298570853074,0.3530842155814869,0.3444607828238604,0.31228340691340795,0.249151939133431,0.19437422982179856,0.17239879622126159,0.17368327104050194,0.18483342274974732,0.18728545234107866,0.17182292323336407,0.13940154907920727,0.10038521901542062,0.06236951854893979,0.02955796262142427,0.008173038721502152,-0.002181153514648615,-0.006343394176240743,-0.005403824584930271,-0.00224082758670059,0.0013481478580711914,0.0037533828752016776,0.011212376610478001,0.024695063563206155,0.03605621772939464,0.032829815893285076,0.0013034245113199593,-0.06156519098589353,-0.14894551558219696,-0.23009886789031134,-0.257539383003878,-0.23194664934579015,-0.21483472729262454,-0.2251971785015264,-0.24705797397928736,-0.2488645042411307,-0.2272951173032258,-0.19143061900326722,-0.16541968433810728,-0.15523525947083874,-0.1585002862460071,-0.1699422781856987,-0.1794670707103445,-0.18861800964777678,-0.19865451562062467,-0.20927068476926475,-0.20715018336475308,-0.19134424793873392,-0.17483243534266538,-0.16056134595182855,-0.14236680820023837,-0.11322409619601137,-0.08483988391210086,-0.06896781404985927,-0.06928996016127405,-0.08490799020400043,-0.10707629250800768,-0.12340389379647759,-0.12679088388660237,-0.12064045731265327,-0.11300865464541916,-0.11146363632371042,-0.10682558113169396,-0.09707907030470922,-0.08345146678508054,-0.06830164413547725,-0.04470807150055495,-0.013036878252568707,0.013984115531124662,0.021563282979122796,0.009428925433350869,-0.005003765084322893,-0.0028035210461387944,0.024755539304251416,0.06564940704308274,0.09032170203428794,0.08583144109126165,0.0784671554990324,0.058857588323458485,0.036379868435091146,0.02370457630794271,0.025431326401981286,0.05139740347046927,0.10656802466266974,0.17954855268059056,0.23961671612806174,0.2665990273394168,0.2607341059628677,0.23361468847681632,0.195998494977902,0.1504716707711772,0.09407156969159908,0.03212338456067681,-0.023117066945360153,-0.057689065942506466,-0.06855832053316085,-0.057454006688342246,-0.03258816946729307,-0.007127702349706424,0.0005629975767498435,-0.013776702531228572,-0.04398559194726037,-0.08305049642651414,-0.11693290773717388,-0.13889411358260598,-0.16038873770507808,-0.184235369046296,-0.2199889985742089,-0.2813523630840501,-0.3320809186656524,-0.35770829872974474,-0.37333157488637436,-0.3898183169114584,-0.39870174435777966,-0.37170960038271633,-0.29935276632454766,-0.20576525971542312,-0.11877508021235043,-0.0547524732335194,-0.01287909885417245,0.007714626096814706,0.0007039456270478705,-0.032888438782811426,-0.0874901042414851,-0.14651198586300507,-0.1999627646661958,-0.23702528145994983,-0.24686327227850313,-0.23194422882813828,-0.19628703736109715,-0.14989885010127688,-0.1070511295950744,-0.07230834711763129,-0.04340220105987557,-0.016878791619986948,0.01040948114472867,0.03205864928151887,0.04822301500066143,0.058115239576172206,0.06158375798724521,0.06034894512427974,0.057812819401248966,0.05872926143145565,0.06397264093232585,0.06361272352295443,0.05099104808304112,0.023649721288247706,-0.010044260923078599,-0.04797374427458732,-0.09703233626549057,-0.14573259282724446,-0.16519423666677943,-0.1498927066505086,-0.1151614419046373,-0.0717789981578012,-0.02183727047936599,0.030083666447595997,0.08689565162108,0.1529919591739629,0.22617692170741616,0.30320630966644396,0.3754963576508778,0.4336979791892143,0.466172180482604,0.4596936404758963,0.4160995448381168,0.35667875837687074,0.28932131365537994,0.2143801254717416,0.13349387704485619,0.05521235436415883,-0.014957104371301023,-0.07469780158757768,-0.11915970681406374,-0.13830162635771087,-0.1321620119294295,-0.11371476037528955,-0.09865776738982414,-0.09375536529651529,-0.09606645636180189,-0.09447078477884659,-0.09002006013712455,-0.08529563481915886,-0.08310259172471242,-0.07788413011219138,-0.07960595356206687,-0.08986610695978452,-0.10161809498931194,-0.111801709231218,-0.12123564646973493,-0.12888690380449677,-0.14496476033304392,-0.18437734034970257,-0.2644158612501025,-0.38658300363125303,-0.46012192159225945,-0.46772912610830447,-0.4664024465128606,-0.45867709916455807,-0.4410504795129238,-0.41585902661028373,-0.3883390993263517,-0.35600980270244237,-0.3050534924865641,-0.22752858309785443,-0.13716999760127171,-0.05650314951243886,-0.005495009956751035,0.01569502479482188,0.013942093785115251,-0.008227968794209775,-0.04771490018655917,-0.09529837947952119,-0.13880212077286644,-0.1666524578178027,-0.1740885911213974,-0.16788235195333004,-0.15398834765350475,-0.13520930990854713,-0.1150914279170043,-0.09133406503830101,-0.06440691251725329,-0.042513279439763706,-0.027554964248977746,-0.018403356721009744,-0.0042754361610358865,0.023270593235945138,0.07559816359020004,0.14943076858873047,0.20356724731036177,0.2023336000454456,0.17142679635901942,0.14064865659186795,0.1264879841351011,0.13576913918095498,0.16336259282620977,0.2045527911860072,0.24993823837747436,0.2982691913537991,0.35006679809951724,0.39876017874957764,0.4285702984301578,0.424244279174523,0.3941209165525967,0.3563719933978857,0.3243182996070391,0.30221838551781427,0.28928792982349594,0.285193671616249,0.2874445150736238,0.29609784050599447,0.3072791975945762,0.31436618589146825,0.3032883820774555,0.26396253689183347,0.202668954811848,0.13874332742815768,0.08842722522333833,0.05197200547923648,0.024239936845999184,-0.004466010764186733,-0.039390042341367726,-0.07381896979118366,-0.10270584883996142,-0.11447707172499867,-0.1122634329917774,-0.10916686848345566,-0.11742159796563291,-0.1472585029703888,-0.2057422606581958,-0.27654360364039143,-0.3343404531503382,-0.38242527069281457,-0.4248883015700251,-0.4593655112929077,-0.492752723624249,-0.5255734170361543,-0.5524431556393613,-0.55973953034579,-0.5481879322263835,-0.5225157791597663,-0.4927290655877026,-0.4629632311175405,-0.4410021503463382,-0.4268072795193524,-0.4135254124890426,-0.3930207155093794,-0.3641872805169459,-0.33362114991350333,-0.3033541604678089,-0.2750780432510169,-0.24409632235299075,-0.21371516868548185,-0.18827975434823943,-0.1692094708601292,-0.14810821324458437,-0.12138538729905912,-0.08614388445416535,-0.046212992538317926,-0.011616974603867057,0.009044990296947998,0.01565183423001905,0.019727989845109886,0.02850529099064268,0.03385731089381619,0.028778880112096582,0.017003101558034767,0.004387560582028744,0.0053087726707258505,0.024213281010950573,0.060980255358185645,0.10534208478919752,0.16347022606873252,0.22706623280875288,0.28679607893477027,0.32951147211916865,0.3489183200694639,0.356544975279187,0.35189127714647267,0.32937049429139015,0.3007169441714201,0.2774641414778735,0.2517508725849002,0.22493396286645678,0.20758823909802293,0.21309566882810593,0.23244485687567748,0.25084007812629056,0.263567467640756,0.2577041253420518,0.23566397397005714,0.20105573188758663,0.16114321709919363,0.12137435768116986,0.08267192495876531,0.05950044502456457,0.056758627289312635,0.06970183433344454,0.08764231433682379,0.10645540427862345,0.12952856922158573,0.14454933317993718,0.13380699847525107,0.09862142286893796,0.06212096115388605,0.04220709022749432,0.04184298549344096,0.04836956652633676,0.054460783469948246,0.04481561539479605,0.004808324970486453,-0.049829016864710175,-0.09460582355881386,-0.13129067917857565,-0.1633275193857491,-0.19740019061542477,-0.24058883111158513,-0.30343312965440794,-0.3440423820569342,-0.32653926697505914,-0.2775956650806018,-0.21858536406219425,-0.1633940766471585,-0.12904499933764335,-0.13480752877246502,-0.17406962299771042,-0.22300248790750365,-0.24422831096628428,-0.2311918156684835,-0.20409896378808487,-0.17700268369898228,-0.15392181668141827,-0.13340510657414067,-0.1144753878303876,-0.0991785261462783,-0.08907959449332735,-0.08717099728639088,-0.08702995921661384,-0.08339231877191865,-0.07496075147644374,-0.06477879062613724,-0.056391650932124913,-0.04765426143956373,-0.03472449059421262,-0.024888257552983177,-0.02061391272172778,-0.02044649851474739,-0.02800338862844249,-0.04488991466273877,-0.07179726824134726,-0.10687557060852067,-0.12543757990275917,-0.0931680998968962,0.028083190918109006,0.1891286309309894,0.2949304558755552,0.3440360701975172,0.37056630253555684,0.3809328380860327,0.3658483326974182,0.31307635178995025,0.2214543684424812,0.11816280447184958,0.028016345084083284,-0.027296453602453676,-0.043106125437432474,-0.022831521197382812,0.026709165898308688,0.08011404217035069,0.1230315505553698,0.14151868151435573,0.1360437995287252,0.11560850780744741,0.08862593842638142,0.06399849911105433,0.04687031497663068,0.0300965322264537,0.0004716134541440058,-0.04451453037906703,-0.09099029610260011,-0.11748568977090226,-0.11097070237222247,-0.08336640518673301,-0.04706033289220066,-0.02281239670693786,-0.02182326138552407,-0.04600138677993219,-0.08788607641981487,-0.15643401640875715,-0.2438937154933396,-0.31920038796789735,-0.36057077856157793,-0.3831137734757977,-0.4127211191167872,-0.43698423975317696,-0.4435678820633444,-0.43759518093765537,-0.43458328757130255,-0.4213462517179134,-0.38157885862142443,-0.3173566121839513,-0.2476336476482034,-0.18298262651836658,-0.13835710734548373,-0.12412430906270847,-0.1294870411196388,-0.14496126979306045,-0.161020468766772,-0.16694823177878818,-0.15887094095835025,-0.14312206009099956,-0.12536616772955925,-0.10802375257400014,-0.08624341832336947,-0.06348278826578672,-0.04332749107419494,-0.026448640457938592,-0.014022140159555064,-0.010293108415113624,-0.008127270441664747,0.004107918865597541,0.032343262622080364,0.06422326316721097,0.08729502116402746,0.09157046293470594,0.08413067765074131,0.07651535083009352,0.08886194050724448,0.13946475994373372,0.2282985585303943,0.31896770954046383,0.35666865413838794,0.34644239998948934,0.33318859746341917,0.338626844054411,0.3530972801721777,0.3786213120352313,0.38349823963706947,0.35817686699287393,0.32428518899398245,0.2964912730356891,0.26470839040466915,0.2267168277952208,0.18856668050350445,0.16205169869695857,0.14820153183292556,0.14578412000690646,0.15480731265853634,0.16154820202940878,0.155750745475532,0.1380783661207451,0.11993206072061886,0.10366056899481792,0.08675536762629575,0.06532117759461038,0.042307501338142824,0.02197736511508556,0.003361735166570988,-0.01767053719857182,-0.046450373292357384,-0.07952789643710889,-0.10861615351462894,-0.13050276652716106,-0.14334124618545235,-0.15739071655687956,-0.17978097516897762,-0.2153300004341238,-0.2610950295009575,-0.3032350405892757,-0.33734302421521983,-0.36471461278143785,-0.3988208631959335,-0.43712006955158256,-0.47695226798564744,-0.5259690454112483,-0.5658430019977442,-0.5639092202003007,-0.523265078046589,-0.4865472261881787,-0.4626829291987347,-0.43312101085172644,-0.3927429770936585,-0.34321196799670356,-0.2950621567069669,-0.2550342319412801,-0.22369530481096275,-0.2043554538034511,-0.19540018431395692,-0.18355980120053017,-0.16704214420744443,-0.1451852239938602,-0.11887732641729165,-0.08668830801825804,-0.050034546325369016,-0.01578023482049029,0.0019446490812806353,-0.004204824453219712,-0.02905026486878979,-0.06162453464561226,-0.09259288347365731,-0.10754642370890434,-0.09179649525538879,-0.041716728615498716,0.022615501163498024,0.07366918741326414,0.09604498752518155,0.10639621928633725,0.12131191818863099,0.15056540801966964,0.18694319445437185,0.22614722349590696,0.24156107807873842,0.2155745358841596,0.17792697891027495,0.17407588277125124,0.19789217730979172,0.2156322081643952,0.2172056507970795,0.19771462811997187,0.1597901311550588,0.11631568922410924,0.08025335495793784,0.05777673400826508,0.051403195990142175,0.05792023139740677,0.07054627790219639,0.07894402502010232,0.060402376329882934,0.010762525665301215,-0.050487220816904585,-0.09534496913537317,-0.10588439248391777,-0.08939162763493247,-0.056642939387736,-0.007653897020458085,0.05461933798943374,0.12228926595736611,0.18569378980584905,0.24057155091160654,0.27375490722869056,0.27189896821571474,0.24572756332582824,0.20921493068767572,0.17169639992608196,0.12236867015275367,0.0709067405491511,0.029029661594991405,-0.0010485838073350097,-0.035174401641565926,-0.08321172858349404,-0.14163090479722762,-0.18806499795434514,-0.21575014306171234,-0.2536321367728565,-0.31554965437749427,-0.37050273266515216,-0.38525104789018577,-0.3702493245668927,-0.3450439012785841,-0.3030122157864604,-0.23345517488060719,-0.14328039937749315,-0.06310503196632197,-0.013530604686431231,0.0144736322499891,0.01935783205065352,-0.006434628337808323,-0.051320849241593844,-0.09581324325400341,-0.1155287619713261,-0.10235903456903028,-0.0700174627622251,-0.03667300090141973,-0.01833329126204724,-0.019514426039703145,-0.03760849641519367,-0.07305209392527069,-0.12192716112203736,-0.18484850749625667,-0.25665804547872895,-0.34040845579650647,-0.415797967971911,-0.45774478161280363,-0.431414292513133,-0.30921938547606015,-0.16584231902151744,-0.062167041852852406,0.006642468395640842,0.0737727160525765,0.16187146573469682,0.28186242248695326,0.416425746345184,0.5199914822335949,0.5566228831117837,0.519424317585498,0.41439029266018357,0.2855911684458112,0.19632577862891923,0.16158275665076047,0.16110440127283754,0.18480594945477868,0.20910981392880934,0.20761901836203628,0.17846432246144095,0.14140382797138298,0.12435954959011136,0.1330641140257844,0.15752610254012153,0.1815774419286977,0.1971167406634853,0.20343648805342524,0.2046655502978311,0.2037227010265796,0.20371246176192948,0.20472826551432985,0.20001794382294044,0.1820659810239364,0.14139761467457634,0.08505060753432414,0.03348705010247712,-0.010002125341895013,-0.05043767140567583,-0.0965670393104075,-0.14645440906414903,-0.18732573500478022,-0.1977493469036223,-0.1617831754215144,-0.08324963601908755,0.01876991665860873,0.12525568171081897,0.22059189978366753,0.27419098284194204,0.24710566753621563,0.11030892278450395,-0.10070968310502695,-0.24754443173699345,-0.29077684025251604,-0.29525346568463295,-0.2874762132979083,-0.2793565991046061,-0.2825011037070631,-0.29078087336311526,-0.3002639016379863,-0.30984555699247895,-0.32679334812715666,-0.35173718353962513,-0.3902651448015642,-0.434979538368552,-0.466961702994398,-0.47455394574367354,-0.45517492996611336,-0.4154248248664792,-0.3633517253534891,-0.30494466181276275,-0.24268391150946705,-0.1852733564303918,-0.1401840681216211,-0.11199311199708942,-0.09784716960213204,-0.09770595875161993,-0.11684167119013762,-0.1488742660183822,-0.18660673240833936,-0.22178332249101054,-0.24123534588405265,-0.24531545691918852,-0.23315140212561247,-0.21453307423432852,-0.19230263549836857,-0.1659098984822968,-0.12850732456212788,-0.05057265643474193,0.07506894374327822,0.1789616170344756,0.25895781485747793,0.30213373711851826,0.29312349935057047,0.24985051072696837,0.21849516324828172,0.20580996019566883,0.19982270058419704,0.19695068266135526,0.19631022656647276,0.20239702583309774,0.21299134625369054,0.22164693077103126,0.22930217825092689,0.24188580035397578,0.25952550797061136,0.2698199543336705,0.26517607317545044,0.2464817068116829,0.21886928525643634,0.19017396587617974,0.1640319430817082,0.13829315294783764,0.10717387900417585,0.07320169027530127,0.044102079608433084,0.03027213657115013,0.028547945564085832,0.03826164688134091,0.0490743349902108,0.0613497330872129,0.07663841242855525,0.08226964107143286,0.0707206828834341,0.026664078356075507,-0.0720692643616612,-0.22245149926767321,-0.38689701633002926,-0.49854450071981843,-0.5421708122513489,-0.5497884066897045,-0.5323312606390352,-0.4945450549839399,-0.4518837515060574,-0.4225593247331197,-0.40860182042466026,-0.39046479897537617,-0.3508200229069109,-0.2797056432788008,-0.19080383365431922,-0.10949505250992293,-0.06009215403615056,-0.042525214703712,-0.05035764540907156,-0.07636569616473099,-0.10885135135816228,-0.13716657243174932,-0.15493166335120948,-0.1682016572260261,-0.18204100336226262,-0.19637508759225028,-0.21218540725648116,-0.22810572346579064,-0.22940158995101093,-0.20374363423673159,-0.15267473115942504,-0.09214364937994404,-0.0403106055928257,-0.006736048070709216,0.016433948401106888,0.03666500824067276,0.0481518956916115,0.0511592554167104,0.0507686649800877,0.052959344117133655,0.060355271612996184,0.07666409408181694,0.10191954466140615,0.1296793970005622,0.1465477047429491,0.1510885968349646,0.15941422676677314,0.18611623256424942,0.21861466852585237,0.2199486967277794,0.19253337567399847,0.1691407835947827,0.1627750838959931,0.17307612190076627,0.18655993917664568,0.18731859688829297,0.16994284343943647,0.1405820692199995,0.10579867346193828,0.07887597835750372,0.06325140849800905,0.060769057261074164,0.06829998812207705,0.08211676895361794,0.0975889953378366,0.11052643694113473,0.11730190930777229,0.11178861118460201,0.08736371333493782,0.044982004232802686,-0.0004080362935148144,-0.03895219504820837,-0.07579552427705884,-0.11179920080925587,-0.13969667845723038,-0.15200851593910866,-0.15127735652314886,-0.1442027292202881,-0.13329376987452238,-0.11230925108313392,-0.0695974846310917,-0.017215953374432484,0.015534976908303282,-0.01606208257935039,-0.07420356745318511,-0.13047907445966664,-0.17005234244672426,-0.1961669479426004,-0.21423963732315116,-0.222798258238283,-0.22346062481122725,-0.21347907605317107,-0.1913672994440881,-0.16429810646871415,-0.13000672718906345,-0.10004690101417206,-0.084710227318355,-0.08454349336453611,-0.09240036595325223,-0.10129793748653022,-0.10174073269396876,-0.09043220031525653,-0.07910999461589324,-0.07451241048952631,-0.07298264502769321,-0.07191372583747152,-0.07460812618812004,-0.08723600335258161,-0.10171275482108927,-0.10764973196237719,-0.09436356800241415,-0.0610931576483767,-0.008424611837463637,0.04475928035078965,0.0692011786670813,0.060444229355708506,0.026932162139410836,-0.013493845702894395,-0.044931455007206425,-0.06324053883386258,-0.0752191157152955,-0.08763493155823839,-0.10839895030711104,-0.1369429685670651,-0.17111494834943405,-0.14274900815157113,-0.010589526591139957,0.11388318003195572,0.1794690809361416,0.20492796771155095,0.20862803237378671,0.18727333446407438,0.14962163741671702,0.10445659029356048,0.06744171806985833,0.04887856122287324,0.047436418950290465,0.05661769894768541,0.07510988926155453,0.09431297752674395,0.10593968394417237,0.10666688974832178,0.09252135591450426,0.0673634609869977,0.0395214660794935,0.018328228074357286,0.007422130064277865,0.0010764683602905755,-0.009064744323424976,-0.03447322143503072,-0.07499776358748284,-0.12220071888444789,-0.159306426303293,-0.17495276017639286,-0.16588635414533262,-0.13855676581019635,-0.10697347575744995,-0.09483255406316701,-0.1081468100972926,-0.1495396239742174,-0.21240191355204358,-0.2851925235855135,-0.35529086643415925,-0.40581040202295554,-0.42301182565511797,-0.4145710535296008,-0.3825857531344117,-0.3475456203808475,-0.31856786056812897,-0.28758465065884375,-0.25503963520057166,-0.2306706251676707,-0.22504025935714067,-0.23064355460226194,-0.23459251874212164,-0.24055070888411575,-0.24421849383422717,-0.24247631095013786,-0.235420367535944,-0.22645682600155714,-0.21580896146465872,-0.2009194476768451,-0.18264614785105424,-0.15692336751852615,-0.1257478781813241,-0.09044363378757311,-0.05797296391016211,-0.03601673142115927,-0.02836601987505396,-0.031362958992216174,-0.029473746972062516,-0.015273262313735998,0.007451674997674421,0.0321840942180925,0.0537939760178201,0.07494453497780226,0.09721922613775197,0.12218978971179865,0.14624270048469645,0.16418889147861224,0.18389480220148494,0.21625784639819995,0.26856429647481517,0.33039540355056,0.38026288589787377,0.4059506698128889,0.418402795327529,0.4291556512354782,0.429285062447747,0.40673171229287036,0.3598990417690611,0.3005064036953983,0.25056695838215104,0.21945400777436766,0.1987105991541198,0.1843011634574026,0.1737369062498442,0.16994949298774117,0.17170950049665187,0.17475649489114314,0.16924302338035307,0.1443599009957757,0.09773683615431523,0.038038997716403164,-0.01829991357155923,-0.059388201489559214,-0.0748233618142003,-0.06311702958521842,-0.02883222042071867,0.013358515024460116,0.046662958327763016,0.06303952386842505,0.058780468796809586,0.03950066842384251,0.013715514853512405,-0.011342504268543463,-0.025535382694012596,-0.030171849511625437,-0.031629102633975184,-0.04668754289640421,-0.09198319802145653,-0.15480170782116093,-0.20480979927395854,-0.24527332733862345,-0.2870291969256658,-0.335697785157048,-0.3826335652384673,-0.41792496053096984,-0.4290419993833777,-0.41833676045862234,-0.39104615618655847,-0.35047547158205195,-0.3052682334072243,-0.26034478489016305,-0.21179376796856741,-0.15780501477167178,-0.10577768031203055,-0.0691981772847125,-0.06706039905470328,-0.10218430810462863,-0.15916381123975493,-0.21363935035169346,-0.24953024713649752,-0.26860220077342645,-0.276602228646893,-0.27635753488221493,-0.2646246849303713,-0.24165521620841976,-0.21635497043161564,-0.1989922057594543,-0.18746672615526963,-0.1740431008650587,-0.14492924191071596,-0.09779562933511683,-0.04145035516866865,0.00905158625004316,0.041835492860814234,0.06508773784619731,0.09446011087162837,0.13260013449630495,0.16896484288466287,0.1868224509315382,0.18005332243751418,0.14944101320242512,0.11002208687111874,0.08424744641338353,0.09010553806652578,0.11130651901939814,0.13415070284686328,0.15100914128295725,0.1614732888035883,0.15846068286541878,0.14561092188384628,0.1343020481154943,0.12589265619802228,0.1168660089244669,0.1116983284310751,0.1161342766270415,0.12910597733991827,0.1448514754002894,0.1554107712808143,0.157263298110223,0.1525905919358653,0.1454356908917843,0.13487239264897005,0.12254968300350606,0.11037321176252843,0.09536165599186225,0.07934954101825135,0.06470935601467413,0.05676647345692938,0.057785962706365226,0.06155606818250547,0.06366178305972509,0.06443361049202162,0.06561987648714634,0.06524817385949504,0.06543765669068351,0.054404106658075616,0.022973190231849454,-0.03944546258168819,-0.1412921570515866,-0.2672401873785646,-0.39725411692079243,-0.5055991525855735,-0.5916911552313265,-0.6605885159184641,-0.7165740492413769,-0.7519851369506966,-0.7584367775305323,-0.7233219359260943,-0.6347152758127605,-0.5062099333358772,-0.37007479626509093,-0.2498313967017724,-0.15425314433473358,-0.0795318149440074,-0.032578487936927955,-0.01231712596957098,-0.019574431686876184,-0.048910155173925766,-0.09197007955651344,-0.13878444471075269,-0.17708093101014777,-0.2018739206774465,-0.21508865548713957,-0.2200825531665384,-0.21978897619535118,-0.21249342793914844,-0.19407343004666233,-0.16062342382992648,-0.11250719500789196,-0.05173838519559476,0.012712332837852959,0.06435066388032488,0.09620554676886584,0.10211514818095097,0.08704812659259972,0.06237777302950879,0.03545639826024575,0.017604758220991622,0.02468057593752798,0.08401080084649636,0.22182292263421183,0.39359235682386035,0.5276932047944144,0.6004557219681568,0.6341240648680876,0.644935170633696,0.6377300820137826,0.6145240136237538,0.5730490013485545,0.502607892505722,0.4087365459366886,0.31513455704030785,0.24008725465285394,0.18995794850137937,0.1575517229074297,0.13575275493824557,0.11997100984533846,0.10769612379201247,0.09243957428709543,0.07022836043999864,0.04463075722794608,0.01798033728973928,-0.00862528292648556,-0.03172657180748556,-0.04951021021980661,-0.06593122188515071,-0.09467231994791997,-0.1408831789388476,-0.19626093849900073,-0.24741299754190058,-0.2884431026719139,-0.308365633910118,-0.29922354312699445,-0.2693797008160381,-0.22780709118676926,-0.18537436042395497,-0.15153722705678174,-0.1285359611762522,-0.10907488233170543,-0.08787351826012685,-0.05245252268428496,-0.007525598499300373,0.006137300605322183,-0.012027672429916574,-0.03899004792553879,-0.051608895767400874,-0.04201431973556511,-0.009169650580816065,0.03779372151097347,0.08465417827548634,0.1222909891864345,0.15051332345084853,0.1672902721843751,0.16691284922260063,0.13847646553363796,0.08632985503176878,0.02422150077119842,-0.03923339985291094,-0.09108339698634216,-0.12735284900141244,-0.15492986084965327,-0.1826114975009813,-0.20918738727214048,-0.2275407978279891,-0.23642267777615936,-0.24315151585882142,-0.2557575420777314,-0.274237782779516,-0.29293144805661986,-0.3038379170169781,-0.3113732566232252,-0.31458365936281457,-0.29597815920742343,-0.23503812428164572,-0.14580295735227836,-0.05779660410634272,0.002924680564027252,0.024024418551789335,-0.006546209358959637,-0.10161070679728705,-0.25867543986291763,-0.39217407634747753,-0.4359679103621894,-0.10744730292118394,0.29880338973334203,0.36574431932709245,0.36797791903017546,0.35923415226966987,0.34116313130414055,0.27974983271458087,0.1484324178066641,0.030579404193649046,-0.028763084362157208,-0.050782252772350996,-0.049165078565762806,-0.031875942807604,0.00020651624101762303,0.03713325578321276,0.06006841389820691,0.057665608938396486,0.026433771863716565,-0.022920177090963174,-0.06960273713419023,-0.09942269392111713,-0.11074231635961893,-0.10906381238358649,-0.10429493938127392,-0.10014355366945835,-0.0928186300700286,-0.07471271057114676,-0.04800933069153863,-0.01744546771830369,0.008996097960956594,0.020046758725260433,0.00550197992884449,-0.03187153470510561,-0.10722969729157969,-0.21721633198038917,-0.34310989633802613,-0.4515543470514354,-0.5060256306202486,-0.46174500173782207,-0.3425453133660292,-0.2646077554397866,-0.2415837800235042,-0.24424425000465685,-0.2554309603032339,-0.2596556745017405,-0.24346730956421694,-0.2113932721628121,-0.17508349961459566,-0.14479608976104294,-0.12041122029008897,-0.09256061178491949,-0.06193798985315922,-0.03857580055591098,-0.03157718114633871,-0.041632576082533415,-0.049009729088738865,-0.03801692963658356,-0.009030370199927614,0.025019927662714114,0.05332235980562155,0.07254918783652203,0.08569132926093795,0.09569343758167653,0.10106676193738666,0.10464162596397546,0.10941082993851524,0.1158986447282274,0.1227550400975409,0.12224490367630018,0.11214088971961034,0.10423437408449776,0.11160935694600739,0.14117670593064713,0.18888156587186208,0.24101389171873747,0.2870773888914059,0.3275945293597201,0.3653841496005871,0.40362827789188593,0.449918324655872,0.4905875822710161,0.4889136112055918,0.45280280631625575,0.4241195602401915,0.40987137780054905,0.396981221130121,0.37350587728429313,0.34284641618038697,0.3105340412031044,0.26844825142161804,0.21893667689859397,0.1712682835606822,0.1395875527663267,0.13574519169162036,0.15282248426926678,0.16929427719724452,0.16708141872751334,0.14883219805377185,0.12170709289792658,0.09223677100559584,0.06263475284081099,0.030858021262428034,-0.0019721825648055164,-0.02474967738126671,-0.037002433985798534,-0.04503291819516753,-0.05617423020472912,-0.06873964673353052,-0.0774987258526148,-0.08708478437298303,-0.10775561334788203,-0.14452236515486197,-0.1925389325186137,-0.23589087560963207,-0.2584305574378855,-0.26871463541951657,-0.2922967537137592,-0.36001426749938475,-0.4802154570264509,-0.6304370873375488,-0.7381849733748267,-0.7235090729681339,-0.5983151658991447,-0.45263530185204076,-0.3357423670316659,-0.2590398323613774,-0.20915839144002804,-0.17410700041933452,-0.1479025402861985,-0.1391196864714193,-0.14538973162669627,-0.15040324277339603,-0.15677640468703044,-0.17818206813470522,-0.21439592284992537,-0.24889539960948848,-0.2684109836698757,-0.27185400527731013,-0.2635253462249426,-0.2509993304702548,-0.23720300970238498,-0.22210486344045877,-0.20828475755759548,-0.20226118297947826,-0.1993540720639918,-0.19059228558842967,-0.17282450955850592,-0.14699488031070382,-0.11507818030405205,-0.08451110326395335,-0.06124932772916541,-0.04252904199970966,-0.030191664073200557,-0.017257313037249915,-0.0005497294153327742,0.026655746821960737,0.06264419801101118,0.09754187184265806,0.12355157902144404,0.13811843121712392,0.15373591962559283,0.18024056877243233,0.2235513234135653,0.26994383657655047,0.31355767168040716,0.3514080437153162,0.3714529496409399,0.3763664610627553,0.3755449518098057,0.382531279517106,0.40128544174075026,0.42343376494445384,0.43670424429353305,0.4366471687501494,0.42256609003374396,0.3909142122984575,0.34533433808131025,0.2893343060393303,0.2232268302956544,0.1558415919967769,0.09460343854243665,0.04144382776425685,-0.0064796938184542895,-0.05116218371143412,-0.09250577954751191,-0.12266483683398555,-0.13445663303144273,-0.12228253096812117,-0.08852533252286499,-0.03614760019160566,0.01482508813746064,0.043376422546216,0.03820358354687038,0.008762371074446662,-0.04282650230972558,-0.11664438887069531,-0.20532155754646034,-0.29162633166467644,-0.36949967544005186,-0.44341833360950617,-0.5301386682323816,-0.6377549132346944,-0.7303855747419081,-0.6173192278647566,-0.39924215959860315,-0.28312162582976946,-0.24348102540269373,-0.22881149182855004,-0.2162507223829197,-0.21101072639775673,-0.21429330604748173,-0.21860026571519667,-0.22915134702335782,-0.24043441104877153,-0.24231544309049358,-0.2350140352808483,-0.22468974490859206,-0.216906371880538,-0.20400885271372624,-0.17453948569380137,-0.13139789867471507,-0.08694725106513777,-0.05642930298378082,-0.042728949808942956,-0.04233844282415755,-0.05385421075744242,-0.07206547287054733,-0.09048672684187804,-0.099444554181442,-0.09183927846816048,-0.07435901452864217,-0.05532031327418354,-0.05149227121015979,-0.05868304765881173,-0.05414876853032193,-0.019790925155664055,0.04792333865185908,0.1522862260157352,0.2708481406452633,0.3423469307520319,0.3346137898701568,0.31195291250281987,0.29841176945088815,0.2990112212870636,0.3040007881218986,0.3055102028276509,0.3022447345180544,0.28330191983342773,0.25200623987280013,0.2097829077107294,0.17045231438971842,0.14802981327720152,0.1500536767382897,0.17125211631889858,0.19331322130670175,0.20496270954962045,0.1993129524073521,0.18314238222948964,0.1689067238605598,0.16353232448231148,0.16017328830176294,0.15779110726234014,0.15126346284246464,0.12971528669490032,0.0937938685767873,0.05572101720518065,0.02339038199079526,0.0003787164539588529,-0.0034496936194649288,0.00040337818542929255,-0.0015093712360914355,-0.021428962135888845,-0.0502557045930716,-0.06149936712832816,-0.047279108336061436,-0.027295062898643783,-0.030206404502498205,-0.06733832244008732,-0.13288101627294485,-0.2074498710392498,-0.2780680987308722,-0.34615470568279777,-0.40832775654399045,-0.43707715700876515,-0.41370314385901813,-0.3664375807512419,-0.330041527536224,-0.3097838362210896,-0.30058250329608444,-0.29731206073264627,-0.2985958429962384,-0.2976083913262846,-0.28105783123891626,-0.25462890038174796,-0.24032343094279357,-0.24010364371321294,-0.23814221681533507,-0.22912718359435497,-0.21375789838148448,-0.20049255717732747,-0.19658543890538216,-0.19433164057824304,-0.18208686234005764,-0.15957333069015708,-0.130857999394698,-0.11153741071569757,-0.10651749558285589,-0.10606377532839474,-0.10321533318256676,-0.09348033880366327,-0.08477082443093574,-0.07408618144745849,-0.04331245295080069,0.013200256927234465,0.09344882871274562,0.19258395719049487,0.3052636989454367,0.4204947431206981,0.5217475299270051,0.5982434742554124,0.6509835551643506,0.6873457831392137,0.699241192380508,0.6762403608575238,0.628049949253204,0.5480756895897111,0.4429051505250453,0.3352440194546383,0.23903501298591492,0.1515155876617063,0.07486613530234688,0.02718107605799568,0.013942592561036393,0.024177575639551432,0.044912033321732055,0.06668156298890092,0.08404974271757298,0.09362972822077602,0.08886422527444512,0.07172226474821544,0.048699862513454754,0.026407481745021357,0.012796612426613303,0.005319013357710303,0.0024989610584618847,0.0012248419551009106,-0.00477693637790268,-0.02351479170226048,-0.049708768765960906,-0.08086005645997779,-0.11880026564737188,-0.1584167501104413,-0.20567100573185126,-0.25863387178175207,-0.32491405680081925,-0.41139007619920437,-0.5142351486501218,-0.6206484883484809,-0.7035851722809483,-0.7084328581393499,-0.6437715764015558,-0.5728627540175834,-0.5272608061450214,-0.4886709179987073,-0.4408298383969002,-0.3815286830638273,-0.3122208380162455,-0.24245856222665949,-0.1775599528816046,-0.1256738626416885,-0.08934343983436883,-0.06707737085411324,-0.056411558734948235,-0.0590422514977112,-0.07073995966696622,-0.08332370924835242,-0.08802719511691275,-0.08046600245335224,-0.06449664244860227,-0.04184589180946844,-0.024460667390662705,-0.01809043793432051,-0.019111161910523818,-0.016985588147774126,-0.00568784881837923,0.012378234725272452,0.029894737072142033,0.037876986533676126,0.03306509706690898,0.010267071471813773,-0.030851578045001927,-0.07744138978983167,-0.11048214410329346,-0.11321044282693395,-0.08021306815938478,-0.013624918302088193,0.0905942135684663,0.2328305073532987,0.3796860565469,0.4797468349021645,0.5228306088012474,0.5202425535051142,0.49024157659099277,0.44911949501413784,0.3988965089100797,0.33154395394005376,0.23741465525956723,0.12863840043573194,0.014221186832768587,-0.08351260290800336,-0.14206838205279604,-0.15847845205858663,-0.1449750436561153,-0.10218426989330238,-0.0417112547826451,0.018311132770529495,0.05970598376680598,0.07906174961976765,0.08088152927423453,0.0712127603784747,0.05377832295573308,0.03226637979595922,0.011247950538076512,-0.009382632781215134,-0.030700431121430713,-0.047642699718460975,-0.05243242823841164,-0.04805090921793703,-0.0372986993436985,-0.024435967581581106,-0.0208357018542786,-0.03542047719375174,-0.062479079922139136,-0.09316267911126057,-0.12312630951134179,-0.16134623700575046,-0.20650702218935732,-0.2610717250786746,-0.3390697208246343,-0.44881708580995955,-0.568721201994524,-0.6381933569717235,-0.6462913527626918,-0.6174045345977267,-0.5794066807896026,-0.5369340102270168,-0.4952578204279635,-0.45666927630850884,-0.4127599996845539,-0.35622470220160385,-0.28557092513457144,-0.20944130069986086,-0.1531913517548674,-0.13032403382553318,-0.1260398655914905,-0.11989485758141213,-0.10073593765885068,-0.07276337317000918,-0.04605087759669499,-0.029047552971465804,-0.025491032832173355,-0.03230539291974212,-0.038469789827815855,-0.032184433489913476,-0.0076245059083362605,0.026710827118082273,0.054959773280490794,0.06040889791462485,0.048456541204605116,0.03308989033197543,0.02449290020845062,0.02057520174299659,0.02164772936840916,0.031896608578304314,0.058013707502548716,0.10419644215219871,0.16138357955630112,0.21999275047863376,0.2764434237632825,0.3329014975012644,0.3901771395817622,0.44325517613958415,0.4896310331978048,0.520128755221107,0.5384831457103724,0.5547222496658822,0.5683604105511455,0.5658517745176337,0.540364922283113,0.4969151056001028,0.4511490318848616,0.41266325246185864,0.3740584085104531,0.32419135944444816,0.270034269737576,0.219189964575393,0.17533432544228367,0.14227819598787234,0.11629968828503909,0.09565364031780817,0.0780603117439171,0.06612425760393707,0.055450485291279904,0.03993169481997132,0.016915475436162813,-0.016906955208564823,-0.05492024941353391,-0.08291292676225417,-0.09135643723842177,-0.07902141363320303,-0.05787219206415066,-0.04692939712145126,-0.059043492311829066,-0.09911183829438405,-0.1643771680738135,-0.23658804501681396,-0.30055822866609505,-0.36164463377384237,-0.42462148053774584,-0.4993578251606794,-0.5732036168487998,-0.5985754864097198,-0.5577719460476303,-0.490421526395903,-0.43478308918064645,-0.402815419316196,-0.3961158337830372,-0.4056222622211927,-0.4213796794107565,-0.4319895420950524,-0.425513074457575,-0.3980258281990852,-0.3582050724217896,-0.3226238447565546,-0.3001252387727953,-0.29120331465897586,-0.282662429062228,-0.2657771989939577,-0.2386932841242716,-0.2086118540522599,-0.1754775696865732,-0.14279129290646186,-0.11869137953054516,-0.11242752527350311,-0.12574332459519202,-0.15281353478968804,-0.18016612905360826,-0.19729973955819574,-0.19413812801290042,-0.17173956038423915,-0.14405093077028813,-0.12436529124032597,-0.10812102991870823,-0.08392797051723458,-0.04090638532222431,0.01789996704748525,0.07906119983875783,0.13357095351320303,0.17585086553744297,0.1923497377226098,0.20088551793830695,0.21513475887118588,0.23198899278194612,0.25055520845507906,0.2501679052075398,0.2371719235895757,0.23702535531821012,0.25075194649952526,0.27567101403168115,0.3060377543844374,0.3237274994230005,0.3203681384925008,0.29752781874232004,0.2719338163170123,0.24620833526048763,0.21797916532118183,0.18487229408370365,0.1503417525518757,0.1187793614621025,0.09371033766270026,0.07430696599094228,0.06165509042667725,0.05294277126805465,0.048527247225941754,0.053455644378480285,0.07324018284673399,0.10223676542216023,0.12573416393679504,0.1323500992571859,0.12042728392365316,0.08774905916582182,0.039411136323740284,-0.009073327271606786,-0.04770066621152298,-0.08664642205763476,-0.12364004130792196,-0.16262132957368422,-0.2012158479869275,-0.22932340190846237,-0.22554171308024243,-0.1882985188061723,-0.15738337233868274,-0.15453301000511496,-0.15765037605904755,-0.1558022351404562,-0.1474863230192337,-0.13759589565613267,-0.12744623954858852,-0.11824623522497696,-0.11086232321197417,-0.1040614058343822,-0.09604240073809109,-0.08463511074493207,-0.07235958900547454,-0.05935476105596967,-0.048928547047908576,-0.04150633473046234,-0.036769536140753324,-0.03133436212331988,-0.024422855000785216,-0.01783476593962523,-0.0193000435791209,-0.03048900955243859,-0.0525998206573964,-0.0678097406292733,-0.06095230589991373,-0.03249640493068055,0.006758179580442641,0.03327637643361617,0.02227963734468909,-0.026855941389113052,-0.08925623372088451,-0.14783521850573753,-0.18785208129094919,-0.17788657374995662,-0.08188658238061505,0.12306940359377999,0.3395681384052564,0.46340589382750613,0.5057937389619825,0.5064318578622622,0.48431489660900817,0.45351201661750523,0.4287637678340004,0.4002236551766987,0.3652539057270625,0.31929122473965726,0.26360708929145377,0.20915884651967176,0.16071332207287342,0.11765856522294794,0.07646750953314495,0.04257489985556817,0.020527681415119348,0.005984306273065508,-0.014274805119163122,-0.046588777791865585,-0.08601176460450764,-0.12091006443045076,-0.14096684866316442,-0.14623492998361254,-0.14443588107531363,-0.14395429292522816,-0.1433623596449165,-0.1474673451441707,-0.1574186422233664,-0.1677052770960733,-0.17222846022164748,-0.1688656099864652,-0.1606577602282322,-0.1564985342031366,-0.1691196102141347,-0.2133341332784046,-0.28471270575091046,-0.351305480403227,-0.3952715775073896,-0.4337397431699162,-0.49137660165873887,-0.5557169143985908,-0.564102508851441,-0.45638812982478916,-0.26484807255369686,-0.11091958529576501,-0.04455403094076636,-0.057335008166791754,-0.11862330012431076,-0.19625146227302812,-0.2654743925260916,-0.3068791881178042,-0.30835490246363595,-0.26785031180351326,-0.1914390956758509,-0.08684844393260138,0.01828782086647556,0.0993908575808694,0.1451915501666824,0.15886850146826792,0.14263237243600507,0.10428027575743308,0.05026214916166659,-0.014830309500297107,-0.08059712015067574,-0.13700119270523695,-0.1760312197361606,-0.19592163383944744,-0.2005089175440705,-0.19907133769110388,-0.20123316222726384,-0.21131047474247114,-0.22742400498429685,-0.24808138661709356,-0.2733716495424806,-0.2965606911767424,-0.29742465504351,-0.24164696661922294,-0.13733675047822785,-0.030811761591302684,0.04903381598706263,0.10469871552040837,0.15978723613319587,0.22594927686052013,0.2967186589058171,0.3518178786005831,0.39219857914005685,0.42403339349822705,0.44965080393175977,0.46676341502378016,0.486055009549105,0.5107603899956858,0.5421890530630187,0.5727949753489482,0.601988532643045,0.6230662403049868,0.5826325413199157,0.4781217089373047,0.36690719075635614,0.2860418420361099,0.24099037201187676,0.2189603389340112,0.21399651347541734,0.21844216863979693,0.2227917886425621,0.2205113368005957,0.20727425231567265,0.1817593572892166,0.14674631746797745,0.1036315158810479,0.05120519066558221,-0.007411418863500876,-0.06697900619148038,-0.12279271676710932,-0.16521492938814292,-0.18983333505382097,-0.20391372263424087,-0.21706591084774673,-0.23561378240507289,-0.25691057179270105,-0.28446707758689427,-0.3248619940574933,-0.38872674403503615,-0.47881129342427386,-0.5687807780535854,-0.5982171744474368,-0.5261366078542277,-0.39552134772013436,-0.2616564983300276,-0.15253795419304755,-0.07832349211595048,-0.04411901130275818,-0.04676880604322287,-0.07213280314486098,-0.09825141096408165,-0.11871976897055138,-0.13912337687624432,-0.1696274607274115,-0.20247294113816028,-0.22391785273209383,-0.22411741287439318,-0.20941428472734053,-0.19141368704735062,-0.17756054626727408,-0.17503806236096092,-0.18210595252128928,-0.19230560111088338,-0.1998996957552792,-0.1946520509369268,-0.1803835449010577,-0.16847103000941746,-0.17077104526015724,-0.18450847570338402,-0.1987421176610728,-0.20624035534883262,-0.19850354439060702,-0.1739166751453861,-0.13259237335602267,-0.09004076557285443,-0.059054776427612914,-0.03836910587943135,-0.02017858023117837,0.012290333893453092,0.06808980479849355,0.14426126812887352,0.21398250579757705,0.2757577819521601,0.32960140647858294,0.3698635134691207,0.38166239547320857,0.36721205420329434,0.3504350467980548,0.3435189690666899,0.34054140372194325,0.32198970570109164,0.2795458295724302,0.2370390994151441,0.2116204164713451,0.20028779636083688,0.19103703259710492,0.1764118022229202,0.1584304617458045,0.13664638498882867,0.11234325763244095,0.08377236005276642,0.04927049901740581,0.010643228704577483,-0.02832170933279177,-0.05910769959618803,-0.07374387085847363,-0.07767285325104005,-0.07888851131608168,-0.08024697556477134,-0.07724642121071203,-0.07679741954723276,-0.07841738521505036,-0.08301840729807924,-0.09967430801472875,-0.13984822446315992,-0.2014277462945636,-0.26935528146955606,-0.33760591766576503,-0.4088144348382472,-0.4627784170851196,-0.4762859156041793,-0.4392719792869833,-0.3863831789827363,-0.3415971961209022,-0.3111779052219365,-0.2903669795252023,-0.27583322274117483,-0.2662460103357379,-0.25416562387406055,-0.24149711281585587,-0.23858712314674868,-0.25508541876242546,-0.2806571982183107,-0.2990984302198783,-0.2950580117530181,-0.26353345574413917,-0.20744908924999647,-0.14250804862443492,-0.09077142749042516,-0.06375556855309457,-0.06207517796650135,-0.07790786095688777,-0.09973178793243505,-0.11575949973887495,-0.12282674421997272,-0.12520661360130558,-0.13160496069998137,-0.14124757665769255,-0.15664948535040604,-0.1738349989146612,-0.16756027784527933,-0.11218563631649554,-0.03837079758717065,0.03517629994978748,0.10186315278467267,0.1605383889089152,0.20732666977784933,0.24372190313209477,0.2715627277677558,0.31466678285108807,0.4052256245390472,0.5083744545520049,0.5477307562387174,0.5350225345103582,0.49159888759508436,0.4274591335650176,0.3682802220756686,0.3347256514257481,0.3263642897828697,0.3290458994211947,0.3374914778536835,0.3336235452614259,0.3139482057330942,0.2829306097955598,0.24408015239745598,0.20096795385751437,0.15241299747344828,0.09966415168467335,0.04983302496229615,0.009324731891995128,-0.0172602947064224,-0.03634587166625822,-0.05420992010838182,-0.07471433605456249,-0.10121320069069908,-0.13202734323367699,-0.16084185312212332,-0.17497624703375153,-0.170911554845413,-0.15447447013196347,-0.1365232325316511,-0.12932753434744815,-0.14959654905847874,-0.20709626627318573,-0.2893082357554318,-0.37300868684011645,-0.44834067030937097,-0.513263273920779,-0.5522412716116311,-0.5522363381027101,-0.5057481491981991,-0.4207363444590011,-0.3393063744459428,-0.28601238439488874,-0.2501050448329934,-0.22180219065341236,-0.20734121451791596,-0.2045314742789606,-0.20859759628350752,-0.21848576626135105,-0.23106916756230667,-0.24604411142594085,-0.258466445496145,-0.2565623365344945,-0.23218615320157754,-0.19315795120226392,-0.1493778671212175,-0.11328209181848256,-0.09264712075332521,-0.08380767054753825,-0.08063323213515268,-0.06967569123244753,-0.04336039064883349,0.0005059707124819419,0.05351882049721357,0.10104429491168594,0.1365589563046645,0.16543215663885585,0.19355088488548058,0.21839756762938348,0.23909234883843444,0.24378040046198926,0.242016226297214,0.23720527610483336,0.2578805230880521,0.3299951014087703,0.4276062608277093,0.5057592540235646,0.5329762752098481,0.5047321278779707,0.435768347518473,0.3600268257050316,0.31292389031601586,0.3219561206035531,0.39607624894333404,0.5096589709356574,0.6110231381342517,0.6541625665694984,0.6363551437767552,0.5808068090177843,0.5077324545492934,0.4326224820521215,0.35959685156122645,0.29265625264011064,0.24206137379994105,0.20591195164694695,0.17641609845591058,0.14960072164995106,0.12672023258435333,0.10769577059015545,0.09384279212424468,0.08721067429198286,0.08660389940052549,0.08364168045511118,0.07256728464921357,0.056411760410059214,0.035161482457644076,0.014475004293359064,-0.0035052363148682375,-0.02167851507687743,-0.04545188299835109,-0.06934309048850593,-0.09141497629916472,-0.11732956780629014,-0.15229711351416053,-0.1995410930188344,-0.25095047438391205,-0.3101401392342681,-0.39254568905328935,-0.4922184564457923,-0.5851843708189496,-0.6377184104725665,-0.6369632952428119,-0.6005785860492594,-0.5568614403765587,-0.5144959959105353,-0.48765122667928845,-0.4751139743600625,-0.466590690607581,-0.44874564778013476,-0.4201106619631505,-0.39720184483008975,-0.38932595787006274,-0.3873030355325507,-0.37993853054584564,-0.36454137400595926,-0.3405990950143265,-0.3096407374088742,-0.28197587303703453,-0.262884338231337,-0.25333720206276905,-0.2507678673524737,-0.24385127332653017,-0.22803938848353164,-0.1996932210175366,-0.168963904539125,-0.14864052880194126,-0.1448607948829369,-0.14631547241879053,-0.14129292049905576,-0.12134219726291305,-0.0830316534202044,-0.03628618769415294,0.011430016396067255,0.05978821755246534,0.1034650730388152,0.134100261584518,0.14574518863885857,0.14868288178212294,0.15107871849226312,0.16212081175408868,0.20211137265342893,0.3055342488718041,0.4335050301054103,0.4301559849677845,0.36888824421974864,0.30198694908207013,0.24033366298516137,0.1923521274783746,0.1617529705288383,0.1569454272040694,0.17503989315703256,0.2058485984802882,0.23488392205414665,0.2523096389425085,0.2519685375412177,0.23511811324480444,0.2009645025789101,0.1560426248693982,0.1173461328497364,0.09718653308695151,0.100944536696308,0.11858917333092986,0.1334064651103328,0.1322500325401885,0.10504105555135672,0.05503294053229732,-0.004004889270349987,-0.05834075736088113,-0.09349913681508992,-0.11173346489654445,-0.12289294822246981,-0.13721346243773208,-0.15302771652033526,-0.17551467562352002,-0.21532798230790995,-0.288518583054602,-0.3962756655590276,-0.5174473778441886,-0.592022544030682,-0.6037026252545971,-0.563213469919276,-0.45905521502704205,-0.3178690290318898,-0.19559041062097593,-0.11644136467544318,-0.07869816880825287,-0.06855019877629902,-0.07647802017440111,-0.09624567196868065,-0.12606026426536587,-0.15659145943630554,-0.17881259417242817,-0.1997189162584458,-0.22402233325098417,-0.248059413386467,-0.2661544637332576,-0.2681027573600158,-0.25163743192473753,-0.22424056651880686,-0.19541677688882764,-0.17363112089082114,-0.14583340678504164,-0.09326012132628525,-0.004579491602541474,0.107880058476652,0.20892353663022326,0.26934465075279407,0.28327977217132944,0.2555341924323556,0.1981186919897482,0.12903031549156047,0.06704667609048301,0.0218744129371269,0.0022759145514850646,0.013723174086903258,0.059777131627954054,0.1317433199834874,0.22236395672461434,0.3172400613579321,0.3959749218333566,0.45585347935968695,0.5032560982950716,0.5364032964740402,0.5420983661868882,0.5068322373884463,0.44787862110999316,0.394740047144611,0.34307299881125586,0.28385069266070345,0.21626809005825115,0.15299815568622022,0.10697566704773777,0.08221901489642197,0.0702193801063099,0.06172327361242889,0.050787133270814994,0.03359943100466844,0.012505218401513495,-0.002665483870958399,-0.00926109461843568,-0.006792788585374976,-0.002882485077838155,-0.010383403057971,-0.03330873379151794,-0.06712124883022419,-0.09864076906319011,-0.11828894048906793,-0.11790290424855608,-0.09839888860079085,-0.07103675712705067,-0.05859995119597964,-0.08297598748710865,-0.14552707769755216,-0.22588384091155683,-0.3075860191441095,-0.3802582485310505,-0.4513592211623888,-0.5207006318929944,-0.5728780489864215,-0.6050823953033997,-0.5949592745914223,-0.5461029359531955,-0.4896766024979149,-0.43832832787637316,-0.39305313246056206,-0.3578833095279882,-0.3313113523922587,-0.30287683559632583,-0.2730430429082205,-0.2520606758597068,-0.24349276470535597,-0.2293926018629901,-0.20408895015903425,-0.17611468339736264,-0.15427434804643161,-0.1426202929036849,-0.1395192711811553,-0.1450524432327077,-0.1576932441423276,-0.16934886054404294,-0.17098418044867647,-0.15996394224521607,-0.1417686605522874,-0.12334850596329436,-0.10563112520072593,-0.08283476656693207,-0.05405435108448794,-0.017101782673995536,0.028329053925237012,0.07127228594979196,0.10127390279175394,0.12348472879139538,0.13928485116946057,0.1496133813051784,0.1552189857965255,0.15321903505077683,0.14472229224265812,0.14391147075838856,0.16139222205192458,0.20604733795555447,0.2626138530986531,0.31235542080626183,0.35076928830574233,0.3931766099273461,0.4410769833955882,0.4854419539909565,0.5161120349298187,0.5151465305925756,0.490082784152392,0.468256628144219,0.4649472446031569,0.46704112740457293,0.4621443568842181,0.4366880876623307,0.39898989123230116,0.3555141874010201,0.31023153652825525,0.264883903686162,0.22667012971161535,0.1968718355072049,0.17503557394082575,0.15787171122486823,0.14255724609809792,0.1261532333863832,0.10909343075235406,0.08859013861035903,0.05869492967511803,0.01999393137904218,-0.025115015926590788,-0.07479341418391232,-0.12654900446629522,-0.17815735915302186,-0.22475485001007037,-0.27371371940406397,-0.33541968553814266,-0.4122591090396542,-0.48933414935703967,-0.5626094779391128,-0.6166676014886942,-0.6423873674097953,-0.6316538421981482,-0.5976277205933384,-0.5606888396828394,-0.5308443954251757,-0.5097596013445953,-0.48638500247643063,-0.46859061513514316,-0.4564997030741698,-0.4501834156334117,-0.4446396996340034,-0.43320637626706593,-0.40045490764492125,-0.34089890899301317,-0.26180316896317557,-0.18403669382678922,-0.13016830349210548,-0.09744641871538859,-0.08660346384087214,-0.09255580966019586,-0.10377341031565507,-0.1210345080883911,-0.14019207564975916,-0.15801322174497057,-0.16399390713352133,-0.15565106898775777,-0.1327971626840326,-0.10082247109114245,-0.07240222511228019,-0.0452933363766764,-0.01792900707820204,0.007711055149536316,0.0308884511064187,0.05878490898836746,0.09742856283485378,0.14110977430474866,0.17816031728966325,0.19525436405258073,0.18492912538374529,0.15541407451339245,0.14297511485574976,0.1777711856646763,0.23582282402254912,0.28187243716388755,0.3104752206314162,0.3329508136462173,0.3555941431037187,0.37410111915188116,0.38634459605208216,0.38935517813071086,0.38309445449297735,0.366399815727892,0.32922148619961344,0.2687390621560537,0.1989352165897028,0.14087400542867498,0.10237328276408411,0.07877426180564326,0.0680540927419301,0.07002449626145783,0.07773230181373217,0.07904995664754125,0.05870567774143619,0.013127852978860202,-0.04166833128266116,-0.08163457086764994,-0.08894748655148145,-0.06328061981010998,-0.014988957090815987,0.031035666889043,0.03944049547201854,-0.012602675802330387,-0.11976163166080243,-0.25668292206545407,-0.38547105226780587,-0.46909416196063114,-0.4997228742976217,-0.5081686477014873,-0.5195474017672315,-0.5622170439478523,-0.6005626116844657,-0.6002112372375978,-0.5640895043180311,-0.508098885136348,-0.43747385094563646,-0.34529373021784665,-0.22796766330238785,-0.11058878044308351,-0.026629302788345167,0.013045388481996142,0.02073293354738698,0.00828356620769317,-0.02079894821664978,-0.05798622666817193,-0.10227821863553924,-0.1485573398567354,-0.18938200043679926,-0.21460439703439652,-0.2164282779702639,-0.19506365180086735,-0.15834554937339274,-0.11401386367805519,-0.0682243492732457,-0.024712998842587344,0.005358457579339682,0.01816572388180007,0.019591214244530596,0.03033129757105294,0.05577279988667031,0.09144921475834623,0.1260433725604706,0.14882157709485858,0.15884989423472898,0.15899138806661894,0.15421118200773937,0.1603445297157773,0.18628185678813639,0.2348010775402155,0.28063503493644315,0.293620359980757,0.2839206616704553,0.26569910295557114,0.2512884290006796,0.2421717012397475,0.24133512590189943,0.24456299666792486,0.24188750417139707,0.23179376743129343,0.21526104104524846,0.19614765260907388,0.17581195999829963,0.1551896764134398,0.13350167939563667,0.1179446683291177,0.11452234372479099,0.12143923864584098,0.13122676927107313,0.12858544505938832,0.10646070418040751,0.06782427203702156,0.016232091144078902,-0.032564876459204625,-0.060584371312504326,-0.06445973934214652,-0.056140639905376405,-0.03585342716461376,-0.008544740169693572,0.009800514686751296,-0.013348220668380265,-0.09076190231249598,-0.18131804225841539,-0.24524322861618905,-0.28477475512963435,-0.3188565183991912,-0.34270496517065796,-0.35596459769949945,-0.35595567780643944,-0.35003550959070834,-0.3482770365040498,-0.3609738131945337,-0.3678519705883244,-0.325393382353624,-0.21025979517409055,-0.06319809344786396,0.06116993721267048,0.14104912810947243,0.17998717217017215,0.16324865070143132,0.11773150299537787,0.06823632561107444,0.012941762366083267,-0.04744296744240832,-0.10134613057919326,-0.13356713174699872,-0.14400523360252807,-0.13660679927195366,-0.12010583731336559,-0.10742652081023699,-0.1047773188489836,-0.11215893483931898,-0.12810547195678545,-0.14361502601827517,-0.14869948116910367,-0.14215313562596302,-0.12297691127756816,-0.09815792338388821,-0.0839165915502098,-0.08923602404879108,-0.09860327659794224,-0.09090650331882266,-0.05416688371294777,0.0115630359635242,0.09016118909143442,0.15859954514807378,0.20421686843555192,0.23867565129323653,0.27086043176717034,0.2849857008854512,0.24571765864378334,0.16470868448507164,0.11537997409014278,0.11053735680131013,0.10615826134264404,0.07891515014869467,0.04019595937503149,0.010313654478136113,0.0031463598253069214,0.009659786243068286,0.021122698243390255,0.0323872066085656,0.036969610840950684,0.03329232549161277,0.027402896325235262,0.028413494711881343,0.041142653742330254,0.05822976555070375,0.06896780372734546,0.06559860838842667,0.05074719512596667,0.031676175925884356,0.01421893481453682,0.003654778830599731,-0.00012662418131138551,-0.009265894109700676,-0.031112455115294386,-0.057058338419602596,-0.08018102842669864,-0.09656009018553872,-0.10758226488292096,-0.11007741256899312,-0.11429588167625303,-0.12811353125746816,-0.16285403699384304,-0.22477280556525397,-0.30949537553853773,-0.40446766186189775,-0.48946384159246586,-0.5541684476275817,-0.5876367480268839,-0.5803938963066849,-0.5378213480341516,-0.4827067463510209,-0.43615819229025465,-0.4030977715293609,-0.37421903475253154,-0.34226713569033124,-0.3089793187509687,-0.2806695738245982,-0.2565028261046931,-0.2325498409670851,-0.20665682276090933,-0.178477075633951,-0.15272206673511807,-0.13165722815655612,-0.11272215641868706,-0.09128970452579435,-0.06627749200711305,-0.045140674036650785,-0.03254299408789712,-0.023584599012368132,-0.012968457548703741,0.004334466205523577,0.02919988370637322,0.06202182790133458,0.09488645199564114,0.1214283934534665,0.13512396538413546,0.12995616896349743,0.11537844980925828,0.1047788129324653,0.10579931215558759,0.12509836007238526,0.16991445163468447,0.24321186821279922,0.3463497473746264,0.46286963623177013,0.5072816405462257,0.45751789360094797,0.38261982533471733,0.3292085412140634,0.3009366766768479,0.28315964707274976,0.2671759639028939,0.2454318254613037,0.21714021782734322,0.18121243950689297,0.14619072847412035,0.11722545747537577,0.09461639534418995,0.07478177166000756,0.05979512259449939,0.05047581885567699,0.050618431587122446,0.05889362597697555,0.07446904076591432,0.09546435011300057,0.1196672756358657,0.14177760504486467,0.15370400286419145,0.14717599982905444,0.11439197360465389,0.059772479626699036,0.0011159244133369579,-0.04552406699445933,-0.07215790745959379,-0.08292822725484218,-0.08172406556965973,-0.07049910069017779,-0.05189627990072687,-0.03730979068993006,-0.04019927115541887,-0.06012078178866323,-0.09175684114883903,-0.11767972407116466,-0.1307648286725246,-0.13954040998556974,-0.15683148422415286,-0.18807289633833457,-0.23981240464026768,-0.2954228171227109,-0.3407911201794907,-0.364667884358056,-0.3680883706859818,-0.3646001940495876,-0.35871050775053753,-0.3427789922417354,-0.3083027744237373,-0.2554145187514184,-0.1970869800918881,-0.14865007308942058,-0.11646556164884311,-0.09881446771732529,-0.08977697766763307,-0.08551653679680966,-0.0820051991254413,-0.07855622145009508,-0.07766958187268924,-0.07997290648273905,-0.08147416326178962,-0.07969557791406627,-0.07432856337126907,-0.06754996058293435,-0.06138903156042406,-0.051919939265485,-0.036254228324452575,-0.016184152570198115,0.0038753927905855394,0.020952626895198223,0.02797155475168082,0.021465190740890712,0.0074826484099275465,-0.0027794016387059483,0.0015645590307506454,0.03619161407985365,0.10901669705921467,0.20161052759599765,0.2680759016647478,0.2695885028735464,0.2024952147792414,0.14952612571531934,0.156822867915869,0.18200458937041647,0.19492683032053143,0.1914129674647218,0.18818403437037848,0.20143818688715318,0.23198446636652095,0.2676290262987236,0.28475764661136155,0.2711609510476104,0.22369782118140022,0.1574975247794486,0.09471223410668889,0.04727365824352536,0.021920461342762307,0.02148505576884548,0.04008315499035065,0.06257304998297913,0.08099234815825154,0.08918631678426289,0.0863215826557309,0.06938063200469662,0.03746646845171414,-0.007439937664688003,-0.051039327738208816,-0.0822124805591452,-0.10370558140994694,-0.11603046686487915,-0.11401217275439948,-0.09125742565770098,-0.048349071641677,0.007789837989938768,0.059794416881943334,0.08383951154518018,0.05902116914157627,-0.02040932985660572,-0.13733905148328737,-0.2673217854734048,-0.39386065151428706,-0.5100482221181007,-0.5999943379836254,-0.5913505805965608,-0.47745265653171226,-0.36068810155238656,-0.2823700257573272,-0.23870007896930281,-0.2210900029916785,-0.22579361436585157,-0.2491778707847757,-0.2743235552756807,-0.26449753707578955,-0.20660951456435792,-0.13481536876023198,-0.09014741673901634,-0.07656160565014186,-0.08415557148226904,-0.09958690934197047,-0.11536049655735366,-0.1243186957299666,-0.12448290628158906,-0.12093397799816957,-0.11755277896647587,-0.11100886344569762,-0.09665343795391658,-0.07286164772522383,-0.0479937979308569,-0.02712152604825801,-0.006414632509948162,0.01606725948510074,0.040201301835418084,0.06585061503225259,0.08953364124746394,0.10867349744762873,0.12246006033898875,0.13394665461398914,0.1514836422261052,0.18423851597525956,0.22656200435887347,0.2443353150431283,0.23854034913694142,0.23485998600944,0.23753319990400049,0.24823146656106523,0.2569629838719428,0.2410678715538649,0.19268221930778737,0.13046100179312348,0.07245938091874762,0.02934113704318874,0.005110205620332263,-0.003835437352278479,0.0011896777691905213,0.020140806508437928,0.03362847515609715,0.029547880425757633,0.014590988219342646,0.00679975825359526,0.010851826011298516,0.03205856229282771,0.0695515498880883,0.11482224444367344,0.15504786540807422,0.17323666961732795,0.16070888105697298,0.11992248361946414,0.06508445405730669,0.009569695257034693,-0.037335972865530385,-0.07635057401750653,-0.10756910406395993,-0.13258964225171588,-0.15668754219847425,-0.1881792248100132,-0.2262124225269969,-0.2720055328310505,-0.3215458911853421,-0.3575398130568696,-0.37552474857256984,-0.3784657919598018,-0.37651733383657887,-0.3965685379531313,-0.41921030671556825,-0.4102827628423063,-0.38028928456909844,-0.3432294370128574,-0.3149260455372144,-0.2945739499462679,-0.2725939150863959,-0.24469644134241772,-0.21739050202890775,-0.19681667597222263,-0.18955559489252222,-0.19732583029880163,-0.2088880140496116,-0.2183701620678714,-0.22351898410533183,-0.22433652675975405,-0.218684113198834,-0.20228362653605142,-0.18034699059792308,-0.15721117510659294,-0.13094978889588568,-0.10209901030467956,-0.07311433434798444,-0.04531493067019466,-0.023500342807384875,-0.007466126314422845,0.0018817192981681842,0.009438097959561527,0.017211966174025005,0.030392352978950668,0.044276200587126106,0.05292213504185645,0.06085327368012604,0.08508984210138536,0.12385676955298044,0.16398262056377833,0.19655507959757815,0.2336592581914785,0.2712580038865032,0.28878105758352457,0.2778453495430987,0.2500210785247124,0.2216933638163571,0.19029427481810898,0.16321293052669622,0.14226825279538532,0.12302102637372545,0.10250429742854705,0.08323511451369316,0.06663224822977593,0.06397117915423076,0.08048240035741823,0.10899259568283672,0.13604825409241358,0.1531704025175696,0.1569969845504829,0.1478130030064255,0.13248155430989222,0.11434192864677552,0.08738830809478693,0.05743183674993668,0.033556451326407125,0.025994841682027554,0.03602775136238487,0.056608368494652346,0.07935983071170322,0.08934972991719087,0.07203911721036105,0.028937166803896346,-0.02660473088109126,-0.08045293368936361,-0.1281557041775235,-0.17115577823354008,-0.20792752959634195,-0.22452293909657886,-0.20851640196675428,-0.15980352658030675,-0.10081423904791807,-0.056445520281815376,-0.050616088652116996,-0.09879129928760912,-0.1763266494763717,-0.26139505447159606,-0.3212717201232187,-0.34320407932978253,-0.3360139033032005,-0.3125319382337656,-0.27772053599062824,-0.24053149304378038,-0.20507001081074427,-0.1730486788874671,-0.1554257667694329,-0.15386829147653047,-0.1532836015728394,-0.1424374802868051,-0.12270619372295627,-0.10078118574589583,-0.07989687321758183,-0.06251848235792147,-0.0521644902217151,-0.048669562896611285,-0.04259366672678048,-0.033592398328425865,-0.02374690297135547,-0.00890847429029401,0.012923358530205278,0.04619298236121031,0.0812364604880233,0.11281654148574091,0.13188343317746654,0.14294399496132024,0.14740128879870798,0.149921536322661,0.14106676933724255,0.11059317032117932,0.08156194203678656,0.09466681546966722,0.18473515467615503,0.34524505319438065,0.48510048756140983,0.5280663540498962,0.4963756812687644,0.4274914475442254,0.3544326066545631,0.29020019584488943,0.24179391727908545,0.1985419981437657,0.15035695929292034,0.10789281878606823,0.07687966930684026,0.057595968191748115,0.043979291380359005,0.03474854884373199,0.02754657726059326,0.02190865022530089,0.013306752457073731,-0.002042866627274108,-0.014108752645669449,-0.008431036348914437,0.02586939801354103,0.08543662794239863,0.15361154147539782,0.2052563710060231,0.22623938073899796,0.21455662711617227,0.175005302084651,0.12110534670084025,0.0631022162236448,0.013618224932615379,-0.01962829400949904,-0.0359065453475884,-0.03320660128208486,-0.01606224332671249,-0.0037335099213558582,-0.00811560348036585,-0.05086854497254999,-0.1313950944677826,-0.21728957864060122,-0.28330587601425844,-0.3364547162133597,-0.3781405296290342,-0.40489573053157857,-0.40095892004292916,-0.3650981700910614,-0.3210771298952261,-0.29171973118715594,-0.27146515187742976,-0.26301137067474883,-0.264598785510016,-0.2637561400899423,-0.25096980886877757,-0.23087701238544336,-0.21053165501817048,-0.1973379429091888,-0.19533945912408845,-0.20135838299887313,-0.2107958671215479,-0.21545039707535574,-0.21662252222921036,-0.21700942427530232,-0.21991609633483014,-0.221354670378705,-0.21594629728076914,-0.20274438884072715,-0.1844284342246096,-0.16385230432836753,-0.15183808621869205,-0.15892331688796624,-0.18427946594102879,-0.208953712985248,-0.19785277698795575,-0.1302012073216313,-0.015107218625335952,0.09804576517360002,0.15976253696083487,0.17274768625694878,0.15653072982349042,0.13127455764968302,0.12215599966882518,0.15051636198680748,0.16940276574602559,0.16713756647753067,0.1752925642557283,0.19751925183462207,0.23217166325619176,0.2597341070070588,0.26981379796680754,0.25569320464712986,0.2244356494003168,0.19147056636866877,0.1660232831193756,0.15817986888941535,0.1661372335771082,0.18040799965375318,0.18895567397996824,0.18757255317603116,0.17286193360715865,0.1476245369217572,0.12071301439771397,0.09503552024607018,0.07515877273814278,0.058184821847365335,0.04309215690088731,0.028543776105516408,0.015016314846169334,0.0028448828312524856,-0.00847293745235209,-0.02291916715856659,-0.03452987760730552,-0.04666579837354751,-0.06503749334516731,-0.10049410218687144,-0.15749296774707855,-0.21749713738680712,-0.26094405121271447,-0.2828125850930763,-0.29166799114965525,-0.3010193269933689,-0.3106634732121407,-0.3430281076268396,-0.3778202381106885,-0.3884022082928037,-0.3814471948620461,-0.35817106346427924,-0.32615335055357747,-0.32274244431394367,-0.3544916448097179,-0.39574576175747084,-0.4162772489505707,-0.4034352737763559,-0.3572182877377113,-0.29121023989567874,-0.22601456837814754,-0.17745242723141336,-0.1447234225895437,-0.11863281870873509,-0.09819778952142814,-0.08368985952169371,-0.07486473275875753,-0.07249422278104677,-0.07590933065307422,-0.08045481723042536,-0.08188429549530733,-0.08527465582208012,-0.08638490808001136,-0.07808357008569876,-0.04913736301724771,-0.0036984644528869778,0.04120782932384612,0.06945985406122293,0.0694773660256878,0.043374219063480865,0.0037755060975838577,-0.037737504201507684,-0.06364783267710762,-0.06108333504715353,-0.03783028661950799,-0.006233898497718845,0.02430031476004398,0.04801278018989784,0.06647360826001324,0.0998347227161258,0.1642456945485624,0.2596989682765525,0.34563462333452133,0.3872147898524584,0.38438583368738793,0.3444897833051285,0.270152765004469,0.17611622728993165,0.0986205688767083,0.06417573622145707,0.07382926038661784,0.10280124348717685,0.13297116010116952,0.1511423555659836,0.1549665345410081,0.14969065281112623,0.13648772641399617,0.10555627512845694,0.055389823159999706,-0.007291932555205554,-0.06781997292993296,-0.10987641275785415,-0.13279569730557975,-0.1410206227307812,-0.13001223399604453,-0.09564300193648918,-0.053669691592382544,-0.02585844758170854,-0.022634066359353295,-0.0300262985004039,-0.032812382177126904,-0.006565689781659822,0.115450969801227,0.5270311700392538,0.5620611075707915,0.3038241725948987,0.14086108121057797,0.017134805137461327,-0.09411857569247997,-0.19153221440253118,-0.2684692811082202,-0.31321838377519234,-0.32322687024177493,-0.29707352915808805,-0.2444216184564013,-0.18198834902365021,-0.12608225925797614,-0.09200863167601345,-0.09675647828672818,-0.15159652660139517,-0.23119827680081173,-0.2870913363530956,-0.2980897769797079,-0.27753087627164214,-0.24148691267743463,-0.20061814340787298,-0.16309663052704984,-0.1288405130548321,-0.10546392721720098,-0.1012038198412903,-0.11555953222443928,-0.1381135112386162,-0.16408161515965014,-0.1887490105484708,-0.21079775900532133,-0.23561355506270348,-0.26462305205809605,-0.2823066573567348,-0.26818896773350565,-0.2003764974453439,-0.08948965340558841,0.016758639623926985,0.08937843662154282,0.13854924843792352,0.18442558736032938,0.22079309321442603,0.23877479545443378,0.24377907302337667,0.253383717314927,0.2709179652886365,0.29511720855957463,0.33371640287021326,0.3848211162322514,0.43483108750134963,0.4653183751960497,0.46581269757464133,0.43289442645323073,0.37911910396567805,0.32490481241141905,0.283515151437549,0.2563722510227489,0.23901090804230726,0.22347818448034862,0.20063117327098864,0.1714369894218673,0.14094862349801843,0.11183358362111961,0.08376833572403904,0.05644592666633895,0.029774453888676437,0.007463154324540396,-0.007936909555029358,-0.011426074224113765,-0.008428776155682828,-0.006723108495866445,-0.008647253210202085,-0.011411108342341686,-0.010961874266256846,-0.00932161261917117,-0.01434695400624146,-0.028676316146271925,-0.06265957027565346,-0.12018967351077937,-0.19392790458556217,-0.26522346381274153,-0.3210914819645937,-0.36670443680204534,-0.40242874821990315,-0.406610505287777,-0.38655980700649817,-0.3728381581113536,-0.3713357107574118,-0.3689766447942266,-0.352699067027753,-0.33119849742994634,-0.3186713641163527,-0.3134561212644957,-0.3068667986437819,-0.2967292724388869,-0.28010730056484484,-0.256669604389415,-0.22047412799480304,-0.17277321251866204,-0.1220348608322575,-0.07937242149392067,-0.048207137199490546,-0.026456324362829336,-0.013968107963005771,-0.007539660451334152,0.0009709966554390988,0.01317815913213306,0.01876441773961734,0.004627669363147529,-0.029731886121399077,-0.07418593728784587,-0.11609351682530215,-0.13703386697466965,-0.13311630632257923,-0.1171960078627656,-0.10841805621024604,-0.10493731723979803,-0.10495924535860998,-0.10897760198026868,-0.11379431703949477,-0.09939958199003203,-0.04848780191748324,0.07303737026066988,0.23967479104164904,0.2978749107460073,0.24888795473991218,0.19072348020603602,0.13852905067178667,0.08233724377913894,0.03172968360655819,0.0019007886844291941,-0.019666340566446453,-0.03550189070077344,-0.048305812882125355,-0.04727126318144876,-0.031015276388691424,0.00017683566054304455,0.03802528886700256,0.07121933146339691,0.09201164261668716,0.10259199855113844,0.10534072617570862,0.1063317060902644,0.10080453768400459,0.08235353831286228,0.060227376828447005,0.0453495474724882,0.04833676515453345,0.06457340772762166,0.0887376210473653,0.114796548472147,0.13677485017619773,0.14787247739340353,0.1370873085653484,0.10168430451784859,0.060115982722046955,0.02734920878318758,0.005893527566869575,0.0035667677589534892,0.02767044264040258,0.05949803568206562,0.05457789895494721,-0.04200106527829788,-0.18775368539122758,-0.2876756518128829,-0.3086315932887617,-0.2838154322431877,-0.24670307305291364,-0.23217623939673013,-0.24285028071949502,-0.25563615428512954,-0.250521245930517,-0.22600541346980363,-0.1920503491444948,-0.15897875877486875,-0.13350336440376973,-0.12645860466769032,-0.14196444786968285,-0.16226270807359602,-0.1777638795513783,-0.19145002035843994,-0.20164063762676065,-0.2046346394101056,-0.19904589633947686,-0.1915133126174316,-0.18545704216291842,-0.18205762946288082,-0.17562063488476262,-0.17159708243219146,-0.17355432276623692,-0.1748565375049842,-0.16207965056655374,-0.12819095717727658,-0.07879323899269605,-0.03199219386877311,-0.0018977733697447278,0.024173759056486017,0.0639487572271254,0.12739329657165266,0.19950112890582464,0.2549858810883568,0.27924591768323237,0.29965301095135183,0.3340468500350101,0.3685871985167234,0.38466954369718964,0.37017123060920915,0.3389564330152554,0.3024449860958147,0.2816836514912788,0.2846603684389981,0.30224697823056057,0.30314443773963834,0.2744902028514898,0.23194545307842132,0.19902160799188276,0.187386717081442,0.19260540006660667,0.20330289822499825,0.20515730799807558,0.1891803542907947,0.15848051316381875,0.1261752965211714,0.09481903619837528,0.06781906653997002,0.041878494271366036,0.016954067530463347,-0.00918339527641711,-0.02999000273593904,-0.039130210693495406,-0.036709619470820555,-0.031236072955735935,-0.031568139206510984,-0.04095022384457226,-0.05370186203800733,-0.07007987683227554,-0.09156480119653483,-0.12180450284810995,-0.15637637741162752,-0.18660434367664777,-0.2185900985145323,-0.27920188475704144,-0.35614450549964133,-0.38880332101104587,-0.37082390293529505,-0.34106969976381746,-0.3150166369811747,-0.29924658610274313,-0.29306288003527936,-0.28861953170415094,-0.2736405989877051,-0.24886573671510356,-0.2123666282770877,-0.1698395535473918,-0.1391659200311701,-0.13407293488046187,-0.15217111689264387,-0.1720693944767425,-0.17623720249157274,-0.1726924185179339,-0.16777370654408968,-0.16229981321179118,-0.15054431366276477,-0.1283304202018144,-0.09876686161888858,-0.07041725433394756,-0.04694117161753318,-0.03351325082313029,-0.025082788005020992,-0.018413473248595328,-0.00970071005902381,0.006699629175876387,0.03472385322061244,0.07277103439304676,0.1054336688869917,0.1290304953319638,0.14492607279693892,0.16050377025727763,0.1852097467940991,0.235152802498216,0.3180702809188973,0.4045284653407041,0.44299061127241296,0.4179423627060655,0.3728552377107316,0.3305812957767126,0.2961434829266456,0.2576699721360416,0.20098576691733183,0.14176398033898469,0.10556131714874498,0.09697429752245769,0.09947537701941289,0.10596242132308781,0.1107388688144697,0.12018636555882468,0.14377407712828444,0.17729566945231434,0.2089959448403873,0.22220884447981748,0.1948136726556407,0.1451719689524609,0.10416350672035915,0.0960983849798952,0.10876151853846884,0.12996992084848583,0.14247967293537903,0.13208937191291661,0.09944917548951737,0.05618936445106208,0.014244459356428502,-0.021371673273462396,-0.04117505768677013,-0.04181761523157047,-0.025894012649615362
